1	250.6397	249	35
2	250.6189	246	29
3	251.1400	245	19
4	250.4108	246	20
5	250.4315	248	30
6	250.7020	251	32
7	250.3481	251	32
8	250.3688	248	31
9	250.6187	246	30
10	250.6605	249	24
11	250.5146	248	26
12	251.1814	247	20
13	251.5772	244	20
14	250.4316	245	23
15	250.7437	252	33
16	250.5982	243	21
17	250.7855	251	32
18	250.2438	249	30
19	250.6608	245	26
20	250.8899	245	23
21	250.1818	242	19
22	250.9106	246	25
23	250.2233	249	27
24	250.4727	251	36
25	250.2442	251	28
26	250.0772	249	30
27	250.7019	248	34
28	250.5769	249	33
29	250.8689	244	23
30	250.0358	247	30
31	250.3693	240	16
32	250.6394	250	34
33	250.0565	247	26
34	250.4730	249	33
35	250.6401	244	24
36	250.4936	249	32
37	250.2234	241	26
38	250.2852	248	35
39	250.3481	246	24
40	250.8275	246	26
41	250.9314	245	25
42	250.1395	251	38
43	250.1402	241	20
44	250.3066	250	25
45	250.3066	245	24
46	250.6398	251	29
47	250.5560	248	36
48	251.7019	252	27
49	250.0357	248	28
50	251.2648	241	19
51	250.7232	247	26
52	250.4314	242	33
53	250.4943	247	21
54	251.1608	248	18
55	250.5564	242	24
56	251.6397	249	25
57	250.1189	246	35
58	250.0774	246	22
59	250.3690	246	24
60	250.8685	249	35
61	250.5145	244	31
62	250.3272	251	32
63	250.2025	249	26
64	250.0150	246	31
65	250.8689	244	24
66	250.3272	248	22
67	250.1608	244	25
68	250.6395	248	29
69	250.5983	246	26
70	250.0983	241	25
71	250.4731	247	34
72	250.3067	246	25
73	250.3273	251	24
74	250.0357	248	28
75	250.1195	245	22
76	250.8690	241	24
77	250.7440	243	20
78	250.8061	245	33
79	250.0775	245	24
80	250.6185	247	32
81	250.9105	245	32
82	250.7021	246	31
83	251.5141	249	28
84	250.4313	248	32
85	250.8687	248	24
86	250.0145	250	38
87	250.8689	245	24
88	250.3479	249	31
89	250.2645	254	35
90	250.8693	239	23
91	250.1191	250	26
92	250.1398	246	32
93	250.8480	247	22
94	250.7019	251	37
95	250.0776	239	22
96	250.8893	251	33
97	250.1189	246	24
98	250.0567	246	28
99	250.7232	243	22
100	250.3897	251	29
101	250.0147	251	35
102	250.8484	243	23
103	250.2859	241	20
104	250.8480	250	32
105	250.5982	240	26
106	250.5566	246	26
107	250.6397	245	24
108	250.2650	246	23
109	250.1607	243	28
110	250.8687	248	25
111	250.3483	241	22
112	250.5774	246	27
113	250.1399	251	27
114	250.1400	252	31
115	250.0359	247	25
116	251.5977	244	31
117	250.0775	244	23
118	250.2024	246	32
119	250.8483	242	16
120	250.8478	246	27
121	250.2234	244	25
122	250.3271	251	29
123	250.1402	243	22
124	250.7647	253	33
125	250.1194	245	26
126	250.4106	244	27
127	250.1197	242	14
128	250.4940	246	22
129	250.2024	248	26
130	250.6604	245	29
131	250.5980	240	27
132	250.5357	244	24
133	250.4731	245	21
134	250.6815	245	25
135	250.4941	248	23
136	251.6603	245	24
137	250.3485	250	24
138	251.2439	244	26
139	250.6817	249	25
140	250.9317	244	17
141	250.0570	244	24
142	250.9105	246	23
143	250.4316	250	27
144	250.3062	248	30
145	250.1815	251	29
146	250.9309	245	36
147	250.1610	247	30
148	250.3063	248	33
149	250.4937	245	31
150	250.4730	245	33
151	250.5774	244	21
152	250.8062	246	30
153	250.1817	242	26
154	250.4519	250	32
155	250.5773	245	26
156	250.8477	245	31
157	250.0985	245	23
158	250.4312	246	35
159	250.0358	244	27
160	250.9102	253	34
161	250.0149	252	34
162	250.5357	246	33
163	250.3483	244	21
164	250.5566	244	23
165	250.6814	250	32
166	250.4940	246	26
167	250.5358	245	24
168	250.4942	250	27
169	250.4938	247	32
170	250.2441	245	31
171	250.4524	245	23
172	250.1815	250	31
173	250.5355	247	36
174	250.8481	245	23
175	250.7231	249	32
176	250.3892	254	36
177	250.6399	249	22
178	250.2649	245	28
179	250.3480	249	31
180	250.8478	252	32
181	250.5564	243	28
182	250.4522	249	28
183	250.6813	249	25
184	250.5144	252	35
185	250.4940	243	23
186	250.6813	249	29
187	250.2022	246	30
188	250.0774	248	27
189	250.4733	245	23
190	250.2440	250	29
191	250.7230	247	28
192	250.8066	247	30
193	250.3484	251	24
194	250.7852	250	34
195	250.3066	248	30
196	250.9106	248	30
197	251.7226	249	30
198	250.1403	248	25
199	250.5151	250	27
200	250.7441	249	20
201	250.8066	242	19
202	250.2858	244	23
203	250.1608	251	34
204	250.6817	240	18
205	250.0986	246	23
206	250.3689	247	32
207	250.0151	248	25
208	250.2436	251	37
209	250.7643	251	35
210	250.5152	251	26
211	250.6812	246	27
212	251.5559	252	30
213	250.5566	248	31
214	250.8276	241	21
215	250.3898	243	25
216	250.3691	251	26
217	250.7645	246	33
218	251.0354	243	27
219	251.1190	248	22
220	251.3270	249	29
221	250.8064	244	26
222	250.4519	248	34
223	250.3690	244	22
224	250.3484	251	29
225	250.7234	244	22
226	250.1816	243	21
227	250.6814	245	25
228	250.4524	247	25
229	250.4316	246	24
230	250.5149	246	29
231	250.2855	249	30
232	250.3896	245	36
233	250.0565	246	26
234	250.6397	247	30
235	250.7233	248	26
236	250.3063	247	29
237	250.0149	251	25
238	251.6599	250	35
239	250.5565	246	19
240	250.7647	251	28
241	250.4522	247	31
242	250.6603	251	32
243	250.2440	244	28
244	250.6605	246	22
245	251.6601	251	31
246	250.2647	247	31
247	250.6815	249	24
248	250.4107	248	22
249	250.8689	248	30
250	251.2432	254	39
251	250.3896	246	37
252	250.1611	249	23
253	250.5148	248	27
254	250.7018	254	40
255	250.1814	248	31
256	250.4106	250	28
257	250.2438	251	38
258	250.7017	252	36
259	250.7649	245	21
260	250.5151	245	16
261	250.2444	246	26
262	250.0149	247	29
263	250.4315	246	25
264	250.7234	240	22
265	251.2226	251	35
266	250.3481	246	27
267	250.0566	248	31
268	251.0349	246	41
269	250.1814	247	26
270	250.4731	249	25
271	250.7643	253	37
272	250.1194	252	31
273	250.1604	244	28
274	250.1609	244	21
275	250.1190	246	27
276	250.5979	249	28
277	250.5565	247	24
278	250.0361	245	21
279	250.5771	246	32
280	250.2857	247	26
281	250.2857	245	21
282	250.7231	249	25
283	250.7857	248	28
284	250.0356	245	33
285	250.4314	242	26
286	250.7024	247	25
287	250.4733	251	28
288	250.6604	246	27
289	250.4105	252	30
290	250.3898	247	25
291	250.5148	245	26
292	250.2863	243	11
293	250.8267	246	36
294	250.2229	243	28
295	250.9313	252	31
296	250.5979	247	31
297	250.8067	245	17
298	250.7437	243	30
299	250.1604	246	30
300	250.4731	246	26
301	250.5979	243	31
302	250.2227	256	41
303	250.5145	246	36
304	250.5982	249	26
305	250.0569	238	27
306	250.4104	249	29
307	250.4940	247	26
308	250.0566	246	28
309	250.5357	249	25
310	250.6604	248	36
311	250.7650	244	19
312	250.6189	249	30
313	250.1818	243	23
314	250.3276	249	22
315	250.8479	249	29
316	250.4317	244	21
317	250.4107	245	30
318	250.2235	244	20
319	250.2439	243	31
320	251.5976	247	30
321	250.6606	242	22
322	250.0773	248	32
323	251.5562	245	26
324	251.5354	250	30
325	251.6604	244	22
326	250.7854	252	30
327	250.3894	246	34
328	250.4105	249	32
329	250.9104	251	35
330	250.5148	249	25
331	250.9310	248	31
332	250.7438	245	31
333	250.0981	248	29
334	250.4937	248	30
335	250.6606	246	26
336	250.2440	246	29
337	250.5775	245	28
338	250.4524	241	28
339	250.6814	252	34
340	250.3694	242	25
341	250.4937	248	30
342	251.3477	245	27
343	250.8897	248	30
344	250.4312	247	31
345	250.8691	243	24
346	250.4318	238	22
347	250.2648	250	35
348	250.8691	247	21
349	250.2857	246	26
350	250.8065	240	22
351	250.2445	249	20
352	250.3271	248	33
353	251.5562	249	28
354	250.1817	249	28
355	250.3064	253	30
356	250.3065	248	24
357	250.0568	246	24
358	250.5774	246	22
359	250.9313	250	27
360	250.3899	245	26
361	250.9314	249	28
362	251.0562	242	26
363	250.0358	246	28
364	250.2854	250	39
365	250.5357	246	26
366	250.4724	251	43
367	250.8692	246	22
368	250.2857	244	27
369	250.4522	246	30
370	250.5565	246	30
371	250.8271	246	26
372	250.0980	252	33
373	250.0357	247	30
374	250.4524	243	25
375	250.8271	252	30
376	250.8686	247	28
377	250.9108	246	23
378	250.3898	252	33
379	250.7856	246	27
380	250.1815	246	28
381	251.1602	247	30
382	250.5152	246	23
383	250.8065	247	23
384	250.3687	243	27
385	250.0775	248	27
386	250.4733	246	24
387	250.3689	244	26
388	250.5561	246	33
389	250.2230	249	25
390	250.1400	247	27
391	250.1819	245	27
392	250.5564	248	29
393	250.8268	251	32
394	250.0361	244	21
395	250.8478	244	32
396	250.3900	247	27
397	250.0776	242	25
398	250.7853	242	26
399	250.4110	242	22
400	250.8477	249	38
401	250.3898	238	25
402	250.6604	245	29
403	250.6397	247	30
404	250.2859	246	27
405	250.1398	244	26
406	250.1193	243	22
407	250.1195	237	19
408	250.5359	247	32
409	250.0568	248	25
410	250.0565	250	33
411	250.2436	248	33
412	250.6398	248	23
413	250.7854	249	31
414	250.7437	251	40
415	251.4518	248	25
416	250.8065	247	24
417	250.2440	249	31
418	250.5979	251	34
419	250.5768	247	32
420	250.9102	247	33
421	250.4943	243	21
422	250.3480	247	29
423	250.2851	253	37
424	250.0561	252	34
425	250.1816	248	32
426	250.1194	244	22
427	251.0149	247	30
428	250.8893	248	34
429	250.2023	243	22
430	250.8896	245	29
431	250.2651	246	24
432	250.7649	251	26
433	250.5773	245	23
434	250.2235	246	25
435	250.6190	246	31
436	250.2649	245	32
437	250.5567	243	26
438	250.3895	250	30
439	250.4317	245	22
440	250.9108	247	25
441	250.2232	243	22
442	250.0571	244	22
443	250.2858	246	21
444	250.8686	251	32
445	250.6812	248	29
446	250.0983	243	27
447	250.5354	244	27
448	250.4732	244	27
449	250.4940	251	30
450	250.7021	246	30
451	250.3897	246	28
452	250.8485	244	19
453	251.7226	248	29
454	250.3688	244	31
455	250.5778	243	24
456	250.8272	249	30
457	250.8481	245	20
458	250.5148	246	30
459	250.1608	248	24
460	250.1399	246	27
461	250.3692	246	26
462	250.5148	245	29
463	250.0774	244	24
464	250.3064	251	30
465	250.0152	244	20
466	251.6187	247	25
467	250.7853	249	28
468	250.9315	244	23
469	250.9101	248	35
470	250.4731	247	27
471	250.0355	247	35
472	250.2439	246	33
473	250.7021	243	28
474	250.5147	248	29
475	250.3063	247	32
476	250.0772	248	33
477	250.4317	246	23
478	250.2443	249	33
479	250.4941	245	31
480	251.6398	242	19
481	250.8691	247	20
482	250.2439	249	29
483	251.1811	247	30
484	250.5565	248	24
485	250.6396	248	28
486	250.8060	255	35
487	250.1187	249	36
488	250.0358	248	26
489	250.2230	246	30
490	250.7020	250	31
491	250.8065	252	24
492	250.1815	246	28
493	250.1817	241	22
494	250.6810	250	40
495	250.5148	248	25
496	250.5357	244	31
497	251.3476	249	32
498	250.8273	243	21
499	250.1192	245	24
500	250.8689	242	22
501	250.1193	244	26
502	250.4523	250	25
503	250.2025	247	31
504	251.2645	251	27
505	251.3479	246	23
506	250.7442	249	23
507	251.6808	247	29
508	250.0985	246	16
509	250.1814	247	29
510	250.9315	242	22
511	250.3898	246	31
512	250.2234	241	19
513	250.3274	239	24
514	250.2439	245	32
515	250.3483	243	24
516	250.0151	248	25
517	250.8274	244	22
518	250.3061	242	34
519	250.3273	251	31
520	250.7227	243	34
521	250.1606	244	27
522	250.4313	246	30
523	250.3272	248	26
524	250.8063	248	30
525	251.1812	248	33
526	251.4727	248	28
527	251.3271	243	23
528	250.2648	253	35
529	250.1399	244	29
530	250.6396	244	28
531	251.6809	242	28
532	250.0148	247	26
533	250.8685	247	29
534	250.7229	246	32
535	250.0153	243	19
536	250.2441	245	27
537	250.4734	243	24
538	250.1606	250	32
539	250.4521	246	31
540	250.1608	246	30
541	250.2022	248	28
542	250.1608	248	25
543	250.1394	251	38
544	250.6396	253	35
545	250.7227	250	33
546	250.4105	248	28
547	250.6812	251	35
548	250.8276	248	22
549	250.6191	248	21
550	250.4315	248	23
551	250.5147	243	28
552	250.1192	249	34
553	250.2859	250	27
554	250.7647	246	24
555	250.1814	244	27
556	250.7023	248	23
557	250.9105	251	34
558	250.4939	246	23
559	250.8688	247	27
560	250.8686	250	38
561	250.7855	247	30
562	250.6604	246	27
563	250.1402	250	24
564	250.7229	248	29
565	250.4316	247	25
566	250.3064	245	26
567	250.7437	248	30
568	250.1815	243	26
569	250.2654	250	21
570	250.4313	251	31
571	250.4313	247	34
572	250.1606	249	27
573	250.1811	248	37
574	250.1400	246	26
575	250.8066	248	27
576	250.2442	247	21
577	250.2234	249	25
578	250.8897	246	26
579	250.3895	253	33
580	250.8480	249	28
581	250.8062	247	30
582	250.2234	248	27
583	250.2861	240	14
584	250.5146	248	33
585	250.0566	247	29
586	251.2231	248	25
587	250.7642	252	33
588	250.7438	252	33
589	250.2438	248	35
590	250.9316	245	20
591	250.7440	244	21
592	250.4104	250	30
593	250.8480	245	24
594	250.3485	240	19
595	250.1189	246	31
596	250.4939	247	23
597	250.2232	246	28
598	251.3896	249	26
599	250.2436	251	36
600	250.2444	244	24
601	250.6606	247	26
602	250.5148	247	23
603	250.2023	248	30
604	250.3068	243	21
605	251.5563	247	23
606	250.3688	250	32
607	250.7438	250	28
608	250.1399	244	25
609	250.4732	251	29
610	251.3059	248	33
611	250.5357	248	28
612	250.7856	247	21
613	250.4936	249	31
614	250.3483	250	29
615	250.0355	248	29
616	251.0143	245	30
617	250.1608	246	27
618	250.6193	247	19
619	250.0773	246	27
620	250.2858	245	24
621	250.7442	239	22
622	250.2232	245	27
623	250.1191	247	23
624	250.8274	246	19
625	250.1612	243	24
626	250.7021	249	30
627	250.0772	247	32
628	250.4315	251	22
629	250.6182	252	43
630	250.4104	256	35
631	250.8475	250	32
632	250.7648	246	23
633	250.7021	243	29
634	250.5774	249	29
635	250.4317	242	23
636	250.7650	242	21
637	250.2231	248	27
638	251.5355	247	26
639	250.3272	248	29
640	251.5347	249	37
641	250.2025	247	21
642	250.0569	245	19
643	250.7228	247	30
644	250.8275	243	27
645	250.7857	246	23
646	250.2440	247	30
647	251.1192	242	26
648	250.0569	246	21
649	250.5769	250	34
650	250.2229	249	37
651	250.3692	243	19
652	250.6186	246	34
653	251.3683	249	33
654	250.4109	239	20
655	251.5559	252	30
656	250.8483	243	16
657	251.3059	252	37
658	250.8897	247	26
659	250.3695	243	24
660	250.3275	248	30
661	250.6819	241	17
662	250.6605	248	28
663	250.7021	249	26
664	250.5149	245	24
665	251.4723	251	30
666	250.2235	243	16
667	250.4725	249	37
668	250.1821	242	19
669	250.1608	243	24
670	250.8692	244	17
671	251.0146	244	27
672	250.8273	248	32
673	250.5568	239	22
674	250.7231	245	22
675	250.2647	247	31
676	250.2234	247	24
677	250.4526	246	23
678	250.3686	250	34
679	250.7855	249	27
680	250.7020	249	30
681	250.4939	245	29
682	250.7021	251	28
683	251.7224	249	31
684	250.9314	244	28
685	250.0567	247	29
686	250.1191	248	32
687	250.5983	246	22
688	250.6396	248	31
689	250.8689	244	23
690	250.5148	250	30
691	250.6399	241	24
692	250.2228	252	33
693	250.7230	250	34
694	250.1398	248	29
695	250.2026	246	19
696	250.8893	251	37
697	251.5555	252	41
698	250.1400	241	32
699	250.0980	245	31
700	250.1397	247	32
701	250.2028	245	27
702	250.1818	245	25
703	250.4311	245	34
704	250.3692	246	29
705	250.2233	249	22
706	251.1183	248	32
707	250.4106	248	34
708	250.5148	250	29
709	250.2855	248	29
710	250.9315	247	22
711	250.8064	250	34
712	250.2235	243	20
713	250.4944	246	23
714	250.3066	244	20
715	250.7645	249	32
716	250.2025	247	24
717	250.0356	247	27
718	250.3901	246	25
719	250.9313	248	25
720	250.8480	247	29
721	250.0776	248	22
722	250.6188	248	31
723	250.6189	242	25
724	250.8063	249	24
725	250.1609	245	24
726	250.0569	247	20
727	250.0568	248	25
728	250.5565	250	30
729	250.3065	244	28
730	250.4734	252	32
731	250.2858	244	23
732	250.7647	244	29
733	250.0148	250	32
734	251.0561	254	34
735	250.4944	244	20
736	250.2651	246	26
737	250.1608	246	23
738	250.7237	243	18
739	250.1815	251	25
740	250.4940	247	30
741	250.3480	246	28
742	250.0984	247	25
743	250.4938	250	31
744	250.1609	251	29
745	250.7022	249	25
746	251.2019	250	29
747	250.2856	249	26
748	250.9102	251	33
749	250.0564	248	32
750	250.9937	251	29
751	250.9315	248	23
752	250.8271	249	28
753	250.6187	249	29
754	250.2029	246	30
755	250.2227	251	33
756	250.3685	253	38
757	250.0357	245	35
758	250.8898	247	33
759	250.2232	247	29
760	250.0983	244	28
761	250.8685	250	32
762	251.3892	250	33
763	251.3272	246	29
764	250.2435	251	37
765	250.6187	247	31
766	250.4728	248	34
767	250.8477	250	31
768	250.1815	245	31
769	250.6399	242	24
770	250.6188	249	31
771	250.1396	250	25
772	250.1603	252	36
773	250.2855	246	27
774	250.6605	248	27
775	250.2854	251	37
776	250.9103	248	29
777	250.7234	248	24
778	251.3895	245	23
779	250.0976	248	44
780	250.0773	245	29
781	250.3278	246	19
782	250.5980	249	27
783	250.3483	248	27
784	250.7236	246	18
785	250.3897	245	28
786	250.3271	245	35
787	251.0562	248	27
788	251.1808	251	32
789	250.6609	251	23
790	250.1815	248	33
791	250.4942	243	26
792	250.1814	247	29
793	250.5559	247	36
794	250.1816	250	30
795	250.0355	246	34
796	250.8479	245	29
797	250.0569	243	17
798	250.0151	246	20
799	250.5357	252	27
800	250.0984	244	23
801	250.1396	245	32
802	250.9105	249	25
803	250.2442	246	27
804	250.1607	245	26
805	250.8480	254	35
806	250.2648	247	34
807	250.4315	249	24
808	250.9106	242	26
809	250.1604	247	34
810	250.2021	252	34
811	250.3272	245	31
812	250.2443	248	25
813	250.4312	252	32
814	250.4518	247	37
815	251.4102	248	31
816	250.3069	242	20
817	250.4311	248	34
818	250.0984	251	32
819	250.3066	248	27
820	250.8689	247	29
821	250.8062	248	28
822	250.3066	243	23
823	250.4524	247	25
824	251.2232	244	24
825	250.3064	245	30
826	251.5773	245	20
827	250.7433	248	37
828	250.7645	247	30
829	250.4106	247	29
830	250.7021	250	34
831	250.1194	240	23
832	250.3274	242	23
833	250.0150	245	27
834	250.4312	245	34
835	250.3273	250	27
836	250.7647	251	28
837	250.2234	253	29
838	250.4732	248	23
839	250.4522	247	23
840	250.3691	247	28
841	250.8065	249	22
842	250.6191	244	22
843	250.5563	247	29
844	250.4105	246	28
845	250.5148	248	24
846	250.0151	251	24
847	250.8061	249	29
848	251.6395	253	26
849	250.4103	248	29
850	250.6188	244	28
851	250.2233	248	26
852	250.8067	245	24
853	250.7652	242	16
854	250.2650	242	21
855	250.7854	246	25
856	250.3067	249	20
857	250.7438	249	34
858	251.2229	246	32
859	250.0567	248	26
860	250.6813	248	35
861	250.0570	246	15
862	250.8481	247	25
863	250.9313	246	27
864	250.7230	247	31
865	250.7439	244	25
866	250.3062	244	31
867	251.0976	251	33
868	250.4944	247	27
869	250.2234	246	27
870	250.0362	242	21
871	250.3486	243	17
872	250.3062	248	34
873	250.2439	248	27
874	250.6397	243	27
875	250.3068	241	24
876	250.7643	253	33
877	250.2855	248	29
878	250.8686	247	28
879	250.7643	245	33
880	250.8065	246	23
881	250.5565	251	28
882	250.8686	247	32
883	250.3898	248	34
884	250.3064	246	35
885	250.1608	236	26
886	250.8483	247	24
887	250.3068	248	26
888	250.1398	252	29
889	250.6816	245	30
890	251.6601	245	26
891	250.5983	243	19
892	250.2229	244	29
893	250.0983	246	26
894	250.5353	247	26
895	250.1815	249	27
896	250.4522	251	33
897	250.0151	248	27
898	251.2025	239	19
899	250.0568	251	27
900	251.1188	247	30
901	250.2648	246	30
902	250.1817	247	23
903	251.3061	251	31
904	250.3688	247	26
905	250.1401	243	22
906	250.6190	245	31
907	250.4105	250	29
908	250.3278	244	24
909	251.2433	249	31
910	250.8480	247	30
911	250.0358	247	29
912	250.2441	248	27
913	251.6183	248	29
914	250.2856	245	26
915	250.5773	249	30
916	250.0772	244	29
917	250.4105	251	40
918	250.7024	244	27
919	250.8271	247	34
920	250.1399	244	25
921	250.6187	254	37
922	250.5149	246	25
923	250.8065	246	23
924	250.3486	249	25
925	250.7437	247	33
926	250.6400	246	22
927	250.6186	245	34
928	250.5356	250	26
929	250.0568	245	26
930	250.7859	245	20
931	250.0354	248	37
932	250.4941	251	25
933	250.3896	248	28
934	250.5982	248	25
935	250.6189	248	29
936	250.7232	243	19
937	250.1606	248	30
938	250.7645	249	31
939	251.5976	241	25
940	250.4942	248	22
941	250.9103	248	29
942	250.7645	248	30
943	251.5145	248	28
944	250.1193	246	29
945	250.1191	247	31
946	250.0565	252	35
947	250.6189	244	23
948	250.0775	246	25
949	250.1610	242	21
950	250.2649	250	32
951	251.3477	248	26
952	250.7649	246	25
953	251.5979	248	25
954	250.3067	243	22
955	250.1400	247	23
956	250.2231	248	27
957	250.6818	247	26
958	250.2649	250	28
959	250.4941	251	24
960	250.7024	243	25
961	250.5979	248	28
962	250.8067	245	21
963	250.6397	241	28
964	250.8479	247	27
965	250.6188	249	32
966	250.4314	245	29
967	250.2857	246	33
968	250.3692	244	20
969	250.2858	246	28
970	250.1194	241	16
971	251.6815	247	26
972	250.8897	253	24
973	250.1815	248	26
974	250.2647	243	28
975	250.4525	241	23
976	250.5565	247	27
977	250.4316	252	29
978	250.7019	252	34
979	250.1606	245	28
980	250.1194	243	21
981	250.9311	249	27
982	250.0982	246	23
983	250.8891	249	36
984	251.3692	243	17
985	250.6815	243	23
986	250.1817	247	34
987	250.6191	247	31
988	251.6394	247	26
989	250.3690	245	30
990	251.4099	251	36
991	250.0570	246	26
992	250.3063	244	26
993	250.7648	249	29
994	250.0775	243	26
995	250.5354	251	36
996	250.7436	252	35
997	250.0567	246	28
998	250.7649	243	20
999	250.6190	248	26
1000	250.0774	246	26
