1	242.9520	253	242.9520	0.0203	0.0728	42.0000
2	247.4307	266	247.4307	0.1166	0.1884	36.0000
3	247.1595	261	247.1595	0.0631	0.2236	29.0000
4	250.4296	263	250.4296	0.1560	0.1940	40.0000
5	249.4301	265	249.4301	0.0522	0.2220	39.0000
6	241.9330	250	241.9330	0.0111	0.2029	36.0000
7	249.1168	265	249.1168	0.1233	0.1557	38.0000
8	248.5338	265	248.5338	0.0527	0.0913	40.0000
9	248.6392	257	248.6392	0.0172	0.1510	38.0000
10	233.3734	247	233.3734	0.0464	0.0494	33.0000
11	247.9930	265	247.9930	0.0291	0.2226	38.0000
12	248.1804	257	248.1804	0.1265	0.2920	39.0000
13	246.0979	262	246.0979	0.0795	0.1510	35.0000
14	247.7432	261	247.7432	0.0429	0.0434	36.0000
15	248.9302	260	248.9302	0.0589	0.1069	41.0000
16	248.1798	265	248.1798	0.0611	0.1690	32.0000
17	242.9527	258	242.9527	0.2331	0.3664	38.0000
18	249.5129	262	249.5129	0.0444	0.2801	37.0000
19	247.0560	255	247.0560	0.0610	0.1013	36.0000
20	249.8666	263	249.8666	0.0146	0.0689	38.0000
21	248.0346	265	248.0346	0.0090	0.0334	36.0000
22	250.3045	260	250.3045	0.1473	0.2464	36.0000
23	250.3672	262	250.3672	0.0522	0.0728	42.0000
24	245.0150	258	245.0150	0.0683	0.0975	37.0000
25	247.9723	263	247.9723	0.2973	0.3018	36.0000
26	249.2632	261	249.2632	0.0205	0.2182	35.0000
27	244.4105	261	244.4105	0.0021	0.1782	32.0000
28	248.1592	265	248.1592	0.0042	0.0689	33.0000
29	249.4920	262	249.4920	0.1399	0.1510	34.0000
30	247.3685	257	247.3685	0.1085	0.1186	40.0000
31	249.7001	264	249.7001	0.1504	0.1839	44.0000
32	250.0547	261	250.0547	0.2065	0.2073	37.0000
33	245.8890	264	245.8890	0.3322	0.3841	31.0000
34	249.8679	264	249.8679	0.0036	0.1771	37.0000
35	249.9920	263	249.9920	0.1100	0.1253	34.0000
36	247.9513	257	247.9513	0.0972	0.1771	39.0000
37	246.5555	253	246.5555	0.1348	0.2079	40.0000
38	244.7649	256	244.7649	0.0529	0.0786	37.0000
39	245.9527	261	245.9527	0.0162	0.1019	35.0000
40	231.1867	241	231.1867	0.0236	0.0689	32.0000
41	250.1377	263	250.1377	0.0766	0.1731	35.0000
42	248.6592	262	248.6592	0.2095	0.2782	34.0000
43	249.8456	268	249.8456	0.1635	0.1979	37.0000
44	244.7020	255	244.7020	0.0856	0.1568	36.0000
45	247.5559	260	247.5559	0.0196	0.0394	36.0000
46	245.0978	260	245.0978	0.0056	0.0689	36.0000
47	247.9512	262	247.9512	0.0462	0.0676	42.0000
48	248.7634	265	248.7634	0.1827	0.2920	33.0000
49	247.0557	261	247.0557	0.0224	0.2327	40.0000
50	249.2629	263	249.2629	0.0881	0.0963	37.0000
51	244.9725	261	244.9725	0.0550	0.0734	34.0000
52	249.9915	263	249.9915	0.0036	0.0689	43.0000
53	246.8057	263	246.8057	0.1837	0.3018	35.0000
54	249.1586	263	249.1586	0.1793	0.3349	36.0000
55	246.0974	261	246.0974	0.0327	0.0434	36.0000
56	249.7834	259	249.7834	0.0070	0.2846	41.0000
57	249.9716	259	249.9716	0.0610	0.2068	40.0000
58	246.1393	261	246.1393	0.0204	0.2925	30.0000
59	247.4713	264	247.4713	0.2365	0.3181	39.0000
60	249.5341	261	249.5341	0.1163	0.1241	39.0000
61	248.0553	267	248.0553	0.1059	0.1409	33.0000
62	240.6211	255	240.6211	0.0440	0.1343	35.0000
63	243.0777	257	243.0777	0.0169	0.3312	32.0000
64	249.2222	265	249.2222	0.0783	0.1719	39.0000
65	248.1378	258	248.1378	0.1142	0.2391	38.0000
66	247.3061	256	247.3061	0.0722	0.1013	38.0000
67	249.4710	264	249.4710	0.1403	0.1771	36.0000
68	243.8069	260	243.8069	0.0873	0.1884	35.0000
69	244.7647	259	244.7647	0.2152	0.2506	34.0000
70	249.0344	262	249.0344	0.1227	0.2901	38.0000
71	250.2213	265	250.2213	0.0767	0.1890	34.0000
72	250.0330	264	250.0330	0.2221	0.2226	37.0000
73	248.8043	261	248.8043	0.1879	0.3381	38.0000
74	247.6599	262	247.6599	0.0836	0.0906	35.0000
75	249.9919	265	249.9919	0.0937	0.3454	34.0000
76	246.4514	261	246.4514	0.0194	0.2338	37.0000
77	247.9710	272	247.9710	0.0687	0.2133	31.0000
78	246.5357	264	246.5357	0.0338	0.2464	34.0000
79	249.4710	264	249.4710	0.0983	0.1979	36.0000
80	236.7469	251	236.7469	0.0065	0.2609	32.0000
81	244.4517	259	244.4517	0.2849	0.4214	34.0000
82	249.5343	262	249.5343	0.0228	0.1673	43.0000
83	243.0981	257	243.0981	0.0093	0.3104	33.0000
84	245.9718	262	245.9718	0.0179	0.0963	38.0000
85	242.7028	257	242.7028	0.0228	0.1929	34.0000
86	241.7031	252	241.7031	0.0892	0.1204	37.0000
87	243.5366	260	243.5366	0.0051	0.0734	35.0000
88	248.4501	263	248.4501	0.1811	0.2380	37.0000
89	247.4096	262	247.4096	0.0701	0.2375	38.0000
90	246.7845	262	246.7845	0.1362	0.1884	37.0000
91	247.6806	268	247.6806	0.1181	0.2681	33.0000
92	248.5350	264	248.5350	0.0970	0.0975	36.0000
93	245.4524	260	245.4524	0.0702	0.1295	39.0000
94	246.1182	258	246.1182	0.1535	0.2609	39.0000
95	244.9727	260	244.9727	0.0144	0.1409	34.0000
96	247.8675	261	247.8675	0.1765	0.1839	33.0000
97	248.6591	267	248.6591	0.1143	0.3358	31.0000
98	246.6805	260	246.6805	0.0876	0.1241	35.0000
99	248.6389	256	248.6389	0.0820	0.1816	38.0000
100	250.4091	270	250.4091	0.0519	0.1690	36.0000
101	244.3483	256	244.3483	0.0328	0.0434	43.0000
102	244.3485	261	244.3485	0.0233	0.0728	40.0000
103	243.1194	256	243.1194	0.2059	0.2475	35.0000
104	250.2835	265	250.2835	0.0240	0.1241	37.0000
105	248.0134	259	248.0134	0.0961	0.1782	35.0000
106	245.8055	261	245.8055	0.0720	0.2797	33.0000
107	238.7254	253	238.7254	0.0964	0.2095	40.0000
108	248.8459	271	248.8459	0.0029	0.1343	35.0000
109	245.2642	258	245.2642	0.2214	0.3204	37.0000
110	243.0155	256	243.0155	0.0907	0.1013	32.0000
111	244.8270	256	244.8270	0.3535	0.4043	33.0000
112	249.7213	260	249.7213	0.1851	0.2650	37.0000
113	249.1378	268	249.1378	0.0023	0.1510	37.0000
114	247.2626	264	247.2626	0.1368	0.2428	32.0000
115	246.4519	255	246.4519	0.1846	0.2182	41.0000
116	246.8884	262	246.8884	0.1556	0.1679	37.0000
117	241.9531	254	241.9531	0.2771	0.2801	34.0000
118	248.7223	258	248.7223	0.0116	0.0434	36.0000
119	248.2015	261	248.2015	0.0423	0.1409	34.0000
120	244.0568	252	244.0568	0.1802	0.1934	43.0000
121	245.9726	259	245.9726	0.2462	0.3157	38.0000
122	247.9094	260	247.9094	0.0134	0.2650	36.0000
123	245.8687	258	245.8687	0.1251	0.1632	38.0000
124	246.0567	257	246.0567	0.2820	0.3013	39.0000
125	236.8515	254	236.8515	0.0592	0.1725	33.0000
126	246.0349	264	246.0349	0.0420	0.0434	41.0000
127	247.3058	255	247.3058	0.1646	0.1979	40.0000
128	247.7629	267	247.7629	0.0297	0.0906	36.0000
129	249.5758	263	249.5758	0.2420	0.3157	33.0000
130	246.0144	262	246.0144	0.1447	0.1462	38.0000
131	246.0550	261	246.0550	0.1895	0.4178	34.0000
132	249.5960	261	249.5960	0.1641	0.2836	39.0000
133	248.2845	262	248.2845	0.0298	0.2073	39.0000
134	248.4308	262	248.4308	0.1386	0.1685	39.0000
135	241.7236	262	241.7236	0.0815	0.1771	29.0000
136	247.4309	257	247.4309	0.0125	0.0192	42.0000
137	247.8883	263	247.8883	0.0680	0.0734	35.0000
138	243.3487	253	243.3487	0.1626	0.1771	37.0000
139	238.4545	252	238.4545	0.0065	0.1013	38.0000
140	248.6802	269	248.6802	0.2355	0.3138	35.0000
141	247.1603	260	247.1603	0.0532	0.1069	35.0000
142	249.2632	262	249.2632	0.1888	0.2220	39.0000
143	246.5979	263	246.5979	0.0222	0.2464	34.0000
144	249.9921	266	249.9921	0.0496	0.1895	41.0000
145	249.4501	262	249.4501	0.1170	0.2193	36.0000
146	246.5768	264	246.5768	0.2797	0.2836	30.0000
147	235.4977	249	235.4977	0.0427	0.1409	38.0000
148	247.2230	259	247.2230	0.0282	0.3854	28.0000
149	245.4309	262	245.4309	0.0223	0.1192	31.0000
150	246.7007	265	246.7007	0.0036	0.2090	39.0000
151	246.9086	260	246.9086	0.0189	0.0434	37.0000
152	245.4515	260	245.4515	0.0704	0.1143	35.0000
153	243.6396	252	243.6396	0.0309	0.1771	37.0000
154	245.8680	260	245.8680	0.0840	0.3571	37.0000
155	235.7682	253	235.7682	0.0686	0.0728	34.0000
156	241.9537	250	241.9537	0.0365	0.4396	38.0000
157	248.0552	261	248.0552	0.1540	0.3190	38.0000
158	240.0374	256	240.0374	0.1575	0.2511	34.0000
159	243.9945	257	243.9945	0.0743	0.2511	31.0000
160	247.4308	261	247.4308	0.1392	0.1771	38.0000
161	246.2639	266	246.2639	0.1130	0.1204	38.0000
162	247.4100	260	247.4100	0.0623	0.1361	36.0000
163	250.0752	268	250.0752	0.3427	0.3481	34.0000
164	247.4310	262	247.4310	0.0425	0.3288	35.0000
165	249.7837	267	249.7837	0.1642	0.3176	39.0000
166	249.9716	262	249.9716	0.0673	0.0741	38.0000
167	246.3899	255	246.3899	0.1375	0.3056	38.0000
168	247.7632	264	247.7632	0.2084	0.2721	34.0000
169	248.8262	259	248.8262	0.1104	0.2506	39.0000
170	244.1607	256	244.1607	0.1182	0.1979	35.0000
171	248.5551	258	248.5551	0.0906	0.0963	39.0000
172	245.4306	258	245.4306	0.0400	0.2311	39.0000
173	249.4087	256	249.4087	0.0969	0.2380	42.0000
174	244.9111	258	244.9111	0.0307	0.2655	31.0000
175	249.3453	266	249.3453	0.1198	0.2333	39.0000
176	248.8464	259	248.8464	0.2023	0.2433	33.0000
177	246.8480	261	246.8480	0.0415	0.2177	33.0000
178	248.6382	256	248.6382	0.0658	0.2891	39.0000
179	239.5993	254	239.5993	0.2010	0.2079	33.0000
180	250.0754	266	250.0754	0.0274	0.1522	39.0000
181	243.9527	258	243.9527	0.0187	0.0741	36.0000
182	245.1395	253	245.1395	0.0786	0.1974	40.0000
183	243.3900	253	243.3900	0.1748	0.2417	40.0000
184	248.8880	263	248.8880	0.1036	0.1979	37.0000
185	249.2628	261	249.2628	0.0648	0.1771	39.0000
186	241.7651	258	241.7651	0.1730	0.2422	37.0000
187	250.2840	263	250.2840	0.0981	0.1867	35.0000
188	250.2846	264	250.2846	0.0176	0.0381	37.0000
189	247.1798	263	247.1798	0.0507	0.0963	33.0000
190	244.5358	254	244.5358	0.1048	0.1685	36.0000
191	244.4316	256	244.4316	0.1267	0.3477	32.0000
192	249.5127	270	249.5127	0.1187	0.1241	39.0000
193	240.5573	256	240.5573	0.1932	0.1979	38.0000
194	239.0794	256	239.0794	0.1047	0.2084	34.0000
195	248.1386	254	248.1386	0.0022	0.1725	42.0000
196	246.9514	258	246.9514	0.0132	0.0145	40.0000
197	246.2435	260	246.2435	0.0516	0.1289	34.0000
198	247.0559	253	247.0559	0.0281	0.0963	42.0000
199	241.0374	251	241.0374	0.0855	0.2782	38.0000
200	240.4109	260	240.4109	0.1943	0.2035	33.0000
201	248.4305	259	248.4305	0.0714	0.0734	37.0000
202	248.9085	264	248.9085	0.1578	0.1621	34.0000
203	249.4299	261	249.4299	0.1672	0.2128	33.0000
204	245.2854	261	245.2854	0.2699	0.3270	31.0000
205	246.5352	258	246.5352	0.3698	0.3897	36.0000
206	248.3679	257	248.3679	0.0441	0.1979	37.0000
207	245.6394	254	245.6394	0.0128	0.0434	36.0000
208	248.3881	264	248.3881	0.1439	0.1638	35.0000
209	242.0780	251	242.0780	0.0265	0.1295	34.0000
210	248.3883	261	248.3883	0.0216	0.2023	35.0000
211	244.5356	258	244.5356	0.1338	0.1409	34.0000
212	246.9503	261	246.9503	0.0728	0.1462	35.0000
213	245.2432	257	245.2432	0.0202	0.1816	40.0000
214	249.0545	261	249.0545	0.0708	0.3232	37.0000
215	245.5138	263	245.5138	0.0020	0.2079	28.0000
216	247.5972	263	247.5972	0.0840	0.1289	35.0000
217	240.9333	256	240.9333	0.1350	0.1510	35.0000
218	235.5390	253	235.5390	0.0230	0.0434	34.0000
219	248.2635	262	248.2635	0.0757	0.3751	35.0000
220	245.0564	259	245.0564	0.0706	0.0741	37.0000
221	248.1167	268	248.1167	0.0149	0.2736	31.0000
222	244.4942	255	244.4942	0.1105	0.1771	34.0000
223	249.7840	264	249.7840	0.1856	0.4661	36.0000
224	248.5553	260	248.5553	0.0726	0.0786	38.0000
225	236.0591	253	236.0591	0.1899	0.2375	33.0000
226	247.8264	254	247.8264	0.0482	0.0676	41.0000
227	248.5556	262	248.5556	0.2443	0.2563	35.0000
228	243.2446	258	243.2446	0.0570	0.1013	33.0000
229	248.5965	268	248.5965	0.0612	0.1510	34.0000
230	243.1400	259	243.1400	0.1119	0.1462	34.0000
231	249.7218	263	249.7218	0.1641	0.2650	34.0000
232	250.2002	266	250.2002	0.0459	0.1186	37.0000
233	244.3060	251	244.3060	0.0577	0.2433	37.0000
234	249.1796	266	249.1796	0.2124	0.2797	35.0000
235	240.4120	250	240.4120	0.0499	0.1241	35.0000
236	250.0751	262	250.0751	0.0232	0.1253	36.0000
237	245.7436	268	245.7436	0.0000	0.1516	33.0000
238	250.3042	265	250.3042	0.1727	0.1940	38.0000
239	248.0551	263	248.0551	0.1357	0.1776	34.0000
240	249.2632	265	249.2632	0.0457	0.1409	33.0000
241	249.8881	261	249.8881	0.1009	0.1946	36.0000
242	249.7630	264	249.7630	0.1970	0.2117	35.0000
243	249.4091	264	249.4091	0.0044	0.1241	34.0000
244	241.6409	258	241.6409	0.0403	0.2023	31.0000
245	243.7026	252	243.7026	0.1632	0.1679	36.0000
246	249.7840	263	249.7840	0.0985	0.1679	33.0000
247	241.5782	257	241.5782	0.0212	0.1557	33.0000
248	249.1600	261	249.1600	0.0849	0.1355	36.0000
249	246.7432	264	246.7432	0.0926	0.2433	39.0000
250	249.6592	261	249.6592	0.0142	0.0145	35.0000
251	244.0156	258	244.0156	0.0495	0.2023	35.0000
252	239.6618	257	239.6618	0.2519	0.3143	35.0000
253	244.6815	255	244.6815	0.1528	0.1929	35.0000
254	248.9721	268	248.9721	0.1919	0.2220	35.0000
255	244.7234	254	244.7234	0.1762	0.2317	36.0000
256	247.4102	259	247.4102	0.0122	0.0676	39.0000
257	240.0787	256	240.0787	0.1373	0.2736	32.0000
258	244.1611	254	244.1611	0.0109	0.0728	35.0000
259	247.7843	266	247.7843	0.1199	0.1638	36.0000
260	246.3268	258	246.3268	0.0333	0.2269	33.0000
261	248.1388	257	248.1388	0.0348	0.0447	39.0000
262	241.8076	259	241.8076	0.2124	0.3716	33.0000
263	246.6803	265	246.6803	0.1673	0.3056	36.0000
264	244.2440	258	244.2440	0.1492	0.2511	37.0000
265	248.4712	264	248.4712	0.1949	0.2023	37.0000
266	249.6595	263	249.6595	0.2157	0.3943	33.0000
267	242.5988	256	242.5988	0.2011	0.2706	33.0000
268	239.4739	251	239.4739	0.0479	0.1568	34.0000
269	246.1607	263	246.1607	0.0242	0.0321	40.0000
270	246.9093	263	246.9093	0.0260	0.0434	42.0000
271	243.9936	259	243.9936	0.0421	0.1013	34.0000
272	245.2858	260	245.2858	0.1787	0.2701	39.0000
273	250.1999	268	250.1999	0.0303	0.0728	35.0000
274	244.5555	261	244.5555	0.0198	0.1884	37.0000
275	238.5587	249	238.5587	0.2146	0.2226	33.0000
276	249.3047	265	249.3047	0.1311	0.1725	37.0000
277	248.2426	261	248.2426	0.1180	0.1946	39.0000
278	249.4084	260	249.4084	0.1059	0.1462	33.0000
279	246.3268	262	246.3268	0.0499	0.1586	35.0000
280	240.0172	251	240.0172	0.1185	0.2475	37.0000
281	240.8293	255	240.8293	0.0265	0.1510	32.0000
282	245.0145	260	245.0145	0.0772	0.1204	36.0000
283	242.4320	254	242.4320	0.1405	0.1725	34.0000
284	249.4926	264	249.4926	0.1385	0.1580	40.0000
285	249.3251	264	249.3251	0.0868	0.1510	34.0000
286	248.8674	267	248.8674	0.0054	0.3138	38.0000
287	248.6383	261	248.6383	0.2010	0.2522	38.0000
288	247.5350	258	247.5350	0.0037	0.0145	38.0000
289	244.3484	255	244.3484	0.1586	0.2073	35.0000
290	246.8887	263	246.8887	0.2743	0.3440	32.0000
291	244.7025	257	244.7025	0.1110	0.1295	38.0000
292	249.1592	254	249.1592	0.1370	0.2475	41.0000
293	248.2013	261	248.2013	0.1047	0.2851	35.0000
294	248.7634	259	248.7634	0.2485	0.2506	36.0000
295	244.5144	263	244.5144	0.2973	0.3195	35.0000
296	248.8256	260	248.8256	0.0441	0.1025	38.0000
297	250.3874	265	250.3874	0.0179	0.1867	33.0000
298	247.0765	260	247.0765	0.0286	0.2073	34.0000
299	246.2431	258	246.2431	0.1025	0.2226	38.0000
300	249.2210	264	249.2210	0.1848	0.2023	36.0000
301	248.6589	264	248.6589	0.0131	0.2269	38.0000
302	247.8678	258	247.8678	0.1179	0.1725	37.0000
303	246.7639	261	246.7639	0.1091	0.2359	39.0000
304	244.9731	258	244.9731	0.1067	0.1289	38.0000
305	247.6803	261	247.6803	0.0253	0.0786	38.0000
306	243.8477	262	243.8477	0.0836	0.1974	33.0000
307	246.0139	258	246.0139	0.0356	0.2188	34.0000
308	249.7012	266	249.7012	0.0338	0.0434	40.0000
309	245.8684	263	245.8684	0.1280	0.2716	33.0000
310	246.0343	257	246.0343	0.0441	0.1462	36.0000
311	249.0752	261	249.0752	0.0241	0.0906	35.0000
312	248.0554	258	248.0554	0.0260	0.1725	35.0000
313	248.0969	268	248.0969	0.0400	0.0447	36.0000
314	248.6181	254	248.6181	0.0045	0.2023	37.0000
315	248.8053	261	248.8053	0.1711	0.2920	36.0000
316	248.8670	261	248.8670	0.0027	0.2701	33.0000
317	247.0978	254	247.0978	0.2783	0.3138	36.0000
318	248.8465	263	248.8465	0.0679	0.1782	37.0000
319	248.0549	264	248.0549	0.0307	0.1719	37.0000
320	244.5978	263	244.5978	0.0057	0.0741	30.0000
321	248.2426	261	248.2426	0.0408	0.0728	40.0000
322	244.3898	253	244.3898	0.0505	0.0786	38.0000
323	248.0552	261	248.0552	0.0702	0.2422	35.0000
324	239.8917	250	239.8917	0.0324	0.1013	36.0000
325	247.2430	264	247.2430	0.0624	0.2969	33.0000
326	244.9515	260	244.9515	0.0684	0.0786	35.0000
327	248.9932	258	248.9932	0.1058	0.2117	34.0000
328	244.4106	258	244.4106	0.0792	0.1736	37.0000
329	244.8480	266	244.8480	0.0994	0.1025	29.0000
330	247.6802	258	247.6802	0.1659	0.1934	36.0000
331	241.9738	253	241.9738	0.0187	0.0321	39.0000
332	243.3072	258	243.3072	0.2743	0.4286	38.0000
333	245.9517	260	245.9517	0.1523	0.2660	36.0000
334	245.7021	260	245.7021	0.2170	0.3008	36.0000
335	242.4739	258	242.4739	0.1164	0.1816	32.0000
336	248.4509	260	248.4509	0.0345	0.0434	44.0000
337	243.1815	263	243.1815	0.2040	0.3114	36.0000
338	247.0756	265	247.0756	0.0892	0.2311	33.0000
339	245.2231	261	245.2231	0.0841	0.0906	33.0000
340	239.5782	267	239.5782	0.4132	0.4234	30.0000
341	242.5362	260	242.5362	0.0753	0.1301	37.0000
342	243.3078	256	243.3078	0.0312	0.1719	37.0000
343	247.8681	258	247.8681	0.1625	0.1934	36.0000
344	243.0367	259	243.0367	0.0645	0.1736	36.0000
345	250.3050	263	250.3050	0.0737	0.1069	38.0000
346	247.1389	273	247.1389	0.0550	0.1462	34.0000
347	245.0564	256	245.0564	0.1623	0.2029	36.0000
348	248.4097	262	248.4097	0.0814	0.0925	41.0000
349	243.4532	255	243.4532	0.0510	0.0676	35.0000
350	237.9756	253	237.9756	0.1013	0.3095	30.0000
351	246.2856	253	246.2856	0.2247	0.2969	38.0000
352	241.4525	259	241.4525	0.1185	0.1725	31.0000
353	241.6410	255	241.6410	0.0113	0.0381	31.0000
354	247.0136	262	247.0136	0.1185	0.1782	37.0000
355	244.5978	258	244.5978	0.1043	0.1557	33.0000
356	244.4734	260	244.4734	0.1245	0.1621	34.0000
357	250.3879	264	250.3879	0.1168	0.1685	34.0000
358	242.8066	257	242.8066	0.0169	0.1557	33.0000
359	244.7438	254	244.7438	0.1188	0.2269	38.0000
360	244.2856	261	244.2856	0.0022	0.0381	32.0000
361	244.3073	255	244.3073	0.0575	0.0734	37.0000
362	248.0548	259	248.0548	0.1220	0.1462	41.0000
363	244.7025	256	244.7025	0.1622	0.1638	36.0000
364	247.4096	264	247.4096	0.0436	0.0676	36.0000
365	243.7653	255	243.7653	0.0731	0.1638	33.0000
366	249.8463	265	249.8463	0.1220	0.2925	36.0000
367	237.3092	247	237.3092	0.0236	0.2696	30.0000
368	243.3483	261	243.3483	0.0715	0.2380	37.0000
369	245.4106	261	245.4106	0.0628	0.1522	35.0000
370	243.4318	252	243.4318	0.0067	0.1557	36.0000
371	236.5175	247	236.5175	0.0116	0.1979	35.0000
372	245.3272	261	245.3272	0.0996	0.2220	34.0000
373	246.3682	264	246.3682	0.1035	0.1719	38.0000
374	249.2630	259	249.2630	0.1620	0.1782	35.0000
375	246.9308	260	246.9308	0.0761	0.1415	35.0000
376	244.6396	259	244.6396	0.0058	0.1627	39.0000
377	248.3881	265	248.3881	0.1745	0.3061	35.0000
378	242.5160	257	242.5160	0.0781	0.0913	33.0000
379	241.3082	253	241.3082	0.3139	0.3399	34.0000
380	247.2843	261	247.2843	0.0672	0.0963	30.0000
381	248.6379	264	248.6379	0.1288	0.1627	36.0000
382	240.5788	252	240.5788	0.1136	0.1289	39.0000
383	248.0964	265	248.0964	0.0313	0.1673	35.0000
384	244.5564	252	244.5564	0.0728	0.1522	32.0000
385	246.7428	259	246.7428	0.2474	0.2696	37.0000
386	244.9303	264	244.9303	0.0931	0.1247	34.0000
387	245.8684	254	245.8684	0.0589	0.0734	41.0000
388	247.9103	262	247.9103	0.0366	0.2322	37.0000
389	244.5355	261	244.5355	0.0286	0.0676	36.0000
390	240.5578	253	240.5578	0.0326	0.1816	33.0000
391	249.6372	267	249.6372	0.0403	0.1462	30.0000
392	238.2875	258	238.2875	0.1238	0.2876	30.0000
393	249.3265	256	249.3265	0.0575	0.2269	36.0000
394	247.0343	264	247.0343	0.0296	0.1241	33.0000
395	248.1593	267	248.1593	0.0628	0.1679	37.0000
396	246.0764	263	246.0764	0.0936	0.1019	39.0000
397	245.3059	259	245.3059	0.2617	0.2999	36.0000
398	245.8060	259	245.8060	0.1438	0.1946	35.0000
399	247.7216	259	247.7216	0.0046	0.0676	37.0000
400	249.4924	264	249.4924	0.0955	0.1289	42.0000
401	250.3253	268	250.3253	0.3088	0.3143	36.0000
402	250.0958	270	250.0958	0.0344	0.0856	28.0000
403	248.9301	259	248.9301	0.1793	0.2073	42.0000
404	246.1807	254	246.1807	0.1103	0.1409	42.0000
405	246.4302	264	246.4302	0.0457	0.2040	36.0000
406	250.4089	254	250.4089	0.0202	0.0434	40.0000
407	249.0547	260	249.0547	0.2299	0.2527	37.0000
408	244.8056	264	244.8056	0.0274	0.1253	34.0000
409	245.9098	262	245.9098	0.1235	0.1884	32.0000
410	249.1585	259	249.1585	0.0297	0.0805	34.0000
411	249.6588	264	249.6588	0.0972	0.1979	31.0000
412	249.0126	271	249.0126	0.0460	0.1069	29.0000
413	247.0974	256	247.0974	0.0195	0.0676	41.0000
414	249.4709	266	249.4709	0.2335	0.2380	40.0000
415	245.1611	252	245.1611	0.1209	0.1816	37.0000
416	246.4729	254	246.4729	0.1531	0.1833	43.0000
417	239.2260	250	239.2260	0.1277	0.3181	38.0000
418	247.4306	258	247.4306	0.0936	0.1510	39.0000
419	249.0549	262	249.0549	0.1314	0.2068	38.0000
420	247.1389	266	247.1389	0.1564	0.2322	39.0000
421	248.1176	257	248.1176	0.1317	0.1979	37.0000
422	244.0773	256	244.0773	0.0133	0.0786	34.0000
423	245.9517	258	245.9517	0.0958	0.1025	36.0000
424	245.2021	261	245.2021	0.0406	0.1568	38.0000
425	250.1168	266	250.1168	0.1739	0.3386	38.0000
426	246.9728	261	246.9728	0.3573	0.4039	34.0000
427	249.4517	262	249.4517	0.0352	0.0676	37.0000
428	247.3877	267	247.3877	0.0726	0.1516	37.0000
429	249.8250	270	249.8250	0.2315	0.3100	34.0000
430	243.2230	256	243.2230	0.0926	0.2317	34.0000
431	249.4503	255	249.4503	0.0162	0.1409	39.0000
432	250.0749	266	250.0749	0.2642	0.2650	29.0000
433	248.4718	266	248.4718	0.0596	0.0786	36.0000
434	243.4943	257	243.4943	0.0795	0.1934	38.0000
435	248.7001	270	248.7001	0.0238	0.2841	32.0000
436	250.3874	264	250.3874	0.0531	0.1253	34.0000
437	247.9920	269	247.9920	0.1009	0.2891	33.0000
438	244.9096	265	244.9096	0.1294	0.1725	27.0000
439	247.5971	259	247.5971	0.0974	0.3367	34.0000
440	248.4302	263	248.4302	0.0662	0.1289	29.0000
441	249.6586	263	249.6586	0.1491	0.1946	37.0000
442	245.0777	257	245.0777	0.1687	0.3176	38.0000
443	246.4933	261	246.4933	0.1629	0.2511	37.0000
444	245.6806	260	245.6806	0.0481	0.0786	38.0000
445	243.8070	259	243.8070	0.0303	0.2846	33.0000
446	244.9313	263	244.9313	0.0765	0.1069	34.0000
447	246.2017	263	246.2017	0.1219	0.1301	35.0000
448	249.4505	269	249.4505	0.2677	0.2782	32.0000
449	245.2016	263	245.2016	0.1308	0.3349	33.0000
450	239.3915	244	239.3915	0.1601	0.1776	38.0000
451	243.6401	258	243.6401	0.0975	0.2226	34.0000
452	249.6175	266	249.6175	0.1086	0.1685	35.0000
453	242.2869	254	242.2869	0.1105	0.1462	33.0000
454	249.5544	261	249.5544	0.0092	0.1719	38.0000
455	246.9521	260	246.9521	0.2808	0.2896	40.0000
456	248.6165	267	248.6165	0.1516	0.2226	32.0000
457	247.6596	264	247.6596	0.1528	0.2177	37.0000
458	244.6820	250	244.6820	0.0266	0.0434	40.0000
459	246.5557	261	246.5557	0.0467	0.3436	35.0000
460	246.7424	265	246.7424	0.0054	0.1013	38.0000
461	246.0139	262	246.0139	0.0659	0.1609	36.0000
462	237.3720	249	237.3720	0.0179	0.0494	36.0000
463	236.9341	253	236.9341	0.1133	0.1253	36.0000
464	248.6167	266	248.6167	0.1962	0.3056	35.0000
465	248.2015	255	248.2015	0.0099	0.1025	38.0000
466	237.7467	248	237.7467	0.0354	0.1241	37.0000
467	246.5766	256	246.5766	0.0166	0.0434	40.0000
468	244.4727	257	244.4727	0.0330	0.0728	33.0000
469	247.2018	256	247.2018	0.0363	0.1155	37.0000
470	243.0776	253	243.0776	0.0956	0.2915	38.0000
471	243.8690	256	243.8690	0.1027	0.1343	35.0000
472	246.1390	263	246.1390	0.0939	0.1013	34.0000
473	246.5771	261	246.5771	0.0461	0.1510	36.0000
474	247.9929	261	247.9929	0.0475	0.1985	37.0000
475	243.2239	255	243.2239	0.0051	0.3138	39.0000
476	244.5553	260	244.5553	0.0017	0.2920	33.0000
477	247.2014	258	247.2014	0.0877	0.2506	36.0000
478	247.9720	265	247.9720	0.1641	0.3385	37.0000
479	247.2009	268	247.2009	0.2189	0.2226	33.0000
480	249.0963	267	249.0963	0.1776	0.2449	37.0000
481	248.3883	264	248.3883	0.0017	0.0434	34.0000
482	241.7458	252	241.7458	0.0447	0.0447	37.0000
483	245.1812	260	245.1812	0.0874	0.1574	36.0000
484	243.8484	257	243.8484	0.0777	0.1510	34.0000
485	244.5978	262	244.5978	0.0727	0.1901	36.0000
486	245.9517	263	245.9517	0.0380	0.0689	37.0000
487	240.4541	252	240.4541	0.1698	0.2925	42.0000
488	244.3697	254	244.3697	0.1736	0.2311	34.0000
489	247.4516	263	247.4516	0.0154	0.1019	41.0000
490	245.4105	258	245.4105	0.0755	0.1557	37.0000
491	244.9102	259	244.9102	0.1147	0.1313	37.0000
492	249.6791	267	249.6791	0.0813	0.0975	38.0000
493	249.5129	263	249.5129	0.1185	0.1985	41.0000
494	249.5131	261	249.5131	0.2294	0.2876	37.0000
495	241.8069	258	241.8069	0.0413	0.0963	34.0000
496	247.3474	258	247.3474	0.0839	0.1568	40.0000
497	246.2006	264	246.2006	0.0895	0.1241	31.0000
498	248.4721	262	248.4721	0.0032	0.1557	35.0000
499	250.2415	265	250.2415	0.0338	0.3056	37.0000
500	245.3889	255	245.3889	0.2960	0.3611	37.0000
501	249.9298	266	249.9298	0.1049	0.2777	38.0000
502	244.7441	257	244.7441	0.0129	0.2231	38.0000
503	242.9115	254	242.9115	0.0457	0.0683	36.0000
504	246.0973	263	246.0973	0.2155	0.3602	31.0000
505	242.2651	256	242.2651	0.0973	0.1679	35.0000
506	244.5988	257	244.5988	0.0443	0.0447	40.0000
507	244.7232	264	244.7232	0.1208	0.1990	32.0000
508	237.1226	243	237.1226	0.0433	0.1510	35.0000
509	249.1171	265	249.1171	0.1462	0.2428	36.0000
510	246.9089	263	246.9089	0.0577	0.1895	31.0000
511	246.8058	260	246.8058	0.0521	0.0618	38.0000
512	246.0137	262	246.0137	0.1056	0.1776	36.0000
513	250.0547	265	250.0547	0.0884	0.1137	38.0000
514	246.3473	262	246.3473	0.0169	0.2751	38.0000
515	249.1586	269	249.1586	0.0073	0.1609	40.0000
516	246.9104	255	246.9104	0.1517	0.2311	40.0000
517	248.8676	267	248.8676	0.0006	0.0494	35.0000
518	245.4725	260	245.4725	0.0881	0.1719	38.0000
519	249.3463	266	249.3463	0.2419	0.2920	34.0000
520	248.2845	264	248.2845	0.0070	0.0145	38.0000
521	237.5805	243	237.5805	0.2180	0.2821	34.0000
522	245.8477	263	245.8477	0.0276	0.1457	37.0000
523	241.7655	253	241.7655	0.1631	0.2650	38.0000
524	248.4921	265	248.4921	0.3396	0.3611	40.0000
525	246.8678	263	246.8678	0.0054	0.0434	40.0000
526	247.4928	263	247.4928	0.0388	0.4357	33.0000
527	238.4959	256	238.4959	0.1184	0.1516	34.0000
528	249.1581	261	249.1581	0.1697	0.1719	35.0000
529	244.4112	254	244.4112	0.1819	0.2023	39.0000
530	245.2229	259	245.2229	0.1339	0.1725	35.0000
531	244.4311	260	244.4311	0.3335	0.3651	30.0000
532	247.5347	264	247.5347	0.0201	0.0741	38.0000
533	249.1177	264	249.1177	0.0265	0.2073	30.0000
534	247.0340	265	247.0340	0.0949	0.0963	33.0000
535	243.5571	257	243.5571	0.1075	0.1563	33.0000
536	241.0160	249	241.0160	0.1508	0.2422	36.0000
537	247.0973	257	247.0973	0.0844	0.3477	31.0000
538	246.2639	262	246.2639	0.2456	0.2920	33.0000
539	250.2625	270	250.2625	0.0103	0.0676	36.0000
540	242.6193	258	242.6193	0.0554	0.2317	33.0000
541	245.1391	257	245.1391	0.0841	0.2068	42.0000
542	249.9292	259	249.9292	0.0034	0.1241	43.0000
543	244.5145	254	244.5145	0.1131	0.1510	38.0000
544	248.4306	259	248.4306	0.0446	0.0676	36.0000
545	248.4924	266	248.4924	0.0877	0.0963	33.0000
546	247.6804	261	247.6804	0.0967	0.1247	33.0000
547	246.2438	256	246.2438	0.0343	0.0447	37.0000
548	247.2640	260	247.2640	0.0977	0.1929	39.0000
549	242.0162	251	242.0162	0.0297	0.2960	37.0000
550	249.3667	263	249.3667	0.1545	0.2073	37.0000
551	239.3292	253	239.3292	0.1533	0.1816	34.0000
552	249.5959	266	249.5959	0.0049	0.1192	38.0000
553	244.9308	256	244.9308	0.0121	0.2139	35.0000
554	246.4519	259	246.4519	0.0097	0.0334	35.0000
555	243.3064	262	243.3064	0.1420	0.3104	30.0000
556	248.0756	264	248.0756	0.0186	0.0786	36.0000
557	245.5148	251	245.5148	0.0929	0.0963	43.0000
558	244.3269	260	244.3269	0.1967	0.2614	37.0000
559	249.0751	269	249.0751	0.1364	0.2274	36.0000
560	242.0151	253	242.0151	0.0959	0.1289	40.0000
561	246.8468	258	246.8468	0.0719	0.2023	38.0000
562	248.4301	262	248.4301	0.0537	0.1013	34.0000
563	246.9721	264	246.9721	0.0050	0.0494	36.0000
564	250.2211	269	250.2211	0.1816	0.2511	37.0000
565	241.3501	250	241.3501	0.0046	0.1295	40.0000
566	247.9511	258	247.9511	0.0055	0.0963	36.0000
567	248.5136	259	248.5136	0.1643	0.1725	37.0000
568	244.9314	258	244.9314	0.0508	0.0676	35.0000
569	238.9331	252	238.9331	0.0051	0.0434	40.0000
570	250.3041	268	250.3041	0.0229	0.2231	33.0000
571	243.7030	257	243.7030	0.1047	0.1563	32.0000
572	247.4096	257	247.4096	0.0356	0.1013	37.0000
573	246.2017	250	246.2017	0.0255	0.0906	44.0000
574	249.9706	262	249.9706	0.0696	0.1816	39.0000
575	240.7667	251	240.7667	0.1000	0.3265	36.0000
576	249.5545	264	249.5545	0.1299	0.1462	35.0000
577	249.6586	265	249.6586	0.0391	0.0963	39.0000
578	242.4532	258	242.4532	0.1161	0.1563	34.0000
579	242.9739	257	242.9739	0.0062	0.1462	32.0000
580	245.2857	254	245.2857	0.0507	0.0913	38.0000
581	241.7032	251	241.7032	0.1656	0.2073	32.0000
582	250.4301	260	250.4301	0.2236	0.2736	39.0000
583	246.3893	252	246.3893	0.0690	0.0728	39.0000
584	245.9519	262	245.9519	0.0357	0.0728	37.0000
585	245.7851	267	245.7851	0.0526	0.1731	37.0000
586	245.1192	253	245.1192	0.1190	0.2338	40.0000
587	245.7845	258	245.7845	0.0276	0.1295	35.0000
588	233.2687	243	233.2687	0.1847	0.2736	35.0000
589	246.8257	266	246.8257	0.1131	0.1241	39.0000
590	247.5349	261	247.5349	0.2364	0.3056	35.0000
591	248.7218	264	248.7218	0.0440	0.0689	37.0000
592	244.7655	257	244.7655	0.1453	0.2464	34.0000
593	250.3459	260	250.3459	0.0448	0.1241	38.0000
594	246.7426	259	246.7426	0.2122	0.2269	34.0000
595	249.9290	267	249.9290	0.1122	0.1474	39.0000
596	246.4099	259	246.4099	0.1145	0.1816	30.0000
597	247.3053	259	247.3053	0.1445	0.1609	33.0000
598	246.9310	263	246.9310	0.0353	0.2836	36.0000
599	248.6798	261	248.6798	0.2285	0.3138	36.0000
600	248.0347	266	248.0347	0.1412	0.2231	37.0000
601	246.9724	264	246.9724	0.0922	0.1247	40.0000
602	248.7212	262	248.7212	0.0518	0.0975	38.0000
603	249.0972	259	249.0972	0.0036	0.0434	35.0000
604	247.7844	262	247.7844	0.0731	0.2375	33.0000
605	244.3690	256	244.3690	0.1559	0.1929	38.0000
606	244.0774	252	244.0774	0.0730	0.1247	37.0000
607	248.4301	251	248.4301	0.1109	0.1289	42.0000
608	245.2430	269	245.2430	0.0815	0.1974	29.0000
609	246.9722	259	246.9722	0.0329	0.2797	39.0000
610	243.0574	256	243.0574	0.0201	0.1137	36.0000
611	247.7007	260	247.7007	0.1083	0.1241	39.0000
612	249.6374	270	249.6374	0.0513	0.1081	33.0000
613	244.8486	257	244.8486	0.0207	0.1828	35.0000
614	242.6193	261	242.6193	0.0094	0.0856	33.0000
615	245.9307	259	245.9307	0.1137	0.2380	33.0000
616	248.2218	258	248.2218	0.0480	0.0728	37.0000
617	249.6171	264	249.6171	0.0488	0.1409	31.0000
618	248.8262	262	248.8262	0.1886	0.2650	34.0000
619	245.2855	260	245.2855	0.0648	0.1013	35.0000
620	245.0559	263	245.0559	0.0208	0.0728	34.0000
621	247.6589	267	247.6589	0.0625	0.3162	31.0000
622	248.9292	271	248.9292	0.0342	0.0741	32.0000
623	249.5346	264	249.5346	0.0409	0.1844	32.0000
624	249.5959	260	249.5959	0.0086	0.2464	40.0000
625	247.3476	260	247.3476	0.0664	0.2084	41.0000
626	238.2463	255	238.2463	0.0524	0.0741	36.0000
627	243.5158	256	243.5158	0.0854	0.1685	37.0000
628	238.3087	251	238.3087	0.1907	0.2797	39.0000
629	247.6393	261	247.6393	0.0016	0.1979	38.0000
630	250.1377	267	250.1377	0.0400	0.3349	34.0000
631	250.0750	269	250.0750	0.0354	0.0728	36.0000
632	243.9939	254	243.9939	0.0499	0.1025	37.0000
633	244.5774	257	244.5774	0.2455	0.2464	35.0000
634	245.1815	257	245.1815	0.1425	0.3993	32.0000
635	249.2842	260	249.2842	0.1450	0.1462	38.0000
636	246.9092	261	246.9092	0.0530	0.0734	39.0000
637	248.7432	258	248.7432	0.1834	0.2359	39.0000
638	245.5977	263	245.5977	0.0510	0.3964	33.0000
639	245.8274	264	245.8274	0.1912	0.2801	33.0000
640	238.7047	254	238.7047	0.1058	0.2480	34.0000
641	249.5752	266	249.5752	0.0138	0.0618	37.0000
642	245.9513	264	245.9513	0.0728	0.1415	35.0000
643	249.9297	264	249.9297	0.1466	0.2930	33.0000
644	243.5143	257	243.5143	0.0811	0.0963	31.0000
645	244.0356	257	244.0356	0.1293	0.1457	41.0000
646	250.2207	266	250.2207	0.1545	0.2177	35.0000
647	247.8475	259	247.8475	0.0845	0.0925	33.0000
648	241.6209	254	241.6209	0.0120	0.2459	38.0000
649	242.5988	255	242.5988	0.2723	0.2777	35.0000
650	248.2638	261	248.2638	0.0222	0.1725	38.0000
651	233.6020	251	233.6020	0.0768	0.1019	33.0000
652	248.5549	265	248.5549	0.1610	0.3664	37.0000
653	250.2208	264	250.2208	0.0911	0.2269	35.0000
654	249.5972	267	249.5972	0.0988	0.3440	38.0000
655	237.4125	255	237.4125	0.1749	0.2797	36.0000
656	244.9733	254	244.9733	0.1974	0.2475	38.0000
657	248.4297	264	248.4297	0.0039	0.1940	35.0000
658	250.0330	265	250.0330	0.0521	0.0786	40.0000
659	249.4088	264	249.4088	0.2080	0.2375	40.0000
660	250.0956	274	250.0956	0.0614	0.1690	34.0000
661	246.7220	264	246.7220	0.0201	0.0434	35.0000
662	249.8461	267	249.8461	0.0604	0.2035	38.0000
663	245.9095	262	245.9095	0.0700	0.0741	38.0000
664	246.2218	263	246.2218	0.0811	0.4294	34.0000
665	249.0960	264	249.0960	0.1833	0.2023	36.0000
666	248.6796	261	248.6796	0.0450	0.1719	37.0000
667	243.2237	259	243.2237	0.0699	0.2464	30.0000
668	248.3675	270	248.3675	0.0854	0.1019	34.0000
669	245.3686	257	245.3686	0.2610	0.3751	37.0000
670	249.7840	265	249.7840	0.2784	0.2935	38.0000
671	245.9725	259	245.9725	0.0418	0.2133	37.0000
672	240.9747	247	240.9747	0.0325	0.0381	35.0000
673	244.6188	258	244.6188	0.0721	0.1934	40.0000
674	248.2425	258	248.2425	0.0411	0.1253	42.0000
675	238.1008	254	238.1008	0.0508	0.1725	32.0000
676	242.9736	259	242.9736	0.0813	0.1013	37.0000
677	248.3050	262	248.3050	0.1452	0.2226	37.0000
678	245.8895	262	245.8895	0.0236	0.2706	35.0000
679	249.1583	265	249.1583	0.0249	0.0434	38.0000
680	246.4732	260	246.4732	0.0161	0.1557	35.0000
681	243.8685	262	243.8685	0.0758	0.2023	30.0000
682	247.8045	260	247.8045	0.0071	0.0441	35.0000
683	249.6177	264	249.6177	0.0502	0.1295	35.0000
684	242.2855	259	242.2855	0.0398	0.2417	31.0000
685	243.3492	253	243.3492	0.0080	0.0434	37.0000
686	249.5553	264	249.5553	0.1494	0.1719	36.0000
687	244.7440	258	244.7440	0.1418	0.1627	33.0000
688	249.1379	264	249.1379	0.1176	0.1522	36.0000
689	248.7419	266	248.7419	0.2279	0.2327	35.0000
690	248.3886	261	248.3886	0.2974	0.4105	39.0000
691	245.2860	257	245.2860	0.1054	0.1816	35.0000
692	240.7038	254	240.7038	0.0371	0.1025	34.0000
693	249.6168	265	249.6168	0.0171	0.0447	38.0000
694	250.1172	268	250.1172	0.1039	0.3811	36.0000
695	241.8908	252	241.8908	0.0514	0.1013	36.0000
696	247.1389	262	247.1389	0.0733	0.1069	38.0000
697	245.9104	259	245.9104	0.0333	0.1736	33.0000
698	244.2228	257	244.2228	0.0331	0.0434	42.0000
699	249.5552	266	249.5552	0.1793	0.2226	34.0000
700	243.2860	253	243.2860	0.0632	0.0676	31.0000
701	249.5343	261	249.5343	0.2153	0.2236	37.0000
702	250.0964	260	250.0964	0.1058	0.2736	38.0000
703	249.1377	261	249.1377	0.0226	0.1241	33.0000
704	249.2211	271	249.2211	0.2847	0.3056	34.0000
705	248.9712	265	248.9712	0.0690	0.1516	36.0000
706	249.5542	267	249.5542	0.0254	0.0975	32.0000
707	247.8056	259	247.8056	0.0410	0.2117	32.0000
708	249.3049	260	249.3049	0.0565	0.1563	40.0000
709	249.9080	267	249.9080	0.0835	0.2736	33.0000
710	245.9530	257	245.9530	0.0327	0.1468	38.0000
711	244.3483	262	244.3483	0.0569	0.2696	33.0000
712	248.3466	268	248.3466	0.3426	0.4002	32.0000
713	245.4726	254	245.4726	0.1140	0.1241	34.0000
714	244.2238	259	244.2238	0.0465	0.1025	35.0000
715	242.1198	252	242.1198	0.0358	0.0963	38.0000
716	249.3041	262	249.3041	0.1906	0.2079	31.0000
717	239.9122	255	239.9122	0.1043	0.2380	36.0000
718	249.5961	266	249.5961	0.0534	0.1289	38.0000
719	243.2642	257	243.2642	0.0618	0.0963	41.0000
720	238.8085	251	238.8085	0.0455	0.0638	33.0000
721	242.6825	250	242.6825	0.0369	0.0728	40.0000
722	247.0138	263	247.0138	0.0082	0.1510	35.0000
723	246.3274	258	246.3274	0.1482	0.1574	38.0000
724	244.0988	250	244.0988	0.1258	0.1771	42.0000
725	244.5357	261	244.5357	0.1230	0.1979	29.0000
726	243.9101	259	243.9101	0.0751	0.1462	38.0000
727	246.8884	262	246.8884	0.0300	0.3237	31.0000
728	245.8063	260	245.8063	0.0203	0.0741	36.0000
729	242.7652	259	242.7652	0.1022	0.2317	32.0000
730	249.4300	265	249.4300	0.1325	0.1771	35.0000
731	248.7837	263	248.7837	0.0064	0.1247	37.0000
732	245.6189	258	245.6189	0.0232	0.0447	36.0000
733	246.3476	256	246.3476	0.0465	0.2836	34.0000
734	247.0556	264	247.0556	0.0277	0.1510	36.0000
735	246.2432	258	246.2432	0.0522	0.1343	41.0000
736	244.7650	256	244.7650	0.2199	0.3477	37.0000
737	244.6813	260	244.6813	0.0746	0.3486	40.0000
738	250.1375	264	250.1375	0.0704	0.2269	35.0000
739	249.9081	269	249.9081	0.2046	0.2177	32.0000
740	245.5142	256	245.5142	0.1077	0.1816	38.0000
741	246.5349	260	246.5349	0.1936	0.2177	36.0000
742	247.8047	260	247.8047	0.0104	0.1013	39.0000
743	241.4324	249	241.4324	0.0834	0.1069	35.0000
744	248.0344	266	248.0344	0.0256	0.1137	39.0000
745	239.9537	260	239.9537	0.0186	0.2226	32.0000
746	249.5131	259	249.5131	0.0403	0.2691	39.0000
747	249.4089	262	249.4089	0.0670	0.1673	36.0000
748	249.7003	266	249.7003	0.0285	0.1069	40.0000
749	245.8488	258	245.8488	0.0612	0.1510	36.0000
750	248.7626	261	248.7626	0.0822	0.1415	36.0000
751	245.2649	256	245.2649	0.0764	0.1510	31.0000
752	246.2841	263	246.2841	0.0683	0.2226	36.0000
753	241.8915	253	241.8915	0.0556	0.2428	34.0000
754	245.3066	263	245.3066	0.0942	0.3138	35.0000
755	245.1600	264	245.1600	0.0972	0.2417	33.0000
756	247.4308	262	247.4308	0.0683	0.1149	36.0000
757	242.4531	250	242.4531	0.4486	0.4717	38.0000
758	238.9966	253	238.9966	0.0972	0.1032	33.0000
759	248.4092	260	248.4092	0.0867	0.2046	41.0000
760	248.2427	261	248.2427	0.1871	0.2506	35.0000
761	244.2025	256	244.2025	0.2010	0.2333	38.0000
762	241.3070	259	241.3070	0.0071	0.1979	32.0000
763	249.3467	262	249.3467	0.0178	0.1979	38.0000
764	249.5541	264	249.5541	0.0274	0.0381	40.0000
765	245.9731	262	245.9731	0.0899	0.1946	35.0000
766	246.3682	259	246.3682	0.0780	0.2269	32.0000
767	244.3063	258	244.3063	0.1770	0.3232	34.0000
768	244.5564	256	244.5564	0.1163	0.1557	35.0000
769	245.3476	260	245.3476	0.0175	0.2073	34.0000
770	241.5998	254	241.5998	0.2417	0.2736	35.0000
771	244.7856	262	244.7856	0.0902	0.2969	36.0000
772	249.5961	258	249.5961	0.0535	0.0676	38.0000
773	247.1385	261	247.1385	0.0223	0.0728	37.0000
774	246.7636	262	246.7636	0.1617	0.2274	38.0000
775	246.7223	265	246.7223	0.1343	0.2846	37.0000
776	249.1177	265	249.1177	0.0701	0.3095	35.0000
777	245.9724	265	245.9724	0.0197	0.1516	36.0000
778	247.0552	266	247.0552	0.0376	0.1522	35.0000
779	239.5791	251	239.5791	0.0797	0.1557	32.0000
780	245.4108	260	245.4108	0.0729	0.2797	27.0000
781	246.7228	264	246.7228	0.1023	0.1782	38.0000
782	237.7464	249	237.7464	0.0460	0.1522	41.0000
783	242.6613	263	242.6613	0.0783	0.1990	34.0000
784	243.9725	261	243.9725	0.1407	0.1462	36.0000
785	247.4928	256	247.4928	0.1901	0.2506	36.0000
786	244.2025	252	244.2025	0.0650	0.2269	35.0000
787	246.8060	261	246.8060	0.0439	0.1568	35.0000
788	245.8897	259	245.8897	0.0863	0.1776	40.0000
789	249.3461	263	249.3461	0.2802	0.2881	39.0000
790	250.1381	261	250.1381	0.0835	0.0963	41.0000
791	242.9527	252	242.9527	0.2797	0.3686	37.0000
792	248.7007	264	248.7007	0.3397	0.4068	31.0000
793	246.0350	262	246.0350	0.0063	0.0728	28.0000
794	242.4321	256	242.4321	0.1321	0.1462	36.0000
795	248.3259	260	248.3259	0.2020	0.2797	39.0000
796	249.7837	262	249.7837	0.0205	0.2475	40.0000
797	239.5168	248	239.5168	0.1531	0.1557	42.0000
798	250.1378	268	250.1378	0.0235	0.0494	31.0000
799	247.5338	260	247.5338	0.0429	0.1289	37.0000
800	238.8921	250	238.8921	0.0909	0.2777	38.0000
801	248.6177	262	248.6177	0.0019	0.0728	42.0000
802	250.1804	263	250.1804	0.0307	0.1069	40.0000
803	245.4312	260	245.4312	0.1621	0.1725	36.0000
804	245.3264	262	245.3264	0.1595	0.2846	31.0000
805	243.9523	254	243.9523	0.0688	0.2380	39.0000
806	243.9110	260	243.9110	0.1554	0.2558	35.0000
807	246.9714	262	246.9714	0.0809	0.1568	32.0000
808	248.9093	259	248.9093	0.1559	0.2706	38.0000
809	245.1185	263	245.1185	0.0189	0.0434	32.0000
810	246.0767	259	246.0767	0.0316	0.2609	37.0000
811	247.4309	262	247.4309	0.1369	0.1985	34.0000
812	249.1172	261	249.1172	0.0751	0.1241	39.0000
813	245.6597	261	245.6597	0.0675	0.1137	36.0000
814	244.8471	261	244.8471	0.1314	0.1679	36.0000
815	248.5761	258	248.5761	0.0956	0.1510	39.0000
816	245.5564	259	245.5564	0.0679	0.1025	37.0000
817	245.8059	259	245.8059	0.0516	0.1816	36.0000
818	249.2845	259	249.2845	0.1737	0.2073	39.0000
819	244.0777	257	244.0777	0.0379	0.1289	33.0000
820	248.0554	256	248.0554	0.1236	0.1462	37.0000
821	243.4732	262	243.4732	0.1113	0.1979	35.0000
822	245.8475	263	245.8475	0.1225	0.1510	36.0000
823	249.7419	260	249.7419	0.0119	0.1013	35.0000
824	246.3061	258	246.3061	0.0635	0.0741	35.0000
825	248.2635	263	248.2635	0.1424	0.1771	35.0000
826	248.3262	258	248.3262	0.0211	0.0494	36.0000
827	247.7427	263	247.7427	0.0919	0.2333	40.0000
828	241.7874	257	241.7874	0.0348	0.2274	29.0000
829	246.3890	267	246.3890	0.1616	0.1890	34.0000
830	246.8472	261	246.8472	0.0859	0.2084	31.0000
831	247.2859	262	247.2859	0.0486	0.2553	40.0000
832	249.4711	271	249.4711	0.0963	0.1013	38.0000
833	244.3269	257	244.3269	0.1778	0.1934	36.0000
834	244.2441	258	244.2441	0.1073	0.1289	34.0000
835	247.0548	263	247.0548	0.0262	0.1510	29.0000
836	246.4304	263	246.4304	0.2751	0.3056	37.0000
837	243.9733	252	243.9733	0.2292	0.2553	41.0000
838	243.0577	258	243.0577	0.0213	0.1241	38.0000
839	247.9097	262	247.9097	0.0831	0.1241	36.0000
840	241.8283	254	241.8283	0.2528	0.2655	35.0000
841	245.3056	261	245.3056	0.0720	0.1782	34.0000
842	244.7018	260	244.7018	0.2317	0.2327	38.0000
843	240.8294	248	240.8294	0.0507	0.2269	33.0000
844	249.1596	263	249.1596	0.0685	0.1427	36.0000
845	250.2421	263	250.2421	0.0908	0.2999	36.0000
846	239.9750	250	239.9750	0.0373	0.1462	40.0000
847	246.9098	257	246.9098	0.0513	0.2475	39.0000
848	244.5154	262	244.5154	0.1325	0.1343	33.0000
849	238.0587	248	238.0587	0.0025	0.1557	36.0000
850	242.2239	257	242.2239	0.1574	0.1725	40.0000
851	242.2860	255	242.2860	0.0519	0.1241	34.0000
852	248.7006	261	248.7006	0.0299	0.1025	39.0000
853	244.7439	256	244.7439	0.0506	0.1013	37.0000
854	247.0976	258	247.0976	0.0868	0.1557	38.0000
855	245.6605	261	245.6605	0.0366	0.2802	30.0000
856	243.9525	258	243.9525	0.0383	0.0434	33.0000
857	246.5770	258	246.5770	0.1892	0.1929	40.0000
858	246.7849	259	246.7849	0.0508	0.1241	39.0000
859	241.2659	254	241.2659	0.2216	0.3061	35.0000
860	246.5969	266	246.5969	0.2092	0.2177	33.0000
861	246.6388	260	246.6388	0.2030	0.2311	35.0000
862	248.3880	267	248.3880	0.1994	0.2023	33.0000
863	246.9100	260	246.9100	0.0105	0.0192	38.0000
864	243.7648	256	243.7648	0.0499	0.1510	36.0000
865	243.5778	255	243.5778	0.0030	0.2182	34.0000
866	247.8462	262	247.8462	0.0603	0.1940	36.0000
867	250.0960	264	250.0960	0.0293	0.2068	34.0000
868	248.8672	261	248.8672	0.1686	0.2881	35.0000
869	238.0388	249	238.0388	0.0404	0.0441	39.0000
870	243.8074	256	243.8074	0.1308	0.1580	33.0000
871	246.1808	263	246.1808	0.0436	0.2029	30.0000
872	243.2235	260	243.2235	0.1482	0.2068	32.0000
873	250.2006	261	250.2006	0.3406	0.3440	34.0000
874	242.0987	253	242.0987	0.0430	0.1934	30.0000
875	248.3264	265	248.3264	0.1393	0.2741	29.0000
876	249.9297	266	249.9297	0.0951	0.1609	36.0000
877	249.0765	258	249.0765	0.0059	0.1510	35.0000
878	242.4115	249	242.4115	0.0001	0.2035	37.0000
879	250.0750	265	250.0750	0.1175	0.1409	36.0000
880	247.4094	260	247.4094	0.0797	0.1979	40.0000
881	249.0133	258	249.0133	0.1261	0.1510	40.0000
882	240.2042	255	240.2042	0.2123	0.2269	33.0000
883	242.0162	249	242.0162	0.1882	0.3349	37.0000
884	244.3696	257	244.3696	0.0810	0.3837	35.0000
885	239.2663	254	239.2663	0.0096	0.1295	37.0000
886	249.2841	263	249.2841	0.0715	0.0728	36.0000
887	250.2838	261	250.2838	0.0325	0.1816	40.0000
888	247.4096	261	247.4096	0.0187	0.2285	36.0000
889	249.5962	262	249.5962	0.0157	0.0676	38.0000
890	249.8046	260	249.8046	0.0211	0.0728	38.0000
891	244.7648	257	244.7648	0.2004	0.2960	40.0000
892	248.9293	265	248.9293	0.0622	0.0728	38.0000
893	247.7838	264	247.7838	0.0680	0.0913	39.0000
894	249.9720	258	249.9720	0.1279	0.1557	38.0000
895	246.4517	262	246.4517	0.1836	0.2960	35.0000
896	248.3467	263	248.3467	0.0172	0.0963	34.0000
897	249.7417	263	249.7417	0.0008	0.1301	39.0000
898	246.0351	260	246.0351	0.1498	0.2464	33.0000
899	245.9310	262	245.9310	0.0427	0.2040	33.0000
900	244.2241	262	244.2241	0.2164	0.2578	35.0000
901	249.9295	266	249.9295	0.0483	0.2133	40.0000
902	238.7461	260	238.7461	0.0383	0.3143	34.0000
903	244.4730	259	244.4730	0.0002	0.1940	37.0000
904	247.9925	265	247.9925	0.1692	0.3436	35.0000
905	245.5140	266	245.5140	0.0073	0.1457	35.0000
906	241.4744	257	241.4744	0.0474	0.0494	36.0000
907	246.8886	261	246.8886	0.0152	0.2177	37.0000
908	248.5549	261	248.5549	0.1829	0.2609	32.0000
909	241.1826	262	241.1826	0.2871	0.3611	32.0000
910	250.0541	268	250.0541	0.1045	0.2422	35.0000
911	247.3049	265	247.3049	0.0006	0.0381	36.0000
912	245.9522	263	245.9522	0.1179	0.2269	33.0000
913	249.9306	259	249.9306	0.0009	0.2333	36.0000
914	247.5556	264	247.5556	0.0047	0.1019	37.0000
915	250.2626	264	250.2626	0.0048	0.1143	39.0000
916	246.8681	256	246.8681	0.0031	0.0192	38.0000
917	234.3721	251	234.3721	0.1349	0.1361	29.0000
918	245.3895	258	245.3895	0.0211	0.1776	40.0000
919	248.0765	261	248.0765	0.2130	0.2701	34.0000
920	249.0133	266	249.0133	0.0122	0.1782	40.0000
921	246.6399	255	246.6399	0.0839	0.1771	38.0000
922	244.1399	257	244.1399	0.0519	0.2428	37.0000
923	247.9932	253	247.9932	0.0997	0.1725	44.0000
924	245.0771	255	245.0771	0.0161	0.1816	38.0000
925	240.5995	257	240.5995	0.1500	0.1771	34.0000
926	244.9101	258	244.9101	0.0394	0.0566	37.0000
927	240.7871	251	240.7871	0.0237	0.1462	37.0000
928	247.1595	263	247.1595	0.1904	0.3956	37.0000
929	246.7635	261	246.7635	0.0607	0.1241	34.0000
930	250.2420	269	250.2420	0.1217	0.1776	38.0000
931	246.9926	262	246.9926	0.0470	0.2375	34.0000
932	247.4919	268	247.4919	0.0058	0.1013	35.0000
933	249.1175	262	249.1175	0.0828	0.1019	41.0000
934	244.8480	264	244.8480	0.1035	0.2925	32.0000
935	249.4292	267	249.4292	0.2897	0.3232	33.0000
936	245.1816	256	245.1816	0.1196	0.2721	36.0000
937	247.3260	258	247.3260	0.0482	0.1574	37.0000
938	243.1400	258	243.1400	0.0440	0.1557	37.0000
939	246.6183	262	246.6183	0.0316	0.1457	36.0000
940	250.2629	266	250.2629	0.0803	0.1013	38.0000
941	248.1801	260	248.1801	0.0824	0.1289	35.0000
942	241.7244	251	241.7244	0.0452	0.2558	33.0000
943	246.4716	260	246.4716	0.0418	0.0913	38.0000
944	247.0554	255	247.0554	0.0494	0.1979	36.0000
945	248.2849	261	248.2849	0.0990	0.1019	42.0000
946	250.2835	270	250.2835	0.1453	0.1731	39.0000
947	247.2434	259	247.2434	0.0784	0.3223	32.0000
948	250.0333	259	250.0333	0.0205	0.1510	41.0000
949	245.5564	257	245.5564	0.1633	0.1771	34.0000
950	244.9728	263	244.9728	0.1173	0.2023	33.0000
951	245.6813	258	245.6813	0.0191	0.0728	31.0000
952	243.3067	257	243.3067	0.0640	0.0963	37.0000
953	249.1176	264	249.1176	0.0117	0.0975	36.0000
954	246.0983	253	246.0983	0.1725	0.2182	39.0000
955	249.3055	262	249.3055	0.0515	0.2236	42.0000
956	244.3491	258	244.3491	0.0521	0.1013	41.0000
957	244.6407	256	244.6407	0.2675	0.2777	35.0000
958	246.2017	260	246.2017	0.0030	0.1289	36.0000
959	245.7855	260	245.7855	0.0508	0.3056	33.0000
960	247.7431	264	247.7431	0.0600	0.3399	35.0000
961	249.8663	271	249.8663	0.1268	0.1771	33.0000
962	247.0353	255	247.0353	0.0662	0.0734	39.0000
963	250.1384	264	250.1384	0.0317	0.3602	35.0000
964	242.0992	255	242.0992	0.0872	0.1013	34.0000
965	248.6598	258	248.6598	0.0265	0.1771	41.0000
966	243.2445	256	243.2445	0.0581	0.1609	35.0000
967	240.1829	254	240.1829	0.0697	0.1516	34.0000
968	247.0130	264	247.0130	0.0566	0.1563	36.0000
969	248.7215	265	248.7215	0.0785	0.1516	38.0000
970	248.1375	264	248.1375	0.0828	0.1934	37.0000
971	247.6183	261	247.6183	0.0317	0.0381	35.0000
972	248.9926	261	248.9926	0.0387	0.0786	32.0000
973	250.0961	263	250.0961	0.2015	0.2231	37.0000
974	244.9107	258	244.9107	0.0626	0.0728	35.0000
975	245.3064	261	245.3064	0.0150	0.0618	34.0000
976	244.3489	250	244.3489	0.0747	0.2881	40.0000
977	243.6608	254	243.6608	0.1222	0.1771	38.0000
978	242.4530	261	242.4530	0.1143	0.1679	37.0000
979	241.5987	253	241.5987	0.0290	0.2068	41.0000
980	250.1169	264	250.1169	0.0932	0.2040	34.0000
981	243.3284	253	243.3284	0.0393	0.1510	37.0000
982	248.6795	264	248.6795	0.0941	0.0963	36.0000
983	242.6611	253	242.6611	0.1634	0.2023	34.0000
984	247.9511	261	247.9511	0.1423	0.1725	36.0000
985	248.0971	265	248.0971	0.3984	0.3993	34.0000
986	250.2202	265	250.2202	0.0694	0.0913	37.0000
987	246.7230	258	246.7230	0.1458	0.1609	36.0000
988	237.1633	247	237.1633	0.0713	0.1013	37.0000
989	248.8685	258	248.8685	0.0261	0.1013	38.0000
990	249.3462	267	249.3462	0.1472	0.3513	36.0000
991	239.3083	254	239.3083	0.0561	0.0676	36.0000
992	247.6386	263	247.6386	0.0185	0.3321	34.0000
993	248.5758	267	248.5758	0.1373	0.1415	38.0000
994	241.6822	256	241.6822	0.1290	0.3307	40.0000
995	245.4308	262	245.4308	0.1340	0.3152	35.0000
996	239.6413	256	239.6413	0.1548	0.2422	39.0000
997	248.3468	258	248.3468	0.3370	0.3803	40.0000
998	243.3487	254	243.3487	0.1872	0.2696	34.0000
999	247.9931	261	247.9931	0.0576	0.1816	37.0000
1000	247.8675	262	247.8675	0.2861	0.3056	34.0000
