1	250.0488	252	20
2	250.7157	258	15
3	251.6317	257	22
4	250.2154	260	21
5	250.0281	256	20
6	250.3404	250	17
7	250.3200	255	14
8	250.0074	253	14
9	250.7156	256	21
10	250.7357	254	27
11	250.9655	255	18
12	250.4239	248	12
13	250.4239	249	12
14	250.2362	250	17
15	250.1116	256	15
16	250.8408	254	13
17	250.1115	251	17
18	250.6943	251	19
19	250.5492	260	14
20	250.6320	252	18
21	250.8198	253	10
22	251.5903	259	16
23	250.5278	252	21
24	250.8196	251	12
25	250.5280	253	16
26	250.7155	248	12
27	250.4862	256	19
28	250.7152	252	19
29	250.1326	252	10
30	250.3401	255	27
31	251.1527	255	20
32	250.1320	251	18
33	250.2365	250	15
34	250.6324	252	13
35	250.1112	253	19
36	250.5697	255	17
37	251.3820	256	16
38	250.8402	251	20
39	250.9445	255	18
40	250.4238	254	19
41	250.8615	255	15
42	250.0283	258	18
43	250.8614	251	13
44	250.2571	253	20
45	250.2988	254	15
46	250.1114	256	21
47	250.6737	251	15
48	250.8196	253	16
49	250.4027	248	18
50	250.1530	250	16
51	251.5487	253	11
52	250.8819	252	18
53	250.4238	254	16
54	250.4029	252	17
55	250.0285	257	15
56	250.4654	251	16
57	250.5699	254	14
58	250.5906	255	13
59	250.0695	251	18
60	250.8612	256	17
61	251.0696	250	12
62	251.3405	257	16
63	250.0492	254	16
64	250.5074	255	15
65	250.8613	253	13
66	250.0283	250	12
67	250.4031	252	14
68	250.4033	253	15
69	251.3402	258	19
70	250.0487	254	21
71	250.6113	251	13
72	251.3613	255	15
73	250.1741	253	17
74	250.0697	255	20
75	250.3405	248	13
76	250.3821	251	18
77	250.5071	257	18
78	250.2364	251	12
79	250.1118	256	12
80	250.6740	256	14
81	250.1115	252	17
82	250.0698	248	12
83	250.6112	252	16
84	250.7778	256	19
85	250.8196	252	13
86	250.2989	250	14
87	250.1944	248	22
88	250.3821	252	18
89	250.2573	254	14
90	250.5280	253	16
91	250.5908	257	17
92	250.7156	254	14
93	250.4033	252	15
94	250.5281	258	18
95	250.5694	257	26
96	250.0905	251	18
97	251.3613	262	16
98	250.2989	251	14
99	250.8613	256	21
100	250.1535	256	13
101	250.3614	251	13
102	250.5698	256	14
103	250.2364	253	19
104	250.0906	249	17
105	250.8198	255	17
106	250.5071	251	16
107	250.4033	252	12
108	250.0074	254	15
109	250.2364	252	15
110	250.1118	255	12
111	250.5075	251	8
112	250.1111	251	25
113	250.7985	249	19
114	250.8404	250	14
115	250.5073	252	14
116	250.3820	255	22
117	251.3614	258	12
118	250.7364	253	15
119	250.1737	252	18
120	250.1320	251	18
121	250.8404	250	14
122	250.6325	259	18
123	250.4240	255	17
124	250.6112	253	17
125	250.6735	252	18
126	250.2362	252	18
127	250.4236	252	22
128	250.6533	255	9
129	250.2366	254	16
130	250.0283	249	12
131	250.8613	254	14
132	251.1947	259	16
133	250.1947	252	15
134	250.0490	252	14
135	250.9448	253	12
136	251.5902	253	14
137	251.1109	256	23
138	250.7157	251	10
139	250.6528	251	19
140	250.3821	252	18
141	251.5067	250	19
142	250.5488	251	14
143	250.5697	253	13
144	250.2152	254	22
145	250.0906	257	19
146	251.4236	251	12
147	250.6745	256	9
148	250.0909	254	13
149	250.0697	252	19
150	250.6946	256	19
151	250.1740	256	14
152	250.7156	253	17
153	250.0907	252	15
154	250.3198	252	13
155	250.3617	255	15
156	250.1320	253	21
157	250.6945	252	20
158	250.1533	248	10
159	250.6322	254	16
160	251.4860	255	18
161	251.2362	250	11
162	250.3407	249	11
163	251.5896	252	25
164	250.7777	254	22
165	250.2365	248	11
166	250.0696	249	18
167	250.5905	253	18
168	250.7782	256	11
169	250.2368	254	11
170	250.6116	256	12
171	250.1739	252	16
172	251.0903	251	14
173	251.5900	254	17
174	250.6324	253	13
175	250.6324	253	13
176	250.1738	256	20
177	250.3819	261	26
178	250.1531	247	13
179	250.2780	256	20
180	250.5072	253	17
181	250.7781	254	13
182	250.3825	254	13
183	250.0072	254	20
184	250.2363	248	14
185	250.0075	250	11
186	250.1741	254	17
187	250.1739	253	16
188	250.1111	256	23
189	250.4447	254	15
190	250.7777	251	18
191	250.4240	253	13
192	250.6116	253	11
193	250.5697	252	13
194	250.4655	254	14
195	250.8818	257	25
196	251.1317	254	21
197	250.8608	250	24
198	250.1326	253	10
199	250.6739	253	16
200	250.5694	258	23
201	250.8821	252	15
202	250.8823	254	13
203	250.6529	257	22
204	250.6530	252	17
205	251.5900	253	17
206	250.2363	249	17
207	250.7156	255	14
208	250.4238	252	16
209	250.6737	251	15
210	251.4027	251	13
211	250.7361	254	21
212	250.0490	252	18
213	250.0488	253	21
214	250.4447	255	18
215	250.1737	252	18
216	250.4858	253	23
217	250.1739	253	16
218	250.3193	255	22
219	250.1116	255	18
220	250.8822	257	17
221	250.3821	252	15
222	250.2156	255	18
223	250.4240	253	13
224	251.2362	253	15
225	250.5072	253	17
226	250.0074	254	14
227	250.6115	250	10
228	250.6943	249	16
229	250.4028	253	20
230	250.3403	254	18
231	250.1324	252	13
232	251.5068	253	16
233	250.0070	255	23
234	250.1742	257	15
235	250.5696	249	15
236	250.7779	260	21
237	250.5286	256	12
238	250.3198	253	14
239	250.0905	250	17
240	250.0901	249	22
241	250.2569	254	23
242	250.9860	254	21
243	250.5696	249	15
244	250.4241	257	14
245	250.8405	255	15
246	250.3405	256	19
247	250.7571	255	18
248	250.5695	254	19
249	250.3824	248	8
250	250.6321	257	20
251	250.5906	256	16
252	250.3406	253	15
253	250.5278	252	21
254	250.6526	249	18
255	250.6949	259	14
256	250.7572	251	13
257	250.2569	252	19
258	250.7153	257	20
259	250.5696	255	16
260	250.5909	254	10
261	250.1114	255	17
262	250.1116	256	18
263	250.1533	255	16
264	251.6110	255	20
265	250.2784	258	15
266	250.4027	257	24
267	250.1116	253	11
268	250.2155	250	19
269	250.4242	253	11
270	250.0903	252	23
271	250.3406	252	15
272	250.6738	258	24
273	250.4238	252	16
274	250.6740	250	9
275	250.8820	249	14
276	250.8814	253	26
277	251.0694	248	14
278	250.6110	252	19
279	250.4448	253	15
280	250.1530	251	16
281	250.7154	252	13
282	250.4029	250	16
283	250.4865	252	12
284	250.5699	252	10
285	250.6322	254	16
286	250.2365	250	15
287	250.0282	252	13
288	250.8404	251	14
289	250.2365	256	20
290	250.5697	253	13
291	250.1323	250	15
292	251.1112	253	13
293	250.2991	252	11
294	251.6528	251	13
295	250.4445	247	16
296	250.1742	250	10
297	250.5490	253	15
298	251.2150	251	18
299	250.2780	256	20
300	250.5067	257	26
301	250.6526	256	23
302	250.4447	258	19
303	251.1944	253	17
304	250.5074	256	15
305	250.5487	256	21
306	250.1533	256	15
307	251.5694	258	20
308	250.4236	252	18
309	250.1739	254	19
310	250.4654	250	15
311	250.2155	251	16
312	250.3616	257	15
313	250.2572	259	22
314	250.7366	252	9
315	250.7363	256	19
316	250.3198	252	13
317	250.1947	250	14
318	250.3196	247	15
319	250.5491	254	12
320	250.3198	254	17
321	250.1529	254	21
322	250.6324	252	13
323	250.2569	253	20
324	250.5906	254	12
325	251.4444	251	13
326	250.8200	255	11
327	250.5488	253	21
328	250.6530	251	13
329	250.2573	256	19
330	250.4032	257	19
331	250.0908	250	12
332	250.1324	253	16
333	250.2575	255	12
334	250.4657	255	14
335	250.4865	254	19
336	250.4028	255	20
337	250.3611	252	19
338	250.2989	250	11
339	250.6532	250	11
340	250.0281	249	15
341	250.5282	255	17
342	250.9442	249	16
343	250.7365	255	13
344	250.1112	252	19
345	250.3407	249	11
346	250.2156	254	17
347	250.2573	246	9
348	250.4027	250	22
349	250.8196	254	16
350	250.7363	255	15
351	250.7777	251	18
352	250.6318	250	20
353	250.5280	253	16
354	251.0489	256	15
355	250.4862	255	19
356	250.5489	254	15
357	250.4240	255	17
358	251.2361	254	15
359	250.6737	254	19
360	251.3610	251	13
361	250.4028	253	20
362	250.6737	254	16
363	251.0699	256	15
364	250.8613	253	14
365	250.6324	253	13
366	250.5696	257	20
367	250.6942	254	23
368	250.0909	254	13
369	250.5902	256	22
370	250.2994	257	10
371	250.0281	250	15
372	250.6949	252	12
373	250.7152	255	20
374	250.6526	250	19
375	250.8613	254	17
376	250.3407	257	16
377	250.0074	248	13
378	250.7988	255	15
379	251.0697	254	17
380	250.7987	252	14
381	251.1112	255	17
382	250.6321	254	15
383	250.5907	252	12
384	250.4865	251	12
385	250.4448	251	12
386	250.5073	251	14
387	250.6948	256	19
388	250.0282	254	16
389	250.1741	254	14
390	250.2160	255	12
391	250.5696	256	20
392	250.4450	252	9
393	250.8608	256	26
394	250.1739	254	16
395	250.3613	252	16
396	250.7991	251	8
397	250.2989	250	14
398	250.7157	251	10
399	250.0906	255	19
400	250.5487	253	17
401	250.7988	255	18
402	251.2151	257	20
403	251.0485	253	17
404	250.8820	255	16
405	250.8821	252	15
406	250.5488	251	17
407	250.2991	253	12
408	250.2571	252	16
409	250.7365	251	12
410	250.7363	257	19
411	250.7569	247	15
412	250.0698	251	16
413	250.0697	252	16
414	250.8824	257	14
415	250.6111	257	21
416	250.1739	252	16
417	250.8406	250	8
418	250.3612	248	15
419	250.3819	253	21
420	250.3613	244	11
421	250.7157	260	19
422	250.7986	256	24
423	250.1949	252	12
424	250.4446	251	17
425	251.5686	253	26
426	250.0909	251	9
427	250.4031	252	14
428	250.0490	250	14
429	250.3618	251	8
430	250.4864	258	17
431	250.4236	254	22
432	250.3196	253	20
433	251.3818	257	19
434	250.8198	255	14
435	251.4444	252	14
436	250.4444	251	20
437	250.2780	255	19
438	250.4658	251	10
439	250.7154	253	16
440	250.7154	253	16
441	251.4234	259	23
442	251.0904	254	12
443	250.0906	256	19
444	250.5902	247	16
445	250.1114	255	17
446	251.2775	250	17
447	251.5694	257	17
448	250.0909	253	13
449	250.6948	255	13
450	250.0285	251	10
451	250.2988	248	13
452	250.6325	260	19
453	250.6112	253	17
454	250.2156	254	17
455	250.7989	251	11
456	250.2570	251	19
457	250.3611	255	20
458	250.0907	251	12
459	250.0906	254	15
460	250.4450	252	12
461	250.6530	252	14
462	250.9029	250	13
463	250.7989	258	16
464	250.4240	254	17
465	250.7366	252	9
466	250.7573	256	18
467	250.1741	253	13
468	250.8615	255	15
469	250.7781	253	13
470	250.8614	258	15
471	250.7989	251	11
472	250.0279	256	23
473	250.7987	258	19
474	250.7567	254	23
475	250.6531	253	11
476	250.3198	253	13
477	250.3822	255	19
478	251.6322	253	13
479	250.6115	260	16
480	250.0908	248	8
481	250.3822	255	16
482	250.1114	247	12
483	250.4655	255	17
484	250.0489	248	13
485	250.7783	253	7
486	250.6946	247	13
487	250.4866	249	8
488	250.6111	257	24
489	250.0697	252	16
490	250.5904	257	22
491	250.0909	254	13
492	250.6944	254	20
493	250.8198	252	10
494	250.2366	251	12
495	250.8407	255	13
496	250.6115	252	14
497	251.1529	253	14
498	250.4862	255	18
499	250.8403	255	18
500	250.4647	252	27
501	250.8617	255	9
502	250.3404	253	18
503	250.6322	253	15
504	250.9236	252	18
505	250.2365	258	20
506	250.3617	255	12
507	250.6321	249	14
508	250.0906	257	19
509	250.4861	259	23
510	250.3195	247	14
511	250.6944	255	21
512	250.8818	254	18
513	250.3406	253	18
514	251.2568	248	15
515	250.1734	249	21
516	250.2153	256	20
517	250.7154	254	20
518	250.0489	255	18
519	250.1530	251	16
520	250.2990	254	12
521	251.0278	254	16
522	250.5489	254	18
523	250.3822	259	24
524	250.0907	252	15
525	250.3615	254	14
526	250.7988	254	15
527	250.6533	254	12
528	250.4657	254	14
529	250.5700	252	14
530	250.3821	253	18
531	250.5695	255	23
532	250.2992	255	13
533	250.4445	254	18
534	250.1949	253	12
535	250.7361	254	18
536	250.4240	254	17
537	250.4237	256	20
538	250.2155	250	19
539	250.6324	253	13
540	250.4448	252	15
541	250.4657	253	11
542	250.3197	248	12
543	250.3612	250	19
544	250.2158	256	18
545	250.8401	256	21
546	250.6113	248	12
547	250.2571	254	20
548	250.5903	251	17
549	250.5074	253	11
550	251.2152	251	15
551	250.4447	249	11
552	250.9866	258	14
553	250.1951	253	9
554	250.6533	255	12
555	250.6108	252	22
556	250.9861	251	17
557	250.3198	255	17
558	250.2777	253	24
559	250.0702	260	16
560	250.1528	250	22
561	250.6532	258	16
562	250.2157	251	13
563	250.3821	253	19
564	250.0493	256	13
565	250.0490	251	14
566	250.1113	251	19
567	250.4657	253	14
568	250.1951	252	9
569	250.1740	256	17
570	250.0075	252	15
571	250.7570	259	21
572	251.6528	258	18
573	250.2988	255	18
574	250.5071	250	16
575	250.1531	253	14
576	250.2989	251	14
577	251.0486	252	20
578	250.7574	249	7
579	250.5487	253	17
580	250.8402	251	17
581	250.5902	255	21
582	250.8823	251	9
583	250.8404	251	14
584	250.3824	256	17
585	250.4242	255	11
586	250.8611	253	19
587	251.1112	255	17
588	250.7782	259	15
589	250.5490	261	23
590	250.1740	250	12
591	250.2154	255	20
592	250.3821	254	16
593	250.1114	255	20
594	250.9444	249	13
595	250.8405	257	19
596	250.1949	252	15
597	250.1950	255	13
598	250.5693	252	21
599	250.7984	261	28
600	250.0907	252	15
601	250.4031	252	14
602	250.8399	253	23
603	250.0908	249	11
604	250.7987	252	17
605	250.7779	252	15
606	250.7779	251	12
607	250.0700	250	10
608	250.8611	253	16
609	250.4867	252	10
610	250.6528	250	16
611	250.7780	256	16
612	250.6534	253	12
613	250.6741	254	10
614	250.5905	253	15
615	250.6111	256	20
616	250.5283	257	15
617	250.5695	251	15
618	250.5491	256	13
619	250.4655	252	13
620	250.8198	252	10
621	250.0700	257	15
622	250.0284	252	10
623	250.4447	256	16
624	250.1953	254	7
625	250.6526	256	23
626	250.2364	254	26
627	250.4243	257	12
628	250.6950	257	13
629	250.4030	255	18
630	250.8402	252	20
631	250.2158	253	11
632	250.3198	255	17
633	250.5698	256	14
634	250.6112	255	20
635	250.6321	256	19
636	250.6946	255	15
637	251.1531	254	12
638	250.6318	258	22
639	251.5278	253	12
640	250.8197	257	21
641	250.0283	257	18
642	251.3817	252	17
643	250.0908	255	16
644	250.6530	257	15
645	250.8613	254	14
646	250.1324	252	16
647	250.4866	256	14
648	250.6116	255	12
649	250.6116	254	15
650	250.3611	254	20
651	250.3822	255	16
652	250.1739	254	20
653	250.2986	253	20
654	250.6114	254	14
655	251.5696	256	14
656	250.8197	249	12
657	250.2572	250	13
658	251.3610	259	21
659	250.6528	250	16
660	250.4447	248	17
661	250.1951	252	9
662	251.1738	257	17
663	251.2569	254	20
664	250.3200	254	11
665	250.7572	252	14
666	250.8611	255	20
667	250.3611	253	19
668	250.1533	255	12
669	250.5488	258	19
670	250.5278	252	18
671	250.3824	257	14
672	250.1324	254	16
673	250.8406	253	12
674	251.1318	252	17
675	250.7155	256	17
676	250.8611	253	16
677	250.7154	255	20
678	250.0702	258	12
679	250.6114	253	14
680	250.8610	250	18
681	250.6948	255	16
682	250.4026	245	17
683	250.2161	253	12
684	251.3197	258	18
685	250.1324	253	13
686	250.8822	249	15
687	250.6529	256	21
688	250.8820	255	19
689	250.3614	251	13
690	250.0490	250	14
691	250.3404	250	17
692	250.1736	255	22
693	250.2987	249	16
694	250.4446	252	17
695	250.7986	254	20
696	250.8401	253	20
697	250.0072	256	21
698	250.7361	248	16
699	250.8610	257	20
700	250.3194	251	18
701	250.8612	256	17
702	250.7570	249	16
703	250.0492	253	12
704	250.7154	254	16
705	250.1531	257	22
706	250.8616	249	7
707	250.8195	250	15
708	250.1318	253	24
709	250.4033	252	11
710	250.2571	255	20
711	250.1323	255	16
712	250.4240	254	17
713	251.2991	253	9
714	250.0072	255	24
715	250.3406	253	15
716	250.1531	256	18
717	250.1324	255	17
718	250.1532	260	23
719	250.5693	254	22
720	250.2369	250	6
721	250.8406	252	12
722	251.3405	255	16
723	251.6731	252	20
724	250.2572	251	17
725	250.6317	255	24
726	250.5697	255	17
727	250.0491	247	10
728	250.7152	254	19
729	250.5906	256	16
730	250.2364	253	15
731	250.0073	252	14
732	250.7363	255	16
733	251.5902	256	18
734	250.2774	255	27
735	250.0906	256	19
736	250.5487	253	17
737	250.5280	251	15
738	250.1737	254	19
739	250.4654	256	20
740	250.1324	251	12
741	250.8403	256	19
742	250.4238	253	19
743	251.1322	253	12
744	250.0493	255	13
745	250.1325	256	14
746	250.6532	258	16
747	250.8819	254	19
748	250.2155	256	20
749	250.1945	251	20
750	251.5486	257	15
751	250.4861	253	21
752	250.7571	253	17
753	250.8613	254	17
754	250.2571	253	17
755	250.1947	250	14
756	250.6114	255	15
757	250.0074	256	19
758	250.8195	257	23
759	250.0905	253	18
760	250.6528	250	16
761	250.4033	252	11
762	250.4030	254	18
763	250.9448	251	8
764	250.3617	253	8
765	250.5281	257	17
766	250.4656	250	13
767	250.8611	252	16
768	250.4449	257	16
769	250.5692	255	25
770	250.8195	249	18
771	250.3405	257	19
772	250.2991	253	15
773	250.4239	258	21
774	250.2364	252	15
775	250.0909	260	18
776	251.4863	251	8
777	250.0489	256	22
778	250.2364	253	18
779	250.3405	254	18
780	250.4031	252	14
781	250.5279	247	14
782	250.7573	253	11
783	250.3822	258	20
784	250.4655	254	20
785	250.4034	255	13
786	250.8402	252	20
787	250.1532	252	14
788	250.2572	251	16
789	250.3616	251	14
790	250.6115	252	14
791	250.4861	253	21
792	250.3200	253	11
793	250.2156	254	17
794	250.5489	255	18
795	250.2159	251	8
796	250.0494	252	9
797	250.6530	251	14
798	250.6116	254	11
799	250.4238	252	15
800	250.3196	253	20
801	250.3613	256	21
802	250.7981	248	21
803	250.1532	251	14
804	250.1531	254	15
805	250.3615	254	15
806	250.4863	245	13
807	250.3819	250	20
808	250.5903	251	17
809	250.1530	251	17
810	250.3404	251	17
811	250.1743	254	11
812	250.0491	254	15
813	250.6528	251	17
814	250.3610	249	21
815	250.3192	254	25
816	250.5072	253	14
817	250.5073	257	15
818	250.2780	247	11
819	250.4236	252	19
820	250.6115	252	14
821	250.8818	254	21
822	250.1742	251	10
823	250.5698	257	18
824	250.3405	256	19
825	250.2158	256	18
826	250.2781	253	16
827	250.0489	248	16
828	250.0282	254	16
829	250.4240	252	13
830	250.6321	255	16
831	250.1116	256	15
832	250.0696	248	15
833	250.5905	253	15
834	250.7573	255	15
835	251.6321	249	8
836	250.2574	251	14
837	250.5283	258	14
838	250.7567	252	19
839	250.1949	253	12
840	250.6949	250	8
841	250.3199	257	15
842	250.2153	249	18
843	250.3407	257	20
844	250.3197	256	17
845	250.5697	252	13
846	250.6739	253	13
847	250.2987	251	20
848	250.5905	250	14
849	250.7574	252	11
850	250.3613	255	17
851	250.6738	248	11
852	251.1739	253	13
853	250.3616	250	10
854	250.7148	251	24
855	251.2567	252	19
856	251.1317	257	22
857	250.1112	254	20
858	251.5692	248	14
859	250.1117	258	16
860	251.5484	259	22
861	250.5069	258	24
862	250.0905	253	21
863	250.4654	256	20
864	251.4446	259	16
865	251.5069	259	18
866	250.6530	249	13
867	250.1534	251	8
868	250.1952	248	5
869	250.2781	251	12
870	250.1534	253	15
871	250.4237	256	19
872	250.6324	254	10
873	250.4862	255	19
874	250.2364	254	19
875	250.8405	255	15
876	251.3402	257	18
877	250.0906	254	15
878	250.1115	251	13
879	250.3820	255	19
880	251.1112	260	18
881	250.3821	252	18
882	250.6319	249	17
883	250.5073	250	10
884	250.6528	257	21
885	251.2570	251	13
886	250.7570	258	21
887	250.8407	257	13
888	250.6948	257	16
889	250.7366	253	9
890	250.9655	253	13
891	250.7150	254	28
892	250.3614	251	16
893	250.8194	252	16
894	250.4443	254	21
895	250.2573	246	9
896	250.1324	253	16
897	250.1944	254	23
898	250.8613	254	14
899	250.6525	255	26
900	250.4657	254	14
901	250.2156	253	17
902	250.6112	253	16
903	250.3198	252	13
904	250.5278	251	18
905	250.4235	255	22
906	250.2362	253	21
907	250.3613	254	17
908	251.4860	255	18
909	250.2365	250	15
910	250.1327	257	11
911	250.4032	257	19
912	250.0702	249	7
913	250.4866	258	17
914	250.3611	252	19
915	250.6949	253	12
916	250.6948	255	12
917	250.3200	247	9
918	250.8191	248	20
919	250.2574	253	18
920	250.2783	256	18
921	250.3407	256	16
922	250.3616	252	14
923	250.6322	251	12
924	250.5903	251	17
925	250.7988	256	15
926	250.3827	253	11
927	250.2366	253	16
928	250.1738	248	15
929	250.8406	253	15
930	250.3405	257	22
931	250.1324	254	16
932	250.2365	255	16
933	250.0280	251	18
934	250.1743	255	11
935	250.2779	251	15
936	250.6946	247	10
937	250.1739	252	19
938	250.8616	258	13
939	250.6322	252	12
940	250.6115	260	19
941	250.4033	253	12
942	250.3193	247	20
943	250.6945	250	17
944	250.6738	259	21
945	250.1947	251	17
946	250.6947	252	14
947	250.9652	247	14
948	250.3824	249	12
949	250.4032	257	19
950	250.4448	253	15
951	251.3611	256	18
952	250.5067	248	18
953	250.1739	252	16
954	250.5699	254	11
955	250.7362	250	14
956	250.4861	253	24
957	250.7991	252	12
958	250.1110	252	22
959	250.1322	253	18
960	250.4033	253	15
961	250.4864	255	16
962	250.7155	256	17
963	250.7571	254	14
964	250.7153	256	20
965	251.4444	252	17
966	250.4031	253	15
967	250.3823	251	12
968	250.0697	254	17
969	250.4865	253	12
970	250.3824	248	12
971	250.2569	254	20
972	250.1742	251	13
973	250.5699	255	14
974	250.1743	253	11
975	251.2153	251	16
976	250.4241	250	9
977	250.1322	252	15
978	250.4030	246	12
979	250.2158	253	14
980	250.0490	251	14
981	250.2987	250	20
982	250.2988	254	21
983	250.4865	251	12
984	250.8199	256	11
985	250.4653	253	22
986	251.5484	251	16
987	250.4654	249	15
988	250.0071	248	15
989	250.8823	251	9
990	250.2781	253	16
991	250.0697	253	16
992	250.0697	254	19
993	250.1737	251	18
994	251.3401	253	17
995	250.5693	251	18
996	250.4654	249	15
997	250.7987	252	17
998	250.6534	253	9
999	251.4650	257	23
1000	250.2368	255	17
1001	250.4446	251	14
