1	250.5147	249	30
2	250.4315	248	23
3	250.5357	249	28
4	250.8897	245	25
5	250.2440	244	24
6	250.8273	251	28
7	250.4727	253	38
8	250.8066	248	27
9	250.7857	244	21
10	250.1192	243	23
11	250.9105	248	24
12	250.7440	246	22
13	250.8897	244	24
14	250.4318	244	24
15	250.3271	244	31
16	250.4730	247	35
17	250.6814	247	26
18	250.8274	247	23
19	250.2234	238	24
20	251.2643	252	33
21	250.3276	246	24
22	250.9107	248	26
23	250.1814	252	34
24	250.1191	248	28
25	250.8896	249	29
26	250.9105	246	23
27	250.7649	250	22
28	250.6609	241	22
29	250.5354	248	30
30	250.4317	249	26
31	250.5772	246	31
32	250.0985	249	26
33	250.3900	250	33
34	250.2854	245	35
35	250.7234	246	19
36	250.1607	244	30
37	250.0354	251	39
38	250.8896	248	25
39	250.0982	248	29
40	250.3479	245	32
41	250.0980	248	33
42	250.0569	248	24
43	250.4939	247	27
44	250.5985	245	20
45	250.5979	247	26
46	250.3270	251	37
47	250.8900	247	24
48	250.3271	252	30
49	250.0151	246	23
50	250.0565	252	34
51	251.5562	247	23
52	250.9104	248	25
53	250.1194	242	24
54	251.6814	246	19
55	250.9106	250	25
56	250.1192	242	26
57	250.0979	250	36
58	250.8687	254	40
59	250.8481	242	21
60	250.5979	246	26
61	250.3059	255	39
62	251.2645	246	26
63	251.4729	244	23
64	250.6604	248	32
65	250.5982	251	31
66	250.1813	248	28
67	250.8899	247	28
68	250.5361	238	16
69	250.9316	246	17
70	250.5148	248	24
71	250.4312	248	36
72	250.7440	243	20
73	250.2233	243	25
74	250.1397	248	34
75	250.0357	247	27
76	250.4520	250	34
77	250.5358	242	22
78	250.8891	250	42
79	250.5354	249	31
80	250.9311	246	29
81	250.4106	244	26
82	250.3690	248	29
83	250.8069	246	20
84	250.7018	251	33
85	250.7233	245	27
86	250.1607	245	23
87	250.6190	241	23
88	250.3689	246	28
89	250.1608	247	23
90	250.7233	241	20
91	250.6811	248	30
92	250.4110	249	30
93	250.4106	251	29
94	250.2442	246	27
95	250.2232	248	34
96	250.5765	252	39
97	250.7649	246	22
98	250.8689	250	31
99	250.2857	247	27
100	250.5984	246	26
101	250.9104	251	28
102	250.8069	246	20
103	251.2018	249	33
104	250.7651	250	23
105	250.3897	246	29
106	250.1399	249	29
107	251.6189	247	27
108	250.6607	244	27
109	250.6399	240	26
110	250.9105	250	27
111	250.2858	251	29
112	250.8685	249	31
113	251.3688	246	30
114	250.8063	249	24
115	250.5774	244	25
116	250.8064	242	25
117	250.6397	251	26
118	251.3271	246	22
119	250.4732	247	29
120	250.8270	246	30
121	250.5356	247	20
122	250.2236	243	22
123	250.4102	246	32
124	250.8273	247	21
125	250.1397	247	30
126	250.2443	247	24
127	250.5564	242	24
128	250.7226	253	32
129	250.2650	245	20
130	250.8065	243	28
131	250.4526	246	23
132	250.2442	245	29
133	250.1193	241	20
134	251.0144	248	35
135	250.2024	243	25
136	250.2225	249	43
137	250.3485	240	23
138	251.3895	242	24
139	250.0982	245	29
140	250.4938	247	28
141	250.6607	245	27
142	250.7646	242	24
143	250.2441	241	28
144	250.7024	248	29
145	251.7229	249	24
146	250.7233	251	25
147	250.3064	245	33
148	250.2652	241	22
149	250.5356	243	28
150	251.4933	250	35
151	250.4518	249	39
152	250.4942	246	24
153	250.6811	251	36
154	250.5149	249	24
155	250.9103	248	26
156	250.6398	250	28
157	250.9730	245	34
158	250.3900	250	33
159	250.0151	241	19
160	251.4517	249	37
161	250.3274	248	28
162	250.1191	249	29
163	250.3693	251	24
164	250.4943	250	30
165	250.7854	248	31
166	250.8695	248	24
167	250.4315	249	27
168	250.0564	247	24
169	250.5981	250	28
170	250.9521	249	23
171	250.1608	249	28
172	250.0773	244	25
173	250.1194	244	22
174	250.5148	244	21
175	251.1814	251	31
176	250.5151	243	18
177	250.3895	252	24
178	250.5144	252	34
179	250.7022	247	27
180	250.3690	245	23
181	250.0357	249	24
182	250.0775	243	23
183	250.0772	249	30
184	250.7440	247	23
185	251.6600	250	31
186	251.1397	247	23
187	250.3691	242	26
188	250.2231	252	34
189	251.3058	251	33
190	250.0354	243	33
191	250.6814	243	30
192	250.1404	244	17
193	250.3692	248	23
194	251.4107	242	22
195	250.2022	244	28
196	250.0774	245	21
197	250.0982	251	34
198	250.6814	247	27
199	250.1817	249	25
200	251.0771	246	28
201	250.7852	247	31
202	250.0570	242	15
203	250.7856	248	25
204	250.8062	242	33
205	251.0149	243	16
206	250.7436	249	28
207	250.0774	245	29
208	250.8478	248	32
209	250.5357	250	29
210	250.3694	246	24
211	251.3064	246	25
212	250.4942	249	26
213	250.8270	248	32
214	250.3062	251	36
215	250.6187	245	36
216	250.4943	247	28
217	251.2021	246	28
218	250.6811	241	31
219	250.7651	248	18
220	250.8690	250	20
221	250.1401	246	28
222	250.1400	249	28
223	250.0147	243	31
224	250.6813	251	31
225	250.2651	248	25
226	250.3900	250	29
227	250.6817	243	17
228	250.4108	245	22
229	250.6189	244	29
230	250.0150	243	29
231	250.6184	250	32
232	250.0771	248	33
233	250.2849	253	46
234	250.5152	246	19
235	250.5775	244	24
236	250.3689	246	28
237	251.5346	247	33
238	250.2233	246	27
239	250.3068	239	22
240	250.3480	249	34
241	250.5774	245	25
242	250.1398	249	23
243	250.1813	247	34
244	250.6811	251	32
245	250.7644	252	31
246	250.5361	249	28
247	250.7441	245	17
248	250.5568	250	24
249	250.8064	250	24
250	250.6190	245	23
251	250.3480	252	30
252	250.6810	254	32
253	250.7857	247	31
254	250.8480	246	29
255	250.3686	249	33
256	250.9313	250	29
257	250.0564	251	31
258	250.2023	247	29
259	250.2441	245	27
260	250.4725	254	38
261	251.0559	249	35
262	250.5981	244	30
263	251.0772	256	36
264	250.6605	246	26
265	251.5770	250	26
266	250.5980	246	29
267	250.4728	248	33
268	250.2022	246	33
269	250.3898	246	27
270	250.4731	251	31
271	251.0770	247	28
272	250.2443	245	21
273	250.5144	253	35
274	250.8479	251	33
275	250.0982	245	29
276	250.7857	245	25
277	250.0357	246	25
278	250.7024	251	32
279	250.1814	241	28
280	250.6398	245	24
281	250.0568	251	27
282	250.8483	245	19
283	250.4732	243	26
284	250.6401	251	29
285	250.4313	247	31
286	250.3066	247	26
287	250.8273	251	24
288	250.4521	249	25
289	250.1606	245	30
290	250.2233	250	26
291	250.0357	246	26
292	250.4739	241	15
293	250.5151	248	25
294	250.3689	246	29
295	250.8895	242	31
296	250.7021	246	27
297	250.4108	246	19
298	250.6817	241	19
299	250.1816	244	25
300	250.8483	239	25
301	250.8483	243	24
302	250.4941	246	29
303	250.4732	249	27
304	250.1191	250	30
305	250.1605	250	36
306	250.1400	247	27
307	250.2028	240	19
308	250.2020	245	33
309	250.9313	252	31
310	250.2024	248	33
311	250.2440	246	26
312	250.2447	247	24
313	250.1819	240	16
314	251.0769	245	30
315	250.7441	245	20
316	250.5771	247	26
317	250.5355	252	28
318	250.2857	243	27
319	250.7854	250	32
320	250.7852	246	34
321	250.6395	247	35
322	251.4312	248	30
323	250.5143	247	38
324	250.5772	250	28
325	250.4727	248	30
326	250.3065	248	28
327	250.0775	245	27
328	250.8062	250	29
329	251.0145	247	29
330	250.0358	247	29
331	251.4523	246	22
332	250.8896	250	30
333	250.5980	244	23
334	250.8059	250	38
335	250.4734	245	19
336	250.1607	241	23
337	250.5150	247	25
338	250.7857	248	25
339	250.5565	248	24
340	250.1193	243	26
341	250.4520	247	32
342	250.7233	249	19
343	250.5357	250	29
344	250.2443	244	28
345	250.8065	247	27
346	250.0151	242	20
347	250.0357	248	31
348	250.7856	251	27
349	250.4109	248	20
350	250.1190	248	37
351	250.6813	250	27
352	250.8273	248	29
353	250.3486	241	19
354	250.7856	247	31
355	250.4107	246	24
356	250.4316	253	29
357	250.9313	250	27
358	250.0564	247	31
359	250.5564	244	22
360	250.2233	245	26
361	250.4109	247	23
362	250.2857	245	21
363	250.3058	254	43
364	250.4108	247	24
365	250.6190	252	29
366	250.8690	244	22
367	250.2231	251	26
368	251.1392	250	29
369	251.1814	247	26
370	250.2439	247	23
371	250.5560	251	35
372	250.3691	247	23
373	250.3065	249	28
374	250.7858	244	20
375	250.3067	245	24
376	250.6610	245	24
377	250.8687	249	29
378	250.4317	243	24
379	250.9103	247	28
380	250.5359	249	23
381	250.3274	246	22
382	250.6190	249	27
383	250.0566	241	25
384	250.3276	242	23
385	250.0567	246	21
386	250.1814	244	31
387	250.8275	243	20
388	250.5152	245	22
389	250.7437	247	29
390	250.0360	248	28
391	250.3900	247	23
392	250.5143	251	30
393	250.6808	249	40
394	250.8064	250	31
395	250.4940	246	26
396	250.6812	252	33
397	250.3066	245	27
398	250.0560	255	38
399	250.8270	249	31
400	250.6193	244	23
401	250.4313	249	33
402	250.4311	250	38
403	250.4522	249	29
404	250.7856	244	22
405	250.2022	245	32
406	250.2019	248	37
407	250.8687	248	35
408	250.9104	247	34
409	250.4520	245	31
410	250.7026	247	23
411	251.3686	248	29
412	250.6390	251	35
413	250.9721	252	39
414	250.5770	248	27
415	250.5146	244	26
416	250.9313	251	31
417	250.3900	248	27
418	251.2019	247	29
419	250.3479	251	29
420	250.4107	251	35
421	250.8690	242	21
422	250.2647	253	35
423	250.8480	247	30
424	250.8688	244	20
425	251.1184	245	32
426	250.9104	245	26
427	250.3483	248	28
428	250.7231	249	25
429	250.9312	248	29
430	251.2232	245	25
431	250.4941	246	29
432	250.0569	242	20
433	250.7855	247	28
434	250.7650	246	25
435	251.6190	246	21
436	250.2855	241	27
437	250.7648	245	22
438	250.1192	250	30
439	250.9315	247	19
440	250.6604	244	32
441	251.1184	254	36
442	250.8890	252	43
443	250.5983	245	21
444	250.3900	247	27
445	250.8482	241	27
446	250.0776	253	29
447	250.0566	247	30
448	250.5776	243	18
449	250.6395	247	31
450	251.5769	245	23
451	250.5147	249	29
452	250.3276	250	24
453	250.0776	243	21
454	250.7650	244	19
455	250.2441	245	27
456	250.5357	248	28
457	250.2228	244	30
458	251.0774	247	24
459	250.3479	248	31
460	250.8479	248	28
461	250.4937	248	33
462	250.6602	248	30
463	251.0355	249	27
464	250.3275	250	25
465	250.5355	250	34
466	250.9316	249	27
467	250.2649	247	30
468	250.0150	244	22
469	250.0567	243	26
470	250.5775	242	19
471	250.7436	251	29
472	250.4730	249	26
473	250.4733	244	19
474	250.2026	245	22
475	250.7021	250	30
476	250.4313	245	37
477	250.5774	247	23
478	251.1603	249	42
479	250.9519	248	34
480	250.7023	248	27
481	250.1607	247	35
482	250.0564	252	32
483	250.6398	244	27
484	250.4942	246	20
485	250.7439	252	32
486	250.5773	250	27
487	250.0984	244	26
488	250.2027	251	22
489	250.9104	248	29
490	250.7235	244	17
491	250.6399	245	23
492	250.1817	249	25
493	250.3066	249	32
494	250.5565	247	24
495	251.2225	249	37
496	250.9109	243	17
497	250.0150	243	25
498	251.3689	245	25
499	250.7234	240	15
500	250.9103	250	27
501	250.6600	244	35
502	250.4311	249	30
503	250.4107	247	28
504	250.1604	253	35
505	250.8897	244	27
506	250.4525	255	33
507	250.7229	250	28
508	250.3068	242	20
509	250.8066	245	25
510	250.5353	251	37
511	250.3273	248	28
512	250.7233	246	21
513	251.2854	248	27
514	250.6396	242	30
515	250.4103	250	37
516	250.8269	250	33
517	250.4939	247	28
518	250.1611	238	17
519	250.6608	247	24
520	250.7855	247	25
521	250.4730	243	28
522	250.3897	245	24
523	250.7022	246	30
524	250.7648	243	29
525	250.1816	249	22
526	250.8270	242	34
527	250.0354	250	31
528	250.4944	248	20
529	250.0353	246	40
530	250.8892	251	37
531	250.4311	250	35
532	251.0355	252	29
533	250.3482	247	31
534	251.0145	247	26
535	250.9310	250	29
536	250.3689	252	33
537	250.2650	246	21
538	250.4734	247	17
539	250.8481	248	26
540	250.0146	249	37
541	251.0354	244	23
542	250.5353	249	32
543	250.5564	243	29
544	251.6395	244	27
545	250.4312	243	28
546	250.0148	247	30
547	250.2445	245	20
548	250.0360	244	28
549	250.7022	247	27
550	250.3897	252	30
551	250.3482	247	24
552	250.9313	250	27
553	250.0147	249	33
554	250.1401	249	24
555	250.9517	249	37
556	250.0562	245	31
557	251.4103	253	27
558	250.4729	253	37
559	250.4106	244	23
560	251.5563	246	25
561	250.2026	246	30
562	251.2235	244	18
563	250.4522	248	28
564	250.6606	244	23
565	250.2858	246	29
566	250.8480	244	28
567	250.0982	247	31
568	250.0148	250	33
569	250.1606	250	28
570	250.3274	248	27
571	250.6601	250	32
572	250.8066	250	30
573	250.0986	245	19
574	250.7022	248	24
575	250.7019	251	33
576	250.3066	244	23
577	250.2235	243	20
578	250.9523	243	30
579	251.3062	248	28
580	250.2030	242	19
581	250.4731	249	28
582	250.0774	246	26
583	250.5565	246	31
584	250.7024	247	25
585	250.3895	249	37
586	250.7646	250	28
587	250.7228	250	36
588	250.5147	247	28
589	250.9311	250	28
590	250.1193	246	24
591	250.9103	249	27
592	250.7857	247	26
593	250.0567	249	23
594	250.5766	247	37
595	250.0565	244	31
596	250.4106	246	25
597	250.0776	247	25
598	250.2024	251	32
599	250.4313	249	29
600	250.2441	243	25
601	250.2228	246	31
602	250.6399	250	24
603	250.5982	249	33
604	250.6192	246	26
605	250.8060	253	40
606	250.5357	247	23
607	250.7647	249	26
608	251.3067	243	20
609	250.1608	247	27
610	250.2442	250	24
611	250.1193	245	20
612	250.4731	247	27
613	250.8683	251	38
614	250.6190	240	23
615	250.2445	245	20
616	250.1605	243	34
617	250.9314	243	34
618	250.2861	249	24
619	250.5979	246	26
620	250.0772	248	33
621	251.0567	250	28
622	251.0562	245	25
623	250.1610	242	22
624	250.6187	249	32
625	250.2441	247	22
626	250.3478	252	34
627	250.7647	244	30
628	250.3690	245	30
629	250.0564	247	28
630	250.8898	250	28
631	250.5148	247	27
632	250.5982	249	25
633	250.2857	248	27
634	250.6393	250	36
635	250.7231	245	25
636	250.4107	248	29
637	250.8272	244	34
638	250.0564	248	32
639	250.9315	248	26
640	250.5565	245	29
641	250.2856	253	35
642	250.9315	247	22
643	250.0149	246	29
644	250.0149	243	26
645	250.5145	250	28
646	250.5149	251	29
647	250.0770	247	29
648	250.2642	247	35
649	250.3687	251	30
650	250.7854	248	31
651	250.3690	250	27
652	251.1816	248	26
653	251.7019	247	27
654	250.8899	250	27
655	250.3067	249	27
656	250.8900	246	27
657	250.0773	249	25
658	250.2023	245	24
659	250.6393	246	36
660	250.6397	250	25
661	250.1398	245	31
662	250.0358	242	28
663	250.3275	242	22
664	250.0359	243	28
665	250.2026	250	22
666	250.7436	248	27
667	250.8273	240	22
668	250.7650	240	20
669	251.2434	252	33
670	251.1818	241	22
671	250.0775	245	28
672	250.9732	244	20
673	250.0149	244	26
674	250.5562	252	27
675	250.2442	247	24
676	250.2025	247	28
677	250.8479	247	34
678	250.0361	245	22
679	250.5565	248	24
680	251.4936	248	25
681	250.2233	244	26
682	250.6812	246	27
683	250.6395	251	31
684	250.0356	249	29
685	250.4317	252	32
686	250.1606	246	31
687	250.3691	249	21
688	250.3273	253	36
689	250.4942	249	30
690	250.2022	247	27
691	250.5565	250	33
692	250.6817	245	26
693	250.3483	241	22
694	250.5559	251	36
695	250.6813	246	30
696	250.2022	254	32
697	250.1398	246	28
698	250.0775	247	30
699	250.4314	254	39
700	250.0560	250	37
701	250.0566	255	35
702	250.8479	252	28
703	251.0772	243	22
704	250.7019	246	29
705	250.0568	249	23
706	250.4108	249	26
707	250.7441	246	25
708	250.0566	249	31
709	250.6187	245	29
710	251.4308	250	35
711	250.5564	248	36
712	250.4318	244	24
713	251.0355	252	29
714	250.0773	249	26
715	250.0145	243	36
716	250.1811	249	37
717	250.5772	249	30
718	250.8687	253	40
719	250.6401	244	20
720	251.1813	245	30
721	250.5984	246	18
722	250.2232	248	30
723	250.7437	245	27
724	250.0359	238	21
725	250.2023	244	23
726	250.4942	250	23
727	250.1400	243	24
728	250.6188	251	34
729	250.8064	248	26
730	250.6604	251	23
731	250.1404	243	13
732	250.1820	248	25
733	250.2653	250	21
734	250.4941	247	22
735	250.4733	243	25
736	250.4940	245	28
737	250.8269	249	33
738	250.7017	249	29
739	250.5355	244	26
740	250.6814	243	27
741	250.7854	250	29
742	250.8480	247	27
743	250.8483	242	23
744	251.0355	246	29
745	251.2644	244	29
746	250.3482	242	28
747	250.3893	248	38
748	250.2855	253	34
749	251.0558	256	34
750	250.5357	247	23
751	250.3271	250	36
752	250.4728	247	29
753	250.4526	246	26
754	251.6395	252	26
755	250.7645	253	34
756	250.6813	253	36
757	250.8689	244	24
758	250.7647	240	22
759	250.1400	249	32
760	250.3691	246	23
761	251.5769	246	24
762	250.7230	243	29
763	250.3486	245	19
764	251.6185	243	30
765	250.2231	248	28
766	250.7230	246	27
767	250.3694	243	26
768	250.4732	246	25
769	250.7020	249	34
770	250.6188	249	28
771	250.0154	240	20
772	250.2652	247	24
773	250.5565	248	25
774	251.4938	245	20
775	250.0773	247	28
776	250.2647	241	26
777	250.6402	250	24
778	250.2858	242	26
779	250.3276	249	27
780	250.3064	244	25
781	250.6604	246	27
782	250.5348	249	43
783	250.9104	247	24
784	250.9110	249	24
785	250.3897	245	24
786	250.5358	242	22
787	250.7020	249	34
788	251.6185	253	31
789	250.7232	250	28
790	250.9103	245	27
791	250.0985	247	21
792	250.5147	248	29
793	250.0566	248	27
794	250.1816	252	28
795	250.2238	249	25
796	250.3689	248	33
797	250.1814	242	29
798	250.8689	247	29
799	250.4109	247	23
800	250.0983	247	26
801	250.6813	246	23
802	250.0774	247	30
803	250.7021	250	31
804	250.3694	243	18
805	250.0357	247	29
806	250.2441	244	30
807	250.0567	242	21
808	250.2234	247	24
809	250.0562	255	36
810	250.1194	240	22
811	250.1817	246	23
812	250.5770	246	26
813	251.1812	248	33
814	250.7651	246	16
815	250.7854	248	31
816	251.4516	248	33
817	250.6185	251	40
818	250.4316	252	32
819	250.1818	247	22
820	250.7645	250	28
821	250.2229	245	30
822	250.4936	246	29
823	250.4732	247	22
824	250.5357	246	26
825	250.4108	251	34
826	250.4312	246	31
827	250.5146	246	34
828	250.3696	239	16
829	250.7231	247	27
830	250.0774	251	33
831	250.7025	246	24
832	250.5357	246	23
833	250.1816	243	28
834	250.0566	244	24
835	250.4314	247	27
836	250.6606	245	24
837	250.8271	250	32
838	250.0567	249	30
839	250.6191	248	25
840	250.0774	245	29
841	250.3486	237	19
842	250.4731	246	26
843	250.2857	245	21
844	250.3059	252	39
845	250.9107	245	20
846	250.5358	243	23
847	250.2439	247	31
848	250.0568	242	25
849	250.3478	246	33
850	250.7853	252	37
851	250.3070	243	23
852	250.8689	246	25
853	250.1400	242	26
854	250.9311	248	33
855	251.4727	244	25
856	251.0349	251	33
857	251.0353	254	33
858	250.3062	242	29
859	250.8272	246	28
860	250.7023	249	31
861	250.4524	247	25
862	250.7229	244	26
863	250.2028	248	19
864	250.8270	245	29
865	250.8483	239	17
866	250.1610	243	23
867	251.7223	252	31
868	250.5561	253	36
869	250.0978	246	41
870	250.4935	250	33
871	250.9315	249	27
872	250.6191	246	23
873	250.6193	248	23
874	250.3276	243	26
875	250.0980	257	37
876	250.3898	247	28
877	250.6812	250	31
878	250.3474	253	43
879	251.6391	252	33
880	250.9313	249	26
881	250.8063	252	33
882	250.0773	242	27
883	250.2442	244	22
884	250.7230	250	27
885	250.5980	247	30
886	250.6393	249	34
887	250.4941	244	31
888	250.5980	249	34
889	250.3273	248	29
890	250.8688	246	26
891	250.2649	244	24
892	250.4107	245	30
893	250.4521	253	32
894	250.6607	246	24
895	250.4523	249	24
896	250.6192	244	20
897	250.4731	248	35
898	250.5353	250	35
899	250.3689	241	23
900	250.5981	251	32
901	250.5356	249	25
902	250.2440	251	33
903	250.0774	247	27
904	251.6604	241	23
905	250.3900	245	22
906	250.9315	250	28
907	250.2440	251	26
908	250.0153	242	22
909	251.0979	249	28
910	250.3065	248	28
911	250.5563	247	29
912	250.0775	248	30
913	250.5566	241	18
914	250.0146	246	35
915	250.6189	246	28
916	251.5769	249	23
917	250.8688	249	28
918	250.1400	249	28
919	250.4519	248	34
920	250.0355	251	35
921	250.0151	249	26
922	250.1397	248	30
923	250.5774	252	34
924	250.1404	242	15
925	250.0147	250	30
926	250.0774	243	27
927	250.1815	245	27
928	250.2024	242	29
929	250.9104	247	31
930	250.2231	245	28
931	250.5772	248	29
932	250.1609	243	23
933	251.3688	247	23
934	250.6607	245	27
935	250.1187	248	35
936	250.4731	247	26
937	250.1399	245	26
938	250.0147	250	34
939	250.7854	248	26
940	250.0773	248	32
941	250.8482	240	22
942	250.7440	249	29
943	250.1606	243	25
944	250.3064	250	27
945	250.0150	246	31
946	250.0153	246	18
947	251.0974	246	30
948	250.2233	245	26
949	250.1612	245	22
950	250.8900	243	17
951	250.7851	249	30
952	250.1403	245	15
953	250.4315	250	27
954	250.4941	248	26
955	250.1817	244	25
956	250.2856	249	26
957	251.6599	249	27
958	250.4942	240	19
959	250.3690	244	30
960	250.2858	244	23
961	250.4937	246	31
962	250.4105	252	35
963	250.5153	248	20
964	251.2853	243	24
965	250.8064	252	29
966	250.0566	245	28
967	250.3895	247	31
968	250.5774	252	32
969	250.6815	237	25
970	250.7858	244	23
971	251.6809	244	32
972	250.7022	249	29
973	250.2649	243	23
974	251.2437	245	25
975	250.2231	249	28
976	250.1608	246	27
977	250.7439	249	26
978	250.7232	252	27
979	250.5358	244	23
980	250.6814	247	27
981	250.9732	244	20
982	250.1611	248	22
983	251.1604	256	38
984	250.3063	249	37
985	250.2228	247	36
986	250.1605	248	38
987	250.7646	246	28
988	250.8893	246	33
989	250.0978	246	38
990	250.3480	247	29
991	250.5356	251	27
992	250.6810	250	33
993	250.7022	250	30
994	250.7026	245	28
995	250.0979	249	31
996	250.5150	250	21
997	250.5979	250	29
998	250.3477	252	36
999	250.6604	250	27
1000	250.8479	250	30
