1	243.6005	243	243.6005	0.1122	0.1557	34.0000
2	240.7058	239	240.7058	0.2420	0.2999	31.0000
3	246.4331	246	246.4331	0.1803	0.3747	34.0000
4	248.6613	244	248.6613	0.1543	0.1557	36.0000
5	240.1019	234	240.1019	0.0105	0.0434	35.0000
6	244.8503	246	244.8503	0.1176	0.2736	32.0000
7	245.4329	249	245.4329	0.1617	0.1929	32.0000
8	242.0181	240	242.0181	0.0932	0.1557	37.0000
9	248.5573	243	248.5573	0.0722	0.1013	35.0000
10	241.3307	235	241.3307	0.0739	0.3214	36.0000
11	238.5400	236	238.5400	0.0069	0.2548	33.0000
12	245.7042	242	245.7042	0.0855	0.2696	35.0000
13	248.6613	243	248.6613	0.1016	0.2459	36.0000
14	247.2663	242	247.2663	0.0351	0.1557	38.0000
15	249.0359	244	249.0359	0.0714	0.1013	38.0000
16	249.1819	247	249.1819	0.0679	0.1771	40.0000
17	244.8711	242	244.8711	0.0809	0.1510	34.0000
18	246.8914	244	246.8914	0.0507	0.2311	34.0000
19	248.9322	238	248.9322	0.0038	0.0728	43.0000
20	249.9731	252	249.9731	0.0094	0.1013	33.0000
21	246.2249	243	246.2249	0.0459	0.1771	36.0000
22	246.8080	245	246.8080	0.0195	0.1557	35.0000
23	248.3072	251	248.3072	0.0261	0.1253	32.0000
24	245.9747	244	245.9747	0.0239	0.3176	35.0000
25	243.0382	242	243.0382	0.0616	0.1013	35.0000
26	247.9116	244	247.9116	0.1297	0.1816	34.0000
27	249.4737	250	249.4737	0.0407	0.1974	30.0000
28	246.5582	238	246.5582	0.1722	0.1974	40.0000
29	248.4738	247	248.4738	0.2248	0.2777	34.0000
30	248.2033	248	248.2033	0.0393	0.0447	33.0000
31	249.2861	246	249.2861	0.0257	0.0676	39.0000
32	237.7280	237	237.7280	0.2784	0.3105	33.0000
33	248.1616	249	248.1616	0.0430	0.1253	37.0000
34	245.5996	241	245.5996	0.0497	0.2548	39.0000
35	242.4557	238	242.4557	0.1358	0.1557	34.0000
36	242.3093	237	242.3093	0.0153	0.1241	40.0000
37	245.1623	247	245.1623	0.0123	0.1878	35.0000
38	247.7241	246	247.7241	0.0172	0.0434	33.0000
39	246.9327	246	246.9327	0.1069	0.1929	34.0000
40	248.1196	244	248.1196	0.0000	0.0728	38.0000
41	244.1210	243	244.1210	0.0146	0.1771	36.0000
42	244.7881	243	244.7881	0.0470	0.1816	34.0000
43	244.6835	242	244.6835	0.0235	0.2548	34.0000
44	248.3702	244	248.3702	0.1091	0.1289	35.0000
45	244.7876	242	244.7876	0.0210	0.1816	33.0000
46	242.8297	244	242.8297	0.1201	0.1510	34.0000
47	247.7245	245	247.7245	0.0302	0.1719	36.0000
48	242.4758	245	242.4758	0.1444	0.1574	29.0000
49	242.3304	239	242.3304	0.2127	0.3820	33.0000
50	249.1194	252	249.1194	0.0503	0.1510	33.0000
51	250.2651	247	250.2651	0.2328	0.2548	36.0000
52	248.6820	247	248.6820	0.0685	0.2068	32.0000
53	241.3309	234	241.3309	0.0649	0.1816	41.0000
54	250.3903	246	250.3903	0.1338	0.2464	35.0000
55	248.6823	249	248.6823	0.0325	0.2417	32.0000
56	248.8280	242	248.8280	0.0512	0.2311	40.0000
57	241.2470	241	241.2470	0.1181	0.1816	35.0000
58	245.2040	248	245.2040	0.2143	0.2777	34.0000
59	242.9968	235	242.9968	0.1146	0.1816	38.0000
60	238.3940	234	238.3940	0.1335	0.2220	33.0000
61	243.3917	249	243.3917	0.0427	0.1289	30.0000
62	249.9733	246	249.9733	0.0428	0.1719	35.0000
63	250.1818	244	250.1818	0.1132	0.1771	37.0000
64	246.5577	245	246.5577	0.1146	0.1557	35.0000
65	244.9752	246	244.9752	0.0279	0.2359	34.0000
66	248.8901	248	248.8901	0.1151	0.1771	31.0000
67	246.0167	243	246.0167	0.0312	0.0728	38.0000
68	244.5591	233	244.5591	0.1136	0.2269	41.0000
69	240.2687	236	240.2687	0.2755	0.3624	32.0000
70	247.5160	246	247.5160	0.2809	0.2960	32.0000
71	243.5171	242	243.5171	0.0875	0.1289	38.0000
72	238.3735	231	238.3735	0.0204	0.1289	35.0000
73	246.1207	240	246.1207	0.0416	0.1557	39.0000
74	243.2255	242	243.2255	0.1338	0.2960	36.0000
75	245.9330	244	245.9330	0.1151	0.3214	34.0000
76	246.5160	247	246.5160	0.0202	0.1289	35.0000
77	249.4113	242	249.4113	0.2549	0.3712	38.0000
78	242.1006	242	242.1006	0.2231	0.3056	38.0000
79	249.5983	249	249.5983	0.0023	0.0728	34.0000
80	246.8284	243	246.8284	0.0442	0.1013	36.0000
81	244.5796	238	244.5796	0.0281	0.0741	39.0000
82	234.2498	232	234.2498	0.1088	0.2548	36.0000
83	246.1211	242	246.1211	0.0173	0.1013	36.0000
84	242.0800	243	242.0800	0.1463	0.2068	32.0000
85	249.4322	245	249.4322	0.0118	0.2068	39.0000
86	246.9952	243	246.9952	0.3196	0.3214	33.0000
87	248.3907	240	248.3907	0.0076	0.0434	40.0000
88	248.4947	245	248.4947	0.1339	0.1609	36.0000
89	247.3494	245	247.3494	0.0724	0.1013	33.0000
90	244.7463	236	244.7463	0.2706	0.2777	39.0000
91	248.4528	247	248.4528	0.2146	0.3549	34.0000
92	242.5597	242	242.5597	0.0123	0.1771	37.0000
93	244.4336	246	244.4336	0.0384	0.0728	32.0000
94	244.2672	241	244.2672	0.0442	0.1094	36.0000
95	245.8707	244	245.8707	0.0018	0.0728	39.0000
96	244.4121	246	244.4121	0.0310	0.3837	32.0000
97	241.3933	237	241.3933	0.0079	0.1013	35.0000
98	249.7444	250	249.7444	0.0800	0.2999	36.0000
99	248.9945	247	248.9945	0.0080	0.2023	34.0000
100	247.4329	244	247.4329	0.0946	0.1013	38.0000
101	248.6820	250	248.6820	0.0994	0.1510	33.0000
102	246.7042	243	246.7042	0.0095	0.1557	36.0000
103	249.9106	249	249.9106	0.0504	0.3052	35.0000
104	248.4951	248	248.4951	0.0866	0.2311	34.0000
105	246.6411	243	246.6411	0.0314	0.0728	37.0000
106	246.9744	247	246.9744	0.0329	0.0434	33.0000
107	250.3277	247	250.3277	0.1901	0.2068	38.0000
108	245.6208	240	245.6208	0.0624	0.1013	39.0000
109	249.3487	240	249.3487	0.0103	0.1013	42.0000
110	242.1220	242	242.1220	0.0736	0.0786	32.0000
111	245.2460	247	245.2460	0.0671	0.1457	32.0000
112	242.2467	241	242.2467	0.0430	0.2650	35.0000
113	250.0776	246	250.0776	0.0508	0.3589	40.0000
114	245.9331	245	245.9331	0.0958	0.2777	31.0000
115	242.1430	236	242.1430	0.0888	0.2506	37.0000
116	244.8294	237	244.8294	0.0789	0.1457	40.0000
117	246.3496	247	246.3496	0.0774	0.3553	30.0000
118	250.0360	246	250.0360	0.0151	0.2023	35.0000
119	249.1821	247	249.1821	0.0763	0.1289	36.0000
120	246.5369	242	246.5369	0.2113	0.3256	39.0000
121	241.7471	239	241.7471	0.0403	0.2311	30.0000
122	245.1838	239	245.1838	0.0310	0.0728	38.0000
123	246.4742	242	246.4742	0.2132	0.2548	36.0000
124	247.6618	245	247.6618	0.0646	0.2269	33.0000
125	246.9742	245	246.9742	0.0102	0.1013	34.0000
126	248.9531	247	248.9531	0.2209	0.2777	34.0000
127	247.5576	240	247.5576	0.0024	0.0963	38.0000
128	242.8713	246	242.8713	0.1813	0.2558	29.0000
129	245.5792	241	245.5792	0.1049	0.1289	34.0000
130	246.7039	240	246.7039	0.0557	0.1816	41.0000
131	248.2242	245	248.2242	0.1693	0.2655	36.0000
132	245.5584	241	245.5584	0.0628	0.1289	40.0000
133	243.2052	235	243.2052	0.1152	0.2960	38.0000
134	249.7232	248	249.7232	0.1736	0.2925	38.0000
135	245.1626	239	245.1626	0.2217	0.3390	38.0000
136	249.8268	248	249.8268	0.0036	0.1013	39.0000
137	247.5370	238	247.5370	0.0423	0.1186	41.0000
138	250.0984	242	250.0984	0.0466	0.3558	39.0000
139	248.8070	245	248.8070	0.0395	0.2777	37.0000
140	243.9337	241	243.9337	0.0541	0.2604	34.0000
141	248.4324	244	248.4324	0.0770	0.2068	38.0000
142	245.7248	238	245.7248	0.0701	0.0728	38.0000
143	249.3070	241	249.3070	0.1698	0.1816	42.0000
144	245.6626	244	245.6626	0.0835	0.1186	36.0000
145	250.4317	249	250.4317	0.3252	0.3386	34.0000
146	245.6834	247	245.6834	0.0216	0.1289	32.0000
147	249.0153	245	249.0153	0.0975	0.3549	39.0000
148	245.9751	237	245.9751	0.2514	0.2777	40.0000
149	245.4958	239	245.4958	0.1180	0.2269	40.0000
150	250.2022	250	250.2022	0.0554	0.1241	36.0000
151	245.5786	245	245.5786	0.0581	0.2650	37.0000
152	247.6828	244	247.6828	0.0206	0.3344	35.0000
153	242.8298	244	242.8298	0.1017	0.2068	35.0000
154	241.3100	240	241.3100	0.0793	0.2548	32.0000
155	249.6191	248	249.6191	0.2353	0.2736	32.0000
156	244.6628	245	244.6628	0.1205	0.2068	34.0000
157	249.6818	245	249.6818	0.0894	0.1462	42.0000
158	249.0988	250	249.0988	0.0876	0.1289	36.0000
159	247.7868	240	247.7868	0.0465	0.1289	37.0000
160	250.1606	249	250.1606	0.0032	0.0434	38.0000
161	244.7044	243	244.7044	0.0842	0.1462	35.0000
162	246.0164	246	246.0164	0.1969	0.2506	33.0000
163	248.1410	250	248.1410	0.0075	0.1557	31.0000
164	249.1614	249	249.1614	0.1315	0.3042	36.0000
165	247.6199	246	247.6199	0.0114	0.0963	37.0000
166	246.7252	244	246.7252	0.0394	0.1289	38.0000
167	248.0158	247	248.0158	0.0044	0.2023	34.0000
168	243.1422	241	243.1422	0.3261	0.3871	30.0000
169	244.0380	244	244.0380	0.0698	0.1510	33.0000
170	249.6609	249	249.6609	0.1997	0.3977	32.0000
171	246.9953	247	246.9953	0.1239	0.1974	33.0000
172	248.7861	244	248.7861	0.1937	0.2459	35.0000
173	247.3080	242	247.3080	0.0105	0.1719	36.0000
174	239.8519	234	239.8519	0.0414	0.0434	34.0000
175	249.8902	251	249.8902	0.0316	0.1974	36.0000
176	246.4124	240	246.4124	0.0604	0.1289	35.0000
177	249.0983	252	249.0983	0.3245	0.3589	26.0000
178	249.2233	252	249.2233	0.1160	0.1241	31.0000
179	249.4110	247	249.4110	0.0362	0.0728	34.0000
180	247.2035	243	247.2035	0.0916	0.1013	34.0000
181	243.1215	243	243.1215	0.0877	0.3686	29.0000
182	245.2043	239	245.2043	0.0045	0.0434	36.0000
183	237.4777	236	237.4777	0.0112	0.1289	32.0000
184	248.5157	246	248.5157	0.0256	0.1816	33.0000
185	250.3688	250	250.3688	0.0905	0.1289	33.0000
186	249.8486	247	249.8486	0.0156	0.0434	34.0000
187	247.2036	240	247.2036	0.0172	0.2023	40.0000
188	247.9948	251	247.9948	0.0377	0.2311	33.0000
189	250.0147	251	250.0147	0.0825	0.1985	34.0000
190	246.4535	240	246.4535	0.2002	0.2269	39.0000
191	245.8082	239	245.8082	0.1045	0.1192	41.0000
192	241.3519	236	241.3519	0.0516	0.1974	35.0000
193	247.2037	246	247.2037	0.0837	0.1013	33.0000
194	250.2862	242	250.2862	0.1106	0.1289	40.0000
195	248.9110	244	248.9110	0.1449	0.3673	37.0000
196	245.9748	242	245.9748	0.1119	0.3589	32.0000
197	246.1622	248	246.1622	0.1422	0.2311	34.0000
198	241.8929	239	241.8929	0.0851	0.1719	35.0000
199	236.7074	236	236.7074	0.0745	0.2548	33.0000
200	249.7860	246	249.7860	0.0640	0.1025	37.0000
201	248.5569	246	248.5569	0.0392	0.0494	35.0000
202	247.8287	241	247.8287	0.0384	0.0434	35.0000
203	249.4944	248	249.4944	0.0521	0.1013	34.0000
204	242.7051	234	242.7051	0.0880	0.1289	44.0000
205	249.7238	243	249.7238	0.0156	0.2548	35.0000
206	242.8923	242	242.8923	0.0182	0.2269	32.0000
207	246.9119	243	246.9119	0.0148	0.1289	40.0000
208	247.6823	246	247.6823	0.3257	0.3344	36.0000
209	245.6626	246	245.6626	0.0887	0.1557	35.0000
210	246.2667	243	246.2667	0.1399	0.1771	36.0000
211	250.0153	246	250.0153	0.1459	0.1974	37.0000
212	247.1413	246	247.1413	0.0163	0.1974	35.0000
213	247.6615	246	247.6615	0.0377	0.2736	36.0000
214	246.2036	248	246.2036	0.0670	0.1025	34.0000
215	249.3276	245	249.3276	0.1443	0.1979	41.0000
216	247.3288	245	247.3288	0.0413	0.2311	38.0000
217	250.0776	246	250.0776	0.1152	0.2969	38.0000
218	246.7451	238	246.7451	0.0691	0.0728	42.0000
219	241.9766	240	241.9766	0.0165	0.1301	31.0000
220	243.0177	243	243.0177	0.1795	0.2777	30.0000
221	245.4544	242	245.4544	0.0769	0.1557	37.0000
222	243.3925	243	243.3925	0.0211	0.1025	34.0000
223	242.5175	236	242.5175	0.0631	0.0728	40.0000
224	246.3912	247	246.3912	0.0348	0.1013	33.0000
225	244.6421	243	244.6421	0.2461	0.3386	34.0000
226	245.3502	246	245.3502	0.0727	0.2311	35.0000
227	249.3905	243	249.3905	0.0591	0.0728	35.0000
228	236.9364	232	236.9364	0.1680	0.3386	35.0000
229	247.4534	242	247.4534	0.1861	0.2279	39.0000
230	246.0790	240	246.0790	0.0060	0.2311	40.0000
231	248.9108	249	248.9108	0.0986	0.1013	31.0000
232	247.8488	247	247.8488	0.1360	0.2068	34.0000
233	246.1822	250	246.1822	0.0377	0.1289	34.0000
234	244.5382	241	244.5382	0.0782	0.3176	35.0000
235	246.4748	241	246.4748	0.1665	0.1816	37.0000
236	233.1459	229	233.1459	0.2155	0.2269	36.0000
237	250.2434	247	250.2434	0.0880	0.1557	34.0000
238	246.1206	243	246.1206	0.1188	0.3316	37.0000
239	248.8282	238	248.8282	0.0564	0.1510	42.0000
240	244.3293	243	244.3293	0.0695	0.2960	37.0000
241	247.7659	243	247.7659	0.1293	0.2269	36.0000
242	246.9743	247	246.9743	0.0660	0.1186	29.0000
243	244.7250	242	244.7250	0.0557	0.2269	37.0000
244	248.6194	250	248.6194	0.0319	0.1974	32.0000
245	245.2665	246	245.2665	0.0196	0.2068	31.0000
246	237.9366	236	237.9366	0.0427	0.0741	38.0000
247	247.7453	243	247.7453	0.1406	0.3386	32.0000
248	248.3284	249	248.3284	0.1139	0.1186	32.0000
249	249.5152	250	249.5152	0.1268	0.1289	31.0000
250	244.8087	240	244.8087	0.2549	0.2604	35.0000
251	240.9764	243	240.9764	0.0582	0.2220	32.0000
252	245.9952	250	245.9952	0.0246	0.4789	27.0000
253	235.6037	232	235.6037	0.0462	0.0906	39.0000
254	240.8933	236	240.8933	0.1622	0.1816	37.0000
255	249.0774	249	249.0774	0.0038	0.3214	33.0000
256	244.9543	245	244.9543	0.0160	0.1557	34.0000
257	244.0794	246	244.0794	0.0068	0.1974	30.0000
258	240.2269	237	240.2269	0.1742	0.3712	35.0000
259	243.3300	239	243.3300	0.0148	0.0434	37.0000
260	246.7239	251	246.7239	0.2233	0.3677	30.0000
261	249.7647	249	249.7647	0.0602	0.1289	36.0000
262	245.5582	240	245.5582	0.3028	0.3820	39.0000
263	250.1401	256	250.1401	0.0546	0.1929	32.0000
264	244.6835	241	244.6835	0.1204	0.1557	35.0000
265	250.2859	250	250.2859	0.1199	0.1289	33.0000
266	240.1018	236	240.1018	0.0716	0.1719	36.0000
267	248.2445	247	248.2445	0.0716	0.1557	35.0000
268	246.0995	243	246.0995	0.0280	0.0728	38.0000
269	243.6423	240	243.6423	0.1329	0.2068	36.0000
270	240.7474	242	240.7474	0.0915	0.1069	34.0000
271	249.7858	247	249.7858	0.1175	0.2691	36.0000
272	244.2673	240	244.2673	0.0887	0.1816	35.0000
273	241.4969	244	241.4969	0.0352	0.2459	31.0000
274	244.8709	246	244.8709	0.2576	0.2886	34.0000
275	245.9955	242	245.9955	0.0302	0.0728	38.0000
276	246.6830	242	246.6830	0.0515	0.2506	37.0000
277	248.7446	246	248.7446	0.1885	0.2548	36.0000
278	241.9139	243	241.9139	0.1025	0.1510	35.0000
279	248.8902	241	248.8902	0.0279	0.1816	40.0000
280	243.7049	238	243.7049	0.0457	0.1457	37.0000
281	242.2055	244	242.2055	0.1107	0.1867	32.0000
282	247.6828	243	247.6828	0.1059	0.1557	34.0000
283	245.6000	239	245.6000	0.0005	0.3422	38.0000
284	239.7275	240	239.7275	0.1651	0.2322	35.0000
285	248.0156	245	248.0156	0.0975	0.2777	37.0000
286	249.0155	247	249.0155	0.0211	0.1013	35.0000
287	248.5990	250	248.5990	0.0459	0.2548	30.0000
288	248.2238	248	248.2238	0.0649	0.0728	31.0000
289	245.1208	241	245.1208	0.1761	0.2311	37.0000
290	247.0578	248	247.0578	0.1661	0.2417	32.0000
291	247.8073	245	247.8073	0.3222	0.3307	33.0000
292	247.3084	239	247.3084	0.1782	0.2023	39.0000
293	243.6009	242	243.6009	0.0704	0.1816	34.0000
294	249.0777	246	249.0777	0.0638	0.1771	35.0000
295	247.7240	240	247.7240	0.0561	0.3422	42.0000
296	242.0803	238	242.0803	0.0195	0.2594	35.0000
297	247.5994	244	247.5994	0.2630	0.2691	32.0000
298	240.1855	231	240.1855	0.0173	0.2182	38.0000
299	247.9533	243	247.9533	0.1667	0.1816	37.0000
300	247.6828	237	247.6828	0.1148	0.2691	44.0000
301	247.6828	241	247.6828	0.1085	0.1289	40.0000
302	243.5799	240	243.5799	0.0769	0.2220	38.0000
303	245.4334	245	245.4334	0.2485	0.2777	33.0000
304	247.8907	249	247.8907	0.0802	0.1816	33.0000
305	247.7447	248	247.7447	0.0108	0.0434	35.0000
306	246.9745	245	246.9745	0.1018	0.1725	34.0000
307	248.9117	240	248.9117	0.2197	0.2777	41.0000
308	248.9109	245	248.9109	0.0838	0.1816	37.0000
309	245.8498	247	245.8498	0.0375	0.1468	33.0000
310	245.1626	244	245.1626	0.0292	0.1731	37.0000
311	248.3697	245	248.3697	0.1397	0.1557	34.0000
312	242.9141	240	242.9141	0.0134	0.0786	39.0000
313	247.0164	238	247.0164	0.2284	0.2548	38.0000
314	249.9524	245	249.9524	0.0804	0.1013	39.0000
315	242.8511	237	242.8511	0.0494	0.0728	34.0000
316	242.8925	240	242.8925	0.1061	0.2220	34.0000
317	240.8099	243	240.8099	0.0130	0.0728	30.0000
318	245.2459	239	245.2459	0.0350	0.0728	40.0000
319	247.6199	248	247.6199	0.1108	0.1929	34.0000
320	245.7454	242	245.7454	0.0521	0.1974	38.0000
321	247.6407	245	247.6407	0.1800	0.2068	38.0000
322	250.1401	248	250.1401	0.0222	0.1013	38.0000
323	248.6401	246	248.6401	0.0104	0.1816	39.0000
324	248.7029	249	248.7029	0.0964	0.2459	34.0000
325	243.8919	242	243.8919	0.0444	0.0728	33.0000
326	246.9119	245	246.9119	0.2000	0.3422	34.0000
327	242.2262	238	242.2262	0.0437	0.1522	38.0000
328	239.8936	239	239.8936	0.0297	0.2960	32.0000
329	249.7234	247	249.7234	0.0815	0.0963	36.0000
330	247.2244	245	247.2244	0.0450	0.1289	36.0000
331	250.1612	246	250.1612	0.0034	0.3095	37.0000
332	248.6612	249	248.6612	0.0938	0.2079	33.0000
333	249.3069	244	249.3069	0.0322	0.1289	36.0000
334	247.6404	248	247.6404	0.0959	0.2736	36.0000
335	249.1822	245	249.1822	0.2111	0.2650	33.0000
336	244.5171	236	244.5171	0.0823	0.2068	39.0000
337	244.5380	242	244.5380	0.0230	0.0631	35.0000
338	248.5573	247	248.5573	0.3192	0.3820	34.0000
339	246.6205	244	246.6205	0.0379	0.2920	33.0000
340	246.0166	240	246.0166	0.0391	0.2023	39.0000
341	247.2865	245	247.2865	0.2073	0.2459	35.0000
342	240.9977	240	240.9977	0.0441	0.3214	31.0000
343	247.3702	248	247.3702	0.0131	0.0728	35.0000
344	248.9531	244	248.9531	0.2480	0.3386	40.0000
345	242.9551	240	242.9551	0.1382	0.1974	36.0000
346	247.7868	241	247.7868	0.1802	0.1816	36.0000
347	247.8073	247	247.8073	0.1296	0.2506	36.0000
348	241.0600	242	241.0600	0.1252	0.1563	32.0000
349	248.5366	247	248.5366	0.0699	0.3013	31.0000
350	243.3715	242	243.3715	0.0093	0.0434	40.0000
351	247.5158	248	247.5158	0.0264	0.1186	31.0000
352	247.6618	246	247.6618	0.2006	0.2831	36.0000
353	247.1831	239	247.1831	0.2257	0.2506	39.0000
354	245.7458	243	245.7458	0.0382	0.3176	38.0000
355	249.8693	246	249.8693	0.0437	0.2777	35.0000
356	240.8726	244	240.8726	0.2024	0.2691	30.0000
357	247.7658	248	247.7658	0.1376	0.2117	32.0000
358	240.3307	238	240.3307	0.0772	0.2220	35.0000
359	248.3281	243	248.3281	0.0542	0.0728	34.0000
360	237.8528	233	237.8528	0.0320	0.0728	36.0000
361	244.4339	242	244.4339	0.0068	0.2548	34.0000
362	248.9946	245	248.9946	0.0217	0.1462	35.0000
363	248.0774	253	248.0774	0.0939	0.2023	32.0000
364	248.1824	246	248.1824	0.0549	0.2269	33.0000
365	248.3906	251	248.3906	0.0249	0.3633	31.0000
366	245.8292	240	245.8292	0.2138	0.2915	37.0000
367	240.4974	242	240.4974	0.0560	0.2311	29.0000
368	249.8481	250	249.8481	0.0952	0.1510	32.0000
369	249.8903	247	249.8903	0.0292	0.0963	37.0000
370	242.3926	240	242.3926	0.0444	0.2311	32.0000
371	240.8303	242	240.8303	0.3666	0.3905	33.0000
372	240.6435	238	240.6435	0.1745	0.2920	33.0000
373	241.8721	241	241.8721	0.1105	0.2516	33.0000
374	238.2487	232	238.2487	0.1259	0.1816	37.0000
375	249.0156	245	249.0156	0.1015	0.3977	37.0000
376	248.4327	244	248.4327	0.2258	0.3008	39.0000
377	243.0173	242	243.0173	0.1607	0.2068	33.0000
378	246.4957	240	246.4957	0.0231	0.1609	39.0000
379	249.6191	247	249.6191	0.0088	0.0963	35.0000
380	248.2658	247	248.2658	0.0139	0.0741	32.0000
381	242.4761	239	242.4761	0.2353	0.3138	33.0000
382	247.4535	247	247.4535	0.1461	0.1609	34.0000
383	246.8911	239	246.8911	0.1082	0.2650	40.0000
384	249.9319	241	249.9319	0.1662	0.1816	40.0000
385	239.7272	236	239.7272	0.0594	0.1510	32.0000
386	248.8902	244	248.8902	0.0207	0.1013	38.0000
387	247.6620	241	247.6620	0.0013	0.0728	37.0000
388	243.9551	239	243.9551	0.0404	0.1568	36.0000
389	241.0181	238	241.0181	0.0923	0.0963	36.0000
390	245.9333	245	245.9333	0.0382	0.0728	35.0000
391	247.2245	245	247.2245	0.0169	0.1013	34.0000
392	246.4117	248	246.4117	0.0389	0.2311	30.0000
393	243.7667	243	243.7667	0.1228	0.2548	37.0000
394	243.0801	242	243.0801	0.0259	0.1013	35.0000
395	240.9350	237	240.9350	0.1250	0.2311	35.0000
396	242.0177	243	242.0177	0.0189	0.1289	33.0000
397	249.0155	245	249.0155	0.0692	0.2777	37.0000
398	248.7648	255	248.7648	0.2301	0.2915	28.0000
399	245.7872	245	245.7872	0.0390	0.0728	34.0000
400	243.7052	238	243.7052	0.0140	0.0447	39.0000
401	241.8095	241	241.8095	0.0383	0.2311	35.0000
402	245.3913	246	245.3913	0.0834	0.1186	37.0000
403	248.9736	248	248.9736	0.1845	0.2459	33.0000
404	241.0599	235	241.0599	0.2213	0.3214	36.0000
405	248.3279	244	248.3279	0.0227	0.0434	39.0000
406	243.2877	242	243.2877	0.0649	0.1782	36.0000
407	244.1212	242	244.1212	0.0660	0.1816	38.0000
408	242.1219	239	242.1219	0.0174	0.0676	39.0000
409	247.2865	243	247.2865	0.0022	0.0434	38.0000
410	243.7468	240	243.7468	0.1148	0.2279	36.0000
411	250.0774	248	250.0774	0.0557	0.2506	36.0000
412	241.2467	241	241.2467	0.0306	0.0434	32.0000
413	249.6809	252	249.6809	0.0173	0.1192	31.0000
414	245.5372	244	245.5372	0.1036	0.1289	32.0000
415	245.4748	240	245.4748	0.0215	0.2068	37.0000
416	247.9324	249	247.9324	0.0925	0.1468	33.0000
417	244.4130	243	244.4130	0.0780	0.1289	35.0000
418	249.9108	247	249.9108	0.1178	0.2269	37.0000
419	243.4337	245	243.4337	0.0283	0.0728	30.0000
420	242.5594	244	242.5594	0.0807	0.2023	37.0000
421	249.5779	242	249.5779	0.0981	0.1013	38.0000
422	243.6629	246	243.6629	0.2529	0.3056	33.0000
423	246.7453	244	246.7453	0.4401	0.4914	37.0000
424	246.9328	241	246.9328	0.0792	0.1816	34.0000
425	249.8272	245	249.8272	0.0891	0.1186	38.0000
426	248.0782	243	248.0782	0.0912	0.2317	37.0000
427	249.0571	248	249.0571	0.0022	0.0447	34.0000
428	248.4948	248	248.4948	0.1121	0.1557	32.0000
429	248.8695	247	248.8695	0.1771	0.2777	35.0000
430	249.9320	245	249.9320	0.1738	0.1816	40.0000
431	246.3914	243	246.3914	0.0430	0.1301	39.0000
432	246.8914	240	246.8914	0.1440	0.3133	37.0000
433	245.7040	242	245.7040	0.0672	0.2068	35.0000
434	243.8092	239	243.8092	0.0303	0.2548	37.0000
435	250.3278	246	250.3278	0.1983	0.2777	36.0000
436	247.2866	239	247.2866	0.0602	0.1557	39.0000
437	243.8506	239	243.8506	0.0463	0.2023	34.0000
438	246.0165	247	246.0165	0.0774	0.1557	34.0000
439	247.7660	245	247.7660	0.0661	0.3422	32.0000
440	248.4321	243	248.4321	0.0770	0.2128	41.0000
441	249.8273	254	249.8273	0.0535	0.1137	32.0000
442	248.6607	251	248.6607	0.0503	0.1816	36.0000
443	236.9366	231	236.9366	0.0775	0.2558	35.0000
444	249.0988	247	249.0988	0.3416	0.3558	36.0000
445	244.0590	234	244.0590	0.0016	0.0618	42.0000
446	246.9121	251	246.9121	0.0988	0.1974	31.0000
447	247.8282	246	247.8282	0.0876	0.2023	36.0000
448	248.3493	242	248.3493	0.0440	0.2311	36.0000
449	247.4740	245	247.4740	0.1700	0.2023	35.0000
450	250.2857	245	250.2857	0.1266	0.1974	35.0000
451	240.7890	240	240.7890	0.1617	0.1673	34.0000
452	245.2460	245	245.2460	0.3286	0.3404	32.0000
453	247.4328	241	247.4328	0.0463	0.0963	36.0000
454	249.4738	244	249.4738	0.0626	0.1186	36.0000
455	246.1415	242	246.1415	0.0928	0.1457	37.0000
456	248.3073	247	248.3073	0.1193	0.2999	36.0000
457	248.3485	243	248.3485	0.0090	0.0434	36.0000
458	249.7862	247	249.7862	0.0201	0.2068	35.0000
459	246.4119	245	246.4119	0.0550	0.1013	33.0000
460	247.6824	246	247.6824	0.0242	0.0963	35.0000
461	243.9336	242	243.9336	0.0698	0.2614	36.0000
462	246.5576	245	246.5576	0.1585	0.2220	33.0000
463	249.7443	249	249.7443	0.0599	0.1557	33.0000
464	241.5390	242	241.5390	0.0726	0.3344	31.0000
465	249.2443	250	249.2443	0.1542	0.1816	35.0000
466	247.1830	246	247.1830	0.1327	0.1557	36.0000
467	247.0994	245	247.0994	0.1318	0.2322	37.0000
468	243.1008	238	243.1008	0.0491	0.2068	34.0000
469	247.8283	242	247.8283	0.0064	0.1343	39.0000
470	249.2863	242	249.2863	0.1344	0.2691	36.0000
471	244.7666	246	244.7666	0.0114	0.0963	30.0000
472	249.1818	249	249.1818	0.1153	0.2650	30.0000
473	244.4963	239	244.4963	0.2652	0.2777	34.0000
474	243.6425	239	243.6425	0.1216	0.1457	34.0000
475	249.4109	250	249.4109	0.1773	0.2068	32.0000
476	246.3286	242	246.3286	0.0007	0.1289	41.0000
477	249.2863	247	249.2863	0.0236	0.1241	34.0000
478	249.8691	249	249.8691	0.0637	0.1557	42.0000
479	249.6607	248	249.6607	0.0421	0.2777	37.0000
480	244.7253	243	244.7253	0.0111	0.1289	35.0000
481	247.7034	245	247.7034	0.0874	0.2506	40.0000
482	237.2902	239	237.2902	0.0810	0.2696	30.0000
483	246.4954	240	246.4954	0.0382	0.1557	38.0000
484	246.5582	243	246.5582	0.1315	0.3422	33.0000
485	244.7252	246	244.7252	0.0589	0.4419	34.0000
486	248.7030	249	248.7030	0.0511	0.2777	32.0000
487	248.8073	244	248.8073	0.1603	0.3095	38.0000
488	237.6655	239	237.6655	0.0252	0.1816	29.0000
489	247.7032	245	247.7032	0.0311	0.1343	36.0000
490	248.4952	243	248.4952	0.2028	0.2068	35.0000
491	249.3487	245	249.3487	0.0247	0.0434	36.0000
492	238.9358	238	238.9358	0.1619	0.1725	32.0000
493	244.6836	244	244.6836	0.0643	0.2269	37.0000
494	249.2653	247	249.2653	0.1636	0.2023	33.0000
495	249.9314	249	249.9314	0.0827	0.2459	38.0000
496	239.3109	232	239.3109	0.0247	0.2068	36.0000
497	245.1419	239	245.1419	0.1221	0.1816	37.0000
498	250.0777	245	250.0777	0.1583	0.2417	38.0000
499	248.4951	239	248.4951	0.0566	0.1289	37.0000
500	243.0589	243	243.0589	0.0090	0.0434	31.0000
501	245.7869	240	245.7869	0.2132	0.2548	39.0000
502	246.3284	246	246.3284	0.1431	0.2311	32.0000
503	246.4747	244	246.4747	0.3109	0.4129	35.0000
504	242.3091	246	242.3091	0.2496	0.2777	31.0000
505	248.6613	243	248.6613	0.0672	0.1878	38.0000
506	248.1825	253	248.1825	0.1246	0.1522	32.0000
507	249.4317	250	249.4317	0.2697	0.2999	32.0000
508	246.2041	239	246.2041	0.0264	0.2128	37.0000
509	244.0591	239	244.0591	0.0014	0.1974	38.0000
510	246.4119	247	246.4119	0.2190	0.2836	35.0000
511	249.0361	248	249.0361	0.0116	0.2548	33.0000
512	249.4321	246	249.4321	0.0090	0.1816	35.0000
513	249.9943	248	249.9943	0.0034	0.0741	35.0000
514	246.5370	239	246.5370	0.0886	0.2079	43.0000
515	242.9130	243	242.9130	0.0699	0.1013	35.0000
516	250.4312	249	250.4312	0.0884	0.1557	35.0000
517	245.0376	242	245.0376	0.0412	0.0434	35.0000
518	245.1213	234	245.1213	0.0820	0.2269	40.0000
519	242.8094	240	242.8094	0.1335	0.1816	35.0000
520	240.1227	237	240.1227	0.0339	0.0728	34.0000
521	247.6616	241	247.6616	0.1413	0.1557	39.0000
522	247.2242	243	247.2242	0.0568	0.1557	34.0000
523	244.7252	241	244.7252	0.1751	0.2068	38.0000
524	247.5993	241	247.5993	0.1341	0.3395	40.0000
525	247.1828	247	247.1828	0.0531	0.3214	31.0000
526	247.4741	239	247.4741	0.0451	0.0728	43.0000
527	247.0366	248	247.0366	0.0278	0.3176	30.0000
528	243.1638	241	243.1638	0.0353	0.3133	32.0000
529	247.2032	244	247.2032	0.1971	0.2311	40.0000
530	248.6608	250	248.6608	0.0097	0.1725	34.0000
531	246.3285	247	246.3285	0.0804	0.1621	35.0000
532	249.7443	252	249.7443	0.1145	0.2068	32.0000
533	244.1838	241	244.1838	0.1509	0.2696	38.0000
534	249.7234	247	249.7234	0.2425	0.2777	34.0000
535	245.8912	246	245.8912	0.0821	0.3138	32.0000
536	248.1406	251	248.1406	0.1644	0.2068	33.0000
537	244.2880	241	244.2880	0.0063	0.1816	33.0000
538	239.3942	236	239.3942	0.0707	0.1013	31.0000
539	247.0995	245	247.0995	0.0181	0.1510	34.0000
540	245.3289	245	245.3289	0.2267	0.2311	36.0000
541	249.7443	244	249.7443	0.1772	0.3436	36.0000
542	245.6621	245	245.6621	0.1342	0.1771	33.0000
543	249.2652	243	249.2652	0.0802	0.1557	39.0000
544	250.3483	244	250.3483	0.1168	0.1557	40.0000
545	246.3286	240	246.3286	0.0477	0.3422	37.0000
546	241.3512	238	241.3512	0.0559	0.1884	34.0000
547	237.7073	233	237.7073	0.0937	0.1289	35.0000
548	244.2257	239	244.2257	0.0496	0.1186	39.0000
549	237.5819	234	237.5819	0.1931	0.2311	34.0000
550	247.2242	250	247.2242	0.1496	0.3422	30.0000
551	236.1033	233	236.1033	0.0644	0.2311	32.0000
552	244.0171	244	244.0171	0.0414	0.1816	32.0000
553	245.9120	246	245.9120	0.0150	0.0906	33.0000
554	239.8313	239	239.8313	0.0962	0.2459	32.0000
555	249.6606	249	249.6606	0.0715	0.0728	37.0000
556	245.9535	242	245.9535	0.0162	0.2506	35.0000
557	250.1191	253	250.1191	0.1973	0.2317	29.0000
558	243.7254	247	243.7254	0.1471	0.3013	33.0000
559	249.1195	244	249.1195	0.2863	0.3985	35.0000
560	250.2652	246	250.2652	0.0060	0.3176	38.0000
561	242.3513	239	242.3513	0.2053	0.2128	39.0000
562	249.9323	244	249.9323	0.1048	0.1510	38.0000
563	241.0598	239	241.0598	0.0393	0.1186	34.0000
564	245.7875	240	245.7875	0.0051	0.3349	36.0000
565	248.9946	246	248.9946	0.0041	0.1816	38.0000
566	248.6197	243	248.6197	0.0006	0.0963	40.0000
567	244.1212	242	244.1212	0.1610	0.2079	36.0000
568	246.8493	248	246.8493	0.0298	0.1013	33.0000
569	243.2464	244	243.2464	0.0620	0.1719	32.0000
570	244.3504	243	244.3504	0.1152	0.1557	34.0000
571	246.7241	247	246.7241	0.1783	0.2777	32.0000
572	248.5782	249	248.5782	0.0279	0.0434	35.0000
573	244.2882	240	244.2882	0.0542	0.0728	34.0000
574	241.3306	239	241.3306	0.0044	0.0434	32.0000
575	246.5993	248	246.5993	0.0845	0.1884	33.0000
576	246.2040	241	246.2040	0.1620	0.2068	36.0000
577	247.0580	241	247.0580	0.0067	0.1457	36.0000
578	249.6611	243	249.6611	0.0580	0.0728	44.0000
579	250.1817	248	250.1817	0.0621	0.1013	36.0000
580	248.3287	241	248.3287	0.0129	0.0434	39.0000
581	248.2031	247	248.2031	0.0362	0.1609	34.0000
582	248.5988	245	248.5988	0.0944	0.2068	35.0000
583	246.8079	243	246.8079	0.1039	0.3602	39.0000
584	243.9549	241	243.9549	0.1913	0.2068	36.0000
585	240.7682	239	240.7682	0.0053	0.1816	37.0000
586	244.1838	244	244.1838	0.1535	0.2023	33.0000
587	247.9113	248	247.9113	0.2694	0.3133	35.0000
588	245.4749	243	245.4749	0.2480	0.2548	34.0000
589	248.7028	249	248.7028	0.2496	0.2506	31.0000
590	244.1423	241	244.1423	0.1027	0.1186	35.0000
591	243.9961	243	243.9961	0.1116	0.2117	32.0000
592	243.8716	241	243.8716	0.0410	0.2269	36.0000
593	246.8912	247	246.8912	0.2588	0.2650	32.0000
594	239.3099	236	239.3099	0.0261	0.1013	36.0000
595	246.8493	241	246.8493	0.0216	0.1241	39.0000
596	242.9134	239	242.9134	0.1392	0.1557	34.0000
597	248.7864	247	248.7864	0.0271	0.0919	34.0000
598	242.3511	244	242.3511	0.2196	0.2311	33.0000
599	246.3286	246	246.3286	0.0191	0.1557	33.0000
600	245.3710	239	245.3710	0.1440	0.2459	38.0000
601	245.1830	242	245.1830	0.0655	0.0728	35.0000
602	242.3721	242	242.3721	0.3218	0.4587	31.0000
603	247.4327	247	247.4327	0.2019	0.2311	37.0000
604	246.5165	243	246.5165	0.0153	0.1013	38.0000
605	249.5148	253	249.5148	0.1905	0.2516	34.0000
606	249.2446	247	249.2446	0.0364	0.2459	33.0000
607	242.2885	240	242.2885	0.1241	0.1289	33.0000
608	250.0155	243	250.0155	0.0644	0.2068	39.0000
609	245.8083	243	245.8083	0.0229	0.0447	35.0000
610	245.5584	246	245.5584	0.0672	0.2220	31.0000
611	246.9538	243	246.9538	0.0993	0.2023	33.0000
612	248.2447	246	248.2447	0.2023	0.2220	34.0000
613	246.7656	248	246.7656	0.2128	0.2696	34.0000
614	247.4535	238	247.4535	0.0086	0.1557	41.0000
615	242.3932	238	242.3932	0.0745	0.1289	35.0000
616	245.6414	239	245.6414	0.1581	0.1929	41.0000
617	249.4529	242	249.4529	0.0037	0.0434	45.0000
618	249.8904	248	249.8904	0.1174	0.2691	35.0000
619	245.5580	242	245.5580	0.0250	0.1289	34.0000
620	240.3516	239	240.3516	0.2008	0.2311	36.0000
621	250.1196	250	250.1196	0.0983	0.2068	36.0000
622	249.7650	245	249.7650	0.1032	0.1816	36.0000
623	246.4124	239	246.4124	0.0303	0.1816	38.0000
624	248.3903	248	248.3903	0.0125	0.0728	34.0000
625	241.8097	239	241.8097	0.1643	0.2068	32.0000
626	249.9521	251	249.9521	0.1167	0.1289	32.0000
627	245.1417	239	245.1417	0.0506	0.0728	39.0000
628	239.4564	234	239.4564	0.0759	0.1289	38.0000
629	247.9947	246	247.9947	0.0452	0.1719	33.0000
630	247.7243	248	247.7243	0.1848	0.2915	35.0000
631	249.5777	247	249.5777	0.1138	0.1289	34.0000
632	243.8507	243	243.8507	0.0552	0.2220	34.0000
633	245.2252	243	245.2252	0.0067	0.1457	34.0000
634	245.9535	246	245.9535	0.1492	0.2317	35.0000
635	249.4319	245	249.4319	0.2391	0.3363	36.0000
636	249.0778	247	249.0778	0.0323	0.1289	36.0000
637	246.7245	241	246.7245	0.1315	0.2548	43.0000
638	246.8909	246	246.8909	0.3478	0.3859	35.0000
639	246.9955	245	246.9955	0.1343	0.2548	35.0000
640	243.6423	239	243.6423	0.0210	0.1192	38.0000
641	240.9140	244	240.9140	0.0363	0.1025	33.0000
642	244.0173	241	244.0173	0.1730	0.2068	33.0000
643	245.7248	242	245.7248	0.0725	0.2915	36.0000
644	238.8732	231	238.8732	0.0094	0.1013	37.0000
645	241.8927	242	241.8927	0.0038	0.1241	30.0000
646	247.3077	248	247.3077	0.0648	0.0689	33.0000
647	243.1629	241	243.1629	0.1259	0.3422	33.0000
648	245.2244	243	245.2244	0.0646	0.2226	36.0000
649	247.5573	249	247.5573	0.2538	0.2777	30.0000
650	240.2892	238	240.2892	0.0920	0.1731	35.0000
651	244.5586	245	244.5586	0.0799	0.2960	31.0000
652	249.8904	248	249.8904	0.2475	0.2548	37.0000
653	250.4107	247	250.4107	0.1231	0.2023	37.0000
654	245.0795	245	245.0795	0.1016	0.2311	33.0000
655	249.0155	249	249.0155	0.0597	0.1985	34.0000
656	248.6617	245	248.6617	0.0492	0.1081	39.0000
657	239.7686	239	239.7686	0.1032	0.2548	30.0000
658	248.9112	245	248.9112	0.0386	0.1557	34.0000
659	249.3481	246	249.3481	0.1155	0.1725	39.0000
660	247.4742	248	247.4742	0.0007	0.1289	30.0000
661	249.2027	245	249.2027	0.0507	0.0728	38.0000
662	241.2473	234	241.2473	0.2482	0.3589	40.0000
663	249.0363	242	249.0363	0.0206	0.1069	38.0000
664	249.0988	243	249.0988	0.0226	0.0321	41.0000
665	247.0371	248	247.0371	0.0949	0.3218	30.0000
666	242.1218	240	242.1218	0.0107	0.2311	33.0000
667	248.0159	238	248.0159	0.0113	0.0618	40.0000
668	249.4738	240	249.4738	0.0806	0.2023	40.0000
669	249.9522	252	249.9522	0.1409	0.3422	34.0000
670	249.8906	241	249.8906	0.2443	0.2506	44.0000
671	247.6617	243	247.6617	0.0633	0.0963	37.0000
672	250.4318	244	250.4318	0.2033	0.3214	36.0000
673	244.9334	239	244.9334	0.0373	0.0676	36.0000
674	243.5797	245	243.5797	0.0773	0.3349	28.0000
675	243.2883	240	243.2883	0.0131	0.1557	33.0000
676	246.0998	244	246.0998	0.0755	0.1816	36.0000
677	248.6196	246	248.6196	0.0473	0.2470	40.0000
678	247.2246	243	247.2246	0.0774	0.1510	37.0000
679	241.1642	239	241.1642	0.1015	0.3624	32.0000
680	250.2024	248	250.2024	0.0338	0.2506	34.0000
681	247.9950	243	247.9950	0.0144	0.0728	37.0000
682	242.8299	239	242.8299	0.0538	0.1557	35.0000
683	246.7035	248	246.7035	0.1119	0.1719	31.0000
684	241.0180	240	241.0180	0.0752	0.3270	32.0000
685	244.8087	247	244.8087	0.0304	0.0434	34.0000
686	243.4131	239	243.4131	0.1248	0.3985	38.0000
687	245.4959	245	245.4959	0.0259	0.1301	29.0000
688	245.2874	249	245.2874	0.0922	0.1289	33.0000
689	242.9969	242	242.9969	0.0795	0.1289	37.0000
690	245.1623	243	245.1623	0.1024	0.1974	33.0000
691	248.1407	248	248.1407	0.1588	0.2068	36.0000
692	249.3905	245	249.3905	0.1122	0.1289	39.0000
693	247.1621	238	247.1621	0.0620	0.2999	39.0000
694	243.9958	245	243.9958	0.0284	0.1186	32.0000
695	244.1005	240	244.1005	0.1372	0.1557	37.0000
696	239.8934	244	239.8934	0.0453	0.1289	30.0000
697	247.9115	245	247.9115	0.1553	0.1719	35.0000
698	241.2890	239	241.2890	0.1422	0.2068	36.0000
699	249.4943	254	249.4943	0.1052	0.1510	35.0000
700	243.2878	243	243.2878	0.0069	0.1013	33.0000
701	249.6609	254	249.6609	0.0700	0.1816	33.0000
702	244.8709	247	244.8709	0.1663	0.3598	30.0000
703	249.7861	243	249.7861	0.0420	0.1719	38.0000
704	248.4735	245	248.4735	0.0533	0.2777	35.0000
705	245.3710	245	245.3710	0.1390	0.3422	31.0000
706	239.1441	238	239.1441	0.2146	0.2417	33.0000
707	249.4530	246	249.4530	0.0492	0.1013	37.0000
708	249.1195	249	249.1195	0.0421	0.3386	35.0000
709	249.3275	245	249.3275	0.0007	0.1974	37.0000
710	250.1397	250	250.1397	0.1764	0.2548	36.0000
711	243.6423	242	243.6423	0.0635	0.2701	39.0000
712	249.1406	244	249.1406	0.1384	0.2068	38.0000
713	249.7443	252	249.7443	0.0573	0.1557	32.0000
714	243.1631	243	243.1631	0.1323	0.2117	31.0000
715	247.9528	242	247.9528	0.2314	0.3943	40.0000
716	248.1195	248	248.1195	0.0323	0.0963	36.0000
717	247.4117	247	247.4117	0.0492	0.1719	34.0000
718	248.5987	251	248.5987	0.1890	0.2691	36.0000
719	245.6003	240	245.6003	0.0618	0.2023	37.0000
720	249.8902	245	249.8902	0.0227	0.1013	41.0000
721	244.6214	241	244.6214	0.0046	0.1725	34.0000
722	243.6631	242	243.6631	0.0286	0.2068	35.0000
723	247.9323	243	247.9323	0.1185	0.1557	36.0000
724	247.8075	237	247.8075	0.1286	0.1289	40.0000
725	246.4537	241	246.4537	0.3144	0.3176	35.0000
726	242.4139	242	242.4139	0.2265	0.2548	32.0000
727	235.6454	228	235.6454	0.0314	0.1013	37.0000
728	238.6023	239	238.6023	0.0077	0.0728	33.0000
729	248.5781	247	248.5781	0.1010	0.1929	33.0000
730	247.4949	249	247.4949	0.1258	0.4010	27.0000
731	247.7247	241	247.7247	0.1235	0.2068	34.0000
732	247.1831	246	247.1831	0.0297	0.1289	35.0000
733	247.0998	248	247.0998	0.0337	0.2999	31.0000
734	242.6428	240	242.6428	0.0113	0.3176	34.0000
735	246.3707	240	246.3707	0.0589	0.2691	39.0000
736	248.2656	244	248.2656	0.0700	0.1457	37.0000
737	246.7242	246	246.7242	0.0084	0.1013	35.0000
738	244.8913	244	244.8913	0.0942	0.1557	30.0000
739	244.9126	239	244.9126	0.0102	0.1979	37.0000
740	247.6826	241	247.6826	0.1210	0.1457	39.0000
741	248.5571	249	248.5571	0.0612	0.1013	33.0000
742	248.6196	246	248.6196	0.0880	0.1557	35.0000
743	250.3069	242	250.3069	0.0809	0.1289	41.0000
744	249.7443	246	249.7443	0.1883	0.2220	37.0000
745	249.9733	244	249.9733	0.3401	0.3598	41.0000
746	241.3306	233	241.3306	0.0739	0.1771	41.0000
747	249.2648	248	249.2648	0.0531	0.2736	36.0000
748	246.8910	250	246.8910	0.1070	0.1557	33.0000
749	249.7646	256	249.7646	0.0425	0.1771	28.0000
750	238.1235	234	238.1235	0.1343	0.2548	33.0000
751	248.0987	249	248.0987	0.1309	0.1409	35.0000
752	247.3073	245	247.3073	0.1808	0.2220	35.0000
753	242.5595	238	242.5595	0.0222	0.1013	37.0000
754	250.3483	252	250.3483	0.0861	0.3214	31.0000
755	247.5990	251	247.5990	0.1780	0.2960	31.0000
756	249.3484	252	249.3484	0.0171	0.0728	34.0000
757	247.7034	242	247.7034	0.0072	0.2736	37.0000
758	244.7877	235	244.7877	0.0296	0.0913	40.0000
759	248.8488	249	248.8488	0.0816	0.1192	37.0000
760	246.2664	243	246.2664	0.1680	0.2548	34.0000
761	250.2857	246	250.2857	0.1379	0.3214	35.0000
762	247.5575	241	247.5575	0.0572	0.1343	41.0000
763	248.4743	244	248.4743	0.0721	0.1974	35.0000
764	250.3273	243	250.3273	0.0376	0.3013	41.0000
765	242.1427	240	242.1427	0.0042	0.1069	33.0000
766	242.2678	238	242.2678	0.1841	0.2915	36.0000
767	246.2667	240	246.2667	0.2319	0.2548	41.0000
768	246.3706	243	246.3706	0.0582	0.1013	36.0000
769	245.6622	245	245.6622	0.0149	0.0728	37.0000
770	237.4986	236	237.4986	0.1171	0.1289	33.0000
771	240.8104	231	240.8104	0.2395	0.2777	40.0000
772	248.0368	246	248.0368	0.0870	0.1974	36.0000
773	245.2876	243	245.2876	0.1312	0.1816	33.0000
774	250.2026	245	250.2026	0.2343	0.3214	35.0000
775	246.9118	245	246.9118	0.0124	0.1013	33.0000
776	248.9736	241	248.9736	0.0866	0.3833	39.0000
777	247.4747	248	247.4747	0.0399	0.0447	33.0000
778	246.3498	238	246.3498	0.0231	0.0434	41.0000
779	242.8303	242	242.8303	0.0626	0.0741	34.0000
780	247.8907	242	247.8907	0.0952	0.1557	36.0000
781	248.4321	245	248.4321	0.0162	0.1457	35.0000
782	244.7245	244	244.7245	0.2565	0.3095	37.0000
783	247.7449	245	247.7449	0.1003	0.3056	33.0000
784	248.6827	248	248.6827	0.1705	0.2417	35.0000
785	249.0986	245	249.0986	0.0479	0.1816	34.0000
786	242.6844	235	242.6844	0.1849	0.2736	38.0000
787	246.5994	246	246.5994	0.2074	0.2836	38.0000
788	250.3273	253	250.3273	0.0592	0.1816	31.0000
789	249.4320	250	249.4320	0.0758	0.1289	33.0000
790	243.9962	239	243.9962	0.1469	0.3598	37.0000
791	247.8701	246	247.8701	0.1186	0.1771	32.0000
792	243.9546	242	243.9546	0.1722	0.4242	35.0000
793	247.2452	246	247.2452	0.0668	0.1186	33.0000
794	247.7659	250	247.7659	0.2382	0.2548	32.0000
795	242.1018	240	242.1018	0.1079	0.2380	36.0000
796	240.9973	239	240.9973	0.0239	0.0728	37.0000
797	248.8902	242	248.8902	0.0471	0.1457	39.0000
798	246.7663	244	246.7663	0.1977	0.2269	37.0000
799	245.7252	243	245.7252	0.1405	0.2023	34.0000
800	248.8072	247	248.8072	0.1145	0.2068	34.0000
801	247.5158	244	247.5158	0.1173	0.1816	32.0000
802	247.8490	246	247.8490	0.0115	0.0434	36.0000
803	243.9546	243	243.9546	0.1229	0.1241	34.0000
804	247.5580	241	247.5580	0.0957	0.1816	36.0000
805	246.0580	243	246.0580	0.0886	0.0906	36.0000
806	245.2042	240	245.2042	0.0209	0.2311	39.0000
807	238.6234	231	238.6234	0.1511	0.2068	37.0000
808	236.9157	234	236.9157	0.0426	0.0728	34.0000
809	244.0792	250	244.0792	0.1761	0.2736	30.0000
810	246.1834	236	246.1834	0.2652	0.2787	41.0000
811	247.9533	245	247.9533	0.1289	0.1457	34.0000
812	234.2911	230	234.2911	0.0962	0.1013	33.0000
813	249.8901	248	249.8901	0.0055	0.1457	40.0000
814	241.9766	238	241.9766	0.0082	0.1289	32.0000
815	238.0192	235	238.0192	0.2029	0.3712	35.0000
816	250.1605	248	250.1605	0.0208	0.2068	36.0000
817	241.6009	242	241.6009	0.0200	0.1557	36.0000
818	240.7059	243	240.7059	0.1477	0.2736	33.0000
819	243.6217	241	243.6217	0.1606	0.3176	33.0000
820	247.5990	248	247.5990	0.1330	0.1725	31.0000
821	246.1203	242	246.1203	0.0206	0.0321	37.0000
822	242.6422	239	242.6422	0.2772	0.3056	34.0000
823	244.8503	242	244.8503	0.0682	0.0728	34.0000
824	241.9138	238	241.9138	0.2304	0.2548	36.0000
825	249.1196	251	249.1196	0.1123	0.2023	35.0000
826	249.1401	246	249.1401	0.0974	0.4206	36.0000
827	242.6633	239	242.6633	0.0566	0.1510	39.0000
828	248.1412	238	248.1412	0.0292	0.0728	40.0000
829	242.1012	239	242.1012	0.0061	0.2068	35.0000
830	240.3518	242	240.3518	0.0130	0.0728	34.0000
831	246.5998	243	246.5998	0.0190	0.3422	36.0000
832	249.2445	246	249.2445	0.1459	0.1816	34.0000
833	244.7254	238	244.7254	0.0798	0.1816	40.0000
834	248.1823	243	248.1823	0.1471	0.1557	35.0000
835	248.5571	246	248.5571	0.0031	0.0728	33.0000
836	243.1634	238	243.1634	0.2306	0.2548	35.0000
837	249.5360	250	249.5360	0.0790	0.1301	35.0000
838	245.9540	246	245.9540	0.0155	0.4306	35.0000
839	247.4536	246	247.4536	0.0089	0.3133	34.0000
840	247.4326	243	247.4326	0.1554	0.2594	37.0000
841	249.0575	237	249.0575	0.0834	0.2506	43.0000
842	244.2670	240	244.2670	0.0628	0.1771	35.0000
843	248.4115	244	248.4115	0.2149	0.4093	33.0000
844	241.6633	243	241.6633	0.1076	0.1409	32.0000
845	243.0594	238	243.0594	0.1575	0.2736	35.0000
846	249.2446	243	249.2446	0.2313	0.3824	38.0000
847	245.0167	242	245.0167	0.0167	0.3422	38.0000
848	245.0169	238	245.0169	0.0798	0.2177	40.0000
849	244.7249	241	244.7249	0.0121	0.0728	36.0000
850	249.6608	252	249.6608	0.0874	0.3307	35.0000
851	247.1415	241	247.1415	0.0459	0.1557	40.0000
852	245.8291	242	245.8291	0.0591	0.1186	36.0000
853	247.9117	241	247.9117	0.3035	0.3095	40.0000
854	246.7868	244	246.7868	0.2431	0.3095	36.0000
855	250.1815	244	250.1815	0.0900	0.1771	37.0000
856	249.7438	251	249.7438	0.0949	0.2691	32.0000
857	249.7442	254	249.7442	0.1443	0.3422	34.0000
858	246.2035	239	246.2035	0.0881	0.1719	38.0000
859	248.5989	245	248.5989	0.0550	0.1289	37.0000
860	249.4112	249	249.4112	0.0358	0.1013	37.0000
861	249.1612	247	249.1612	0.1187	0.1816	34.0000
862	250.1815	244	250.1815	0.1320	0.3095	37.0000
863	248.9116	248	248.9116	0.2843	0.2915	31.0000
864	245.7872	241	245.7872	0.0361	0.1013	38.0000
865	248.6200	238	248.6200	0.1077	0.1719	39.0000
866	246.9955	241	246.9955	0.0212	0.1719	37.0000
867	250.4312	252	250.4312	0.1204	0.2777	32.0000
868	246.4534	250	246.4534	0.3326	0.4162	31.0000
869	246.9323	244	246.9323	0.1544	0.1557	41.0000
870	237.9563	238	237.9563	0.1190	0.3386	32.0000
871	246.9955	246	246.9955	0.1696	0.2464	35.0000
872	249.3279	246	249.3279	0.1581	0.2548	34.0000
873	245.5378	243	245.5378	0.0787	0.1510	36.0000
874	244.5172	238	244.5172	0.0555	0.1468	40.0000
875	243.1838	251	243.1838	0.1369	0.3589	28.0000
876	240.6641	238	240.6641	0.1230	0.1816	36.0000
877	248.8069	249	248.8069	0.1715	0.2220	33.0000
878	245.9950	249	245.9950	0.0234	0.1673	33.0000
879	250.3479	252	250.3479	0.0744	0.2836	33.0000
880	245.8914	245	245.8914	0.1802	0.2068	33.0000
881	246.2872	248	246.2872	0.0634	0.2417	33.0000
882	242.5593	235	242.5593	0.1127	0.1816	39.0000
883	249.3071	244	249.3071	0.1525	0.2311	35.0000
884	249.4318	250	249.4318	0.0254	0.1974	31.0000
885	246.4953	244	246.4953	0.0853	0.1241	36.0000
886	248.4110	248	248.4110	0.2479	0.2930	34.0000
887	248.6198	243	248.6198	0.0498	0.2068	43.0000
888	241.8095	241	241.8095	0.0098	0.0728	37.0000
889	245.2875	244	245.2875	0.0438	0.1069	34.0000
890	244.8918	241	244.8918	0.0059	0.1241	35.0000
891	248.9737	244	248.9737	0.0625	0.2068	35.0000
892	247.2452	243	247.2452	0.0607	0.1409	39.0000
893	247.2866	251	247.2866	0.0394	0.1557	31.0000
894	246.5580	243	246.5580	0.0836	0.1013	35.0000
895	243.5381	243	243.5381	0.0053	0.3214	30.0000
896	250.0778	244	250.0778	0.1069	0.2040	36.0000
897	242.2053	240	242.2053	0.0631	0.1816	39.0000
898	244.5583	245	244.5583	0.1137	0.1985	35.0000
899	249.0778	241	249.0778	0.0044	0.2696	38.0000
900	242.7468	244	242.7468	0.0828	0.1289	34.0000
901	240.2269	239	240.2269	0.2248	0.2506	32.0000
902	248.9529	251	248.9529	0.0279	0.1719	33.0000
903	232.7920	229	232.7920	0.0023	0.1289	33.0000
904	250.3693	241	250.3693	0.1461	0.1557	41.0000
905	245.3501	241	245.3501	0.0726	0.1289	34.0000
906	246.8288	247	246.8288	0.1614	0.2548	34.0000
907	246.1413	248	246.1413	0.2267	0.2920	29.0000
908	243.2678	236	243.2678	0.0273	0.2079	40.0000
909	249.8068	249	249.8068	0.0981	0.3549	34.0000
910	240.5808	239	240.5808	0.0683	0.0728	34.0000
911	243.0591	240	243.0591	0.0210	0.0728	35.0000
912	242.2262	241	242.2262	0.0351	0.0434	35.0000
913	245.5167	237	245.5167	0.0389	0.2068	37.0000
914	247.0157	244	247.0157	0.0187	0.0434	37.0000
915	246.5163	243	246.5163	0.1067	0.1289	38.0000
916	250.2857	249	250.2857	0.0827	0.2269	31.0000
917	246.7662	246	246.7662	0.1948	0.2311	34.0000
918	246.9745	247	246.9745	0.0032	0.1013	34.0000
919	244.6415	243	244.6415	0.1344	0.1557	34.0000
920	239.3727	241	239.3727	0.0285	0.1069	35.0000
921	245.3293	245	245.3293	0.1783	0.3176	32.0000
922	246.2037	245	246.2037	0.0912	0.0963	33.0000
923	247.4119	250	247.4119	0.0025	0.1013	37.0000
924	245.8504	238	245.8504	0.0504	0.0728	36.0000
925	239.7059	240	239.7059	0.1502	0.2417	32.0000
926	243.3299	237	243.3299	0.0299	0.1719	39.0000
927	237.9984	233	237.9984	0.0708	0.0728	37.0000
928	246.0997	239	246.0997	0.0372	0.1186	41.0000
929	247.7449	245	247.7449	0.2260	0.2548	37.0000
930	247.0576	243	247.0576	0.0068	0.0434	36.0000
931	247.4117	246	247.4117	0.0561	0.1013	34.0000
932	247.9325	242	247.9325	0.0713	0.0975	37.0000
933	250.0777	247	250.0777	0.3122	0.3673	35.0000
934	247.4952	243	247.4952	0.1697	0.1816	41.0000
935	244.3084	243	244.3084	0.1864	0.2650	36.0000
936	248.2448	246	248.2448	0.0091	0.3133	34.0000
937	247.9116	244	247.9116	0.1149	0.1828	37.0000
938	248.8902	250	248.8902	0.1444	0.2915	35.0000
939	249.4525	247	249.4525	0.0315	0.0856	32.0000
940	245.0375	244	245.0375	0.0893	0.1289	35.0000
941	249.5571	240	249.5571	0.0407	0.0906	41.0000
942	248.5156	248	248.5156	0.0722	0.1289	34.0000
943	244.5377	238	244.5377	0.1390	0.1816	36.0000
944	247.4949	248	247.4949	0.0763	0.1816	30.0000
945	246.8495	244	246.8495	0.3265	0.3344	38.0000
946	243.1011	240	243.1011	0.1164	0.1557	32.0000
947	249.8062	246	249.8062	0.0035	0.1241	35.0000
948	247.0578	243	247.0578	0.0186	0.1013	36.0000
949	243.4137	239	243.4137	0.1716	0.2311	37.0000
950	244.9130	238	244.9130	0.0567	0.2311	36.0000
951	240.6223	239	240.6223	0.1022	0.1557	32.0000
952	243.5802	239	243.5802	0.0492	0.0728	32.0000
953	250.0358	249	250.0358	0.1548	0.1929	33.0000
954	245.6209	243	245.6209	0.1893	0.3517	34.0000
955	241.3932	236	241.3932	0.1749	0.2792	37.0000
956	242.4342	242	242.4342	0.0442	0.2359	32.0000
957	250.3687	249	250.3687	0.0880	0.1557	32.0000
958	248.6200	239	248.6200	0.0391	0.0434	39.0000
959	249.0778	244	249.0778	0.0105	0.0434	40.0000
960	239.9563	234	239.9563	0.0500	0.2068	36.0000
961	246.1620	242	246.1620	0.1905	0.2269	37.0000
962	247.5990	250	247.5990	0.1193	0.1974	32.0000
963	244.2885	242	244.2885	0.1199	0.1816	33.0000
964	249.9941	243	249.9941	0.0614	0.3624	38.0000
965	244.2463	246	244.2463	0.0612	0.1557	31.0000
966	245.9539	242	245.9539	0.0306	0.1013	36.0000
967	249.0983	247	249.0983	0.0726	0.2594	36.0000
968	248.3490	251	248.3490	0.0191	0.1289	34.0000
969	237.5405	223	237.5405	0.1163	0.1457	47.0000
970	246.1001	240	246.1001	0.0171	0.1510	38.0000
971	250.3898	244	250.3898	0.0072	0.0676	41.0000
972	249.4110	249	249.4110	0.2037	0.3463	34.0000
973	245.5791	239	245.5791	0.0824	0.2736	36.0000
974	249.9525	245	249.9525	0.0377	0.2311	36.0000
975	248.9320	249	248.9320	0.2261	0.2311	32.0000
976	246.0581	243	246.0581	0.2285	0.2548	36.0000
977	247.5784	247	247.5784	0.0508	0.1816	33.0000
978	245.1003	247	245.1003	0.1160	0.1816	32.0000
979	238.3527	232	238.3527	0.0459	0.0676	37.0000
980	246.5787	244	246.5787	0.2211	0.2777	35.0000
981	249.6821	244	249.6821	0.0769	0.2417	36.0000
982	247.9327	247	247.9327	0.0638	0.0728	32.0000
983	249.8693	256	249.8693	0.1136	0.1974	33.0000
984	245.2248	244	245.2248	0.2311	0.2459	38.0000
985	244.2458	242	244.2458	0.0277	0.0381	36.0000
986	247.9322	247	247.9322	0.0165	0.1557	39.0000
987	247.5991	244	247.5991	0.1453	0.3664	37.0000
988	249.5981	246	249.5981	0.1044	0.1289	38.0000
989	248.8066	246	248.8066	0.0239	0.2915	38.0000
990	243.4339	241	243.4339	0.1416	0.3513	34.0000
991	237.7694	238	237.7694	0.0297	0.0434	31.0000
992	246.5783	247	246.5783	0.0080	0.0963	33.0000
993	244.6628	244	244.6628	0.2403	0.2691	33.0000
994	250.3069	244	250.3069	0.0991	0.1457	42.0000
995	246.9324	247	246.9324	0.0199	0.0434	33.0000
996	249.2238	250	249.2238	0.1288	0.1510	29.0000
997	244.5792	244	244.5792	0.1523	0.1621	32.0000
998	247.1822	250	247.1822	0.1517	0.3344	32.0000
999	244.2669	244	244.2669	0.2012	0.3751	30.0000
1000	248.6195	249	248.6195	0.0008	0.1627	33.0000
