1	247.6408	247	247.6408	0.0053	0.1409	37.0000
2	248.3905	245	248.3905	0.1010	0.1878	37.0000
3	249.8488	245	249.8488	0.0927	0.1816	35.0000
4	245.1835	241	245.1835	0.0499	0.1867	33.0000
5	249.1404	248	249.1404	0.0377	0.2876	37.0000
6	244.6833	245	244.6833	0.0202	0.4384	32.0000
7	243.0175	244	243.0175	0.0677	0.1409	33.0000
8	244.3918	243	244.3918	0.0942	0.1241	34.0000
9	242.9340	239	242.9340	0.0815	0.2960	36.0000
10	244.6835	244	244.6835	0.0691	0.2023	31.0000
11	246.4119	245	246.4119	0.0231	0.0676	31.0000
12	249.8903	247	249.8903	0.1051	0.3513	32.0000
13	250.2861	244	250.2861	0.0123	0.1069	37.0000
14	246.3289	242	246.3289	0.0227	0.2548	35.0000
15	248.4737	250	248.4737	0.1979	0.2736	34.0000
16	248.3699	242	248.3699	0.0165	0.0434	36.0000
17	248.5572	250	248.5572	0.1934	0.2604	34.0000
18	242.3301	241	242.3301	0.0545	0.1013	33.0000
19	247.0372	241	247.0372	0.1216	0.2269	39.0000
20	248.6616	244	248.6616	0.0543	0.1289	37.0000
21	245.1419	238	245.1419	0.0126	0.2548	36.0000
22	244.9336	241	244.9336	0.2118	0.2876	36.0000
23	248.9321	249	248.9321	0.1737	0.4194	34.0000
24	246.3701	248	246.3701	0.0159	0.0618	34.0000
25	244.7462	245	244.7462	0.2935	0.3133	32.0000
26	246.9117	247	246.9117	0.0705	0.0728	33.0000
27	244.7249	243	244.7249	0.1941	0.2370	36.0000
28	244.3709	243	244.3709	0.0091	0.2269	34.0000
29	241.3099	235	241.3099	0.0041	0.0728	37.0000
30	246.2872	244	246.2872	0.0595	0.2068	36.0000
31	243.8092	234	243.8092	0.2139	0.2915	37.0000
32	247.4739	248	247.4739	0.0072	0.0728	33.0000
33	247.8282	246	247.8282	0.2819	0.2960	33.0000
34	249.1818	249	249.1818	0.1420	0.1816	35.0000
35	247.0581	241	247.0581	0.0309	0.0728	38.0000
36	248.2652	248	248.2652	0.0430	0.1974	34.0000
37	242.3721	234	242.3721	0.0080	0.1013	44.0000
38	236.2278	234	236.2278	0.0058	0.3436	35.0000
39	244.3711	241	244.3711	0.0436	0.2068	33.0000
40	248.5991	245	248.5991	0.0636	0.1013	37.0000
41	248.6613	243	248.6613	0.1089	0.1289	36.0000
42	247.9112	250	247.9112	0.0611	0.1186	33.0000
43	247.9119	240	247.9119	0.1720	0.2311	38.0000
44	247.1411	248	247.1411	0.1464	0.3664	31.0000
45	244.4963	240	244.4963	0.0440	0.1241	36.0000
46	242.5594	243	242.5594	0.1070	0.1186	32.0000
47	246.8074	245	246.8074	0.1875	0.2696	37.0000
48	250.4107	252	250.4107	0.0208	0.2999	31.0000
49	244.0379	242	244.0379	0.1417	0.1816	34.0000
50	249.9736	241	249.9736	0.2666	0.2999	39.0000
51	244.7045	241	244.7045	0.0674	0.0906	37.0000
52	240.2893	232	240.2893	0.1971	0.2068	44.0000
53	247.1414	244	247.1414	0.1542	0.1557	34.0000
54	249.8697	248	249.8697	0.0921	0.1557	32.0000
55	248.3281	241	248.3281	0.3433	0.4786	38.0000
56	250.3486	249	250.3486	0.0161	0.3214	36.0000
57	245.2040	241	245.2040	0.1235	0.2548	38.0000
58	246.9119	244	246.9119	0.1547	0.3549	32.0000
59	242.6843	239	242.6843	0.0381	0.0728	34.0000
60	249.5773	249	249.5773	0.0710	0.2548	36.0000
61	246.4118	241	246.4118	0.0031	0.1013	39.0000
62	248.2655	249	248.2655	0.0030	0.1510	32.0000
63	247.0370	247	247.0370	0.0266	0.0906	32.0000
64	239.3522	236	239.3522	0.0382	0.0728	38.0000
65	248.6405	243	248.6405	0.0779	0.1289	36.0000
66	240.9556	239	240.9556	0.2644	0.2960	29.0000
67	247.7451	242	247.7451	0.2904	0.3270	37.0000
68	249.3483	248	249.3483	0.0236	0.1457	34.0000
69	249.3071	246	249.3071	0.1836	0.3095	37.0000
70	249.1612	241	249.1612	0.1276	0.1289	40.0000
71	249.1819	247	249.1819	0.0108	0.0618	38.0000
72	243.3926	240	243.3926	0.0442	0.2035	35.0000
73	249.0362	251	249.0362	0.0595	0.1186	29.0000
74	247.8073	247	247.8073	0.0338	0.1013	33.0000
75	242.3931	237	242.3931	0.0427	0.2548	36.0000
76	248.8073	240	248.8073	0.1592	0.1719	40.0000
77	243.0593	236	243.0593	0.0743	0.1013	35.0000
78	242.0176	237	242.0176	0.0349	0.0728	39.0000
79	246.3289	242	246.3289	0.1933	0.2220	36.0000
80	243.7044	241	243.7044	0.2136	0.2777	35.0000
81	245.1002	240	245.1002	0.0833	0.1013	40.0000
82	249.3693	245	249.3693	0.1434	0.1816	39.0000
83	250.2230	249	250.2230	0.2142	0.2736	33.0000
84	240.4766	238	240.4766	0.0086	0.0434	36.0000
85	249.5359	247	249.5359	0.1007	0.1013	32.0000
86	243.2670	244	243.2670	0.1391	0.1974	34.0000
87	247.6617	242	247.6617	0.1209	0.1557	36.0000
88	247.1824	247	247.1824	0.2097	0.3553	33.0000
89	236.0197	239	236.0197	0.0792	0.1457	30.0000
90	248.6410	238	248.6410	0.0107	0.1289	44.0000
91	246.3705	247	246.3705	0.0412	0.1013	30.0000
92	248.8486	246	248.8486	0.2355	0.2736	37.0000
93	246.1622	243	246.1622	0.0771	0.1816	32.0000
94	242.2674	243	242.2674	0.0192	0.0963	35.0000
95	247.8492	238	247.8492	0.0044	0.1719	40.0000
96	244.9123	246	244.9123	0.0365	0.0434	33.0000
97	247.8906	245	247.8906	0.0405	0.1013	32.0000
98	243.2469	239	243.2469	0.0505	0.1186	36.0000
99	249.4321	243	249.4321	0.0869	0.1013	37.0000
100	246.2870	248	246.2870	0.1350	0.2068	30.0000
101	245.9120	248	245.9120	0.0571	0.1557	34.0000
102	248.6200	242	248.6200	0.0129	0.0728	39.0000
103	244.3089	236	244.3089	0.1268	0.2220	38.0000
104	246.7037	246	246.7037	0.0164	0.1241	35.0000
105	247.4327	238	247.4327	0.1031	0.1816	43.0000
106	248.3282	245	248.3282	0.0625	0.1289	37.0000
107	246.8911	242	246.8911	0.1118	0.1719	35.0000
108	249.8693	245	249.8693	0.0030	0.1719	35.0000
109	246.0581	240	246.0581	0.0918	0.3799	39.0000
110	245.8081	243	245.8081	0.0399	0.1289	32.0000
111	246.2456	238	246.2456	0.0159	0.0434	38.0000
112	246.4747	243	246.4747	0.0718	0.1510	38.0000
113	242.8093	244	242.8093	0.0252	0.3422	30.0000
114	247.9117	251	247.9117	0.0959	0.2558	32.0000
115	246.8704	245	246.8704	0.0239	0.0434	35.0000
116	250.3065	244	250.3065	0.0108	0.1295	42.0000
117	245.0377	240	245.0377	0.0736	0.1719	36.0000
118	247.0369	244	247.0369	0.1437	0.2691	38.0000
119	244.8713	237	244.8713	0.1512	0.1557	35.0000
120	248.6195	245	248.6195	0.1300	0.2220	35.0000
121	243.6633	238	243.6633	0.1959	0.1974	37.0000
122	243.4129	245	243.4129	0.1598	0.2548	29.0000
123	244.9130	238	244.9130	0.1049	0.2068	38.0000
124	244.7877	248	244.7877	0.0198	0.0494	33.0000
125	248.8282	245	248.8282	0.0329	0.1816	38.0000
126	244.6002	239	244.6002	0.2131	0.2311	37.0000
127	246.0170	239	246.0170	0.0504	0.1289	36.0000
128	247.3285	244	247.3285	0.1168	0.2777	33.0000
129	238.9357	237	238.9357	0.0155	0.0434	33.0000
130	248.4321	244	248.4321	0.0215	0.1013	37.0000
131	249.3068	240	249.3068	0.0678	0.1289	42.0000
132	243.7882	237	243.7882	0.0434	0.1557	37.0000
133	243.9130	239	243.9130	0.4269	0.4372	33.0000
134	248.4531	244	248.4531	0.1573	0.1719	37.0000
135	243.5799	242	243.5799	0.2077	0.2548	32.0000
136	250.3692	245	250.3692	0.0723	0.2177	37.0000
137	247.1830	248	247.1830	0.0732	0.1013	32.0000
138	249.9528	244	249.9528	0.0591	0.1457	40.0000
139	249.3906	249	249.3906	0.1991	0.3549	34.0000
140	246.8291	241	246.8291	0.0354	0.1557	35.0000
141	245.3712	240	245.3712	0.0357	0.2188	38.0000
142	246.8078	243	246.8078	0.1737	0.3133	34.0000
143	243.5174	244	243.5174	0.1732	0.2311	32.0000
144	245.4331	244	245.4331	0.1111	0.2650	33.0000
145	247.0160	249	247.0160	0.1473	0.2736	32.0000
146	249.4524	244	249.4524	0.0020	0.0728	41.0000
147	248.8698	247	248.8698	0.0147	0.3228	38.0000
148	243.7255	242	243.7255	0.0166	0.1186	35.0000
149	240.3308	234	240.3308	0.0785	0.1816	39.0000
150	249.1819	245	249.1819	0.0075	0.0728	40.0000
151	246.4747	241	246.4747	0.0121	0.1816	35.0000
152	247.4117	243	247.4117	0.1026	0.1457	37.0000
153	242.4553	234	242.4553	0.1988	0.3589	40.0000
154	233.7497	233	233.7497	0.0167	0.1289	32.0000
155	241.7888	237	241.7888	0.0699	0.0728	37.0000
156	248.6193	244	248.6193	0.0072	0.0728	37.0000
157	241.4767	237	241.4767	0.0607	0.1289	37.0000
158	245.3913	242	245.3913	0.0619	0.1013	39.0000
159	244.9542	239	244.9542	0.1913	0.3052	37.0000
160	247.1199	249	247.1199	0.0026	0.4010	31.0000
161	243.8505	246	243.8505	0.0518	0.2876	34.0000
162	246.4330	243	246.4330	0.3002	0.3133	40.0000
163	240.6226	235	240.6226	0.0704	0.1289	34.0000
164	248.4950	243	248.4950	0.2855	0.3133	37.0000
165	249.3903	250	249.3903	0.0777	0.0913	36.0000
166	249.2028	246	249.2028	0.0055	0.0741	36.0000
167	248.3075	244	248.3075	0.0217	0.1186	36.0000
168	242.6428	243	242.6428	0.0986	0.1510	33.0000
169	247.3283	245	247.3283	0.0851	0.1013	36.0000
170	243.2882	238	243.2882	0.0864	0.1013	39.0000
171	249.1612	245	249.1612	0.0906	0.2311	35.0000
172	238.9356	239	238.9356	0.1533	0.2506	33.0000
173	237.4152	234	237.4152	0.0359	0.1719	39.0000
174	239.2481	234	239.2481	0.0642	0.2777	37.0000
175	245.6832	245	245.6832	0.1166	0.1289	36.0000
176	249.2647	253	249.2647	0.0588	0.2068	29.0000
177	242.0181	241	242.0181	0.0078	0.0434	31.0000
178	241.4347	236	241.4347	0.0248	0.4162	38.0000
179	243.7879	243	243.7879	0.1279	0.2777	35.0000
180	241.0597	241	241.0597	0.0271	0.1816	32.0000
181	246.7871	240	246.7871	0.0917	0.2736	40.0000
182	247.2867	247	247.2867	0.1194	0.1974	33.0000
183	239.8311	238	239.8311	0.1643	0.1816	31.0000
184	245.8286	248	245.8286	0.0204	0.0434	32.0000
185	249.2028	243	249.2028	0.0446	0.1816	38.0000
186	249.3901	249	249.3901	0.1776	0.2220	34.0000
187	248.9110	246	248.9110	0.1673	0.2370	36.0000
188	244.4545	243	244.4545	0.0884	0.1241	33.0000
189	249.1821	245	249.1821	0.0734	0.3143	36.0000
190	248.7655	249	248.7655	0.1996	0.2220	33.0000
191	241.9345	239	241.9345	0.0916	0.2999	35.0000
192	249.5154	247	249.5154	0.0542	0.1289	40.0000
193	239.1025	240	239.1025	0.1755	0.2787	30.0000
194	249.3066	249	249.3066	0.0429	0.1343	36.0000
195	247.3078	246	247.3078	0.0135	0.0434	38.0000
196	241.1850	239	241.1850	0.2226	0.2736	37.0000
197	250.4314	249	250.4314	0.0403	0.0434	36.0000
198	243.5802	242	243.5802	0.1082	0.2459	35.0000
199	241.7266	242	241.7266	0.1451	0.1974	34.0000
200	241.5391	240	241.5391	0.0198	0.1557	30.0000
201	235.7912	227	235.7912	0.1070	0.2311	37.0000
202	248.0575	243	248.0575	0.0502	0.0728	37.0000
203	243.2466	245	243.2466	0.1611	0.2736	34.0000
204	246.5373	236	246.5373	0.1074	0.2777	39.0000
205	247.8702	245	247.8702	0.0730	0.0963	36.0000
206	245.4958	243	245.4958	0.1611	0.2736	38.0000
207	244.2047	243	244.2047	0.1261	0.1289	33.0000
208	242.3922	244	242.3922	0.1062	0.4875	33.0000
209	245.1414	246	245.1414	0.0963	0.1510	33.0000
210	248.2452	249	248.2452	0.1602	0.1719	33.0000
211	238.1440	234	238.1440	0.1857	0.2269	34.0000
212	250.2647	252	250.2647	0.0477	0.1457	32.0000
213	245.6834	244	245.6834	0.0424	0.0434	37.0000
214	247.6621	239	247.6621	0.0999	0.1186	40.0000
215	243.6423	237	243.6423	0.0061	0.1013	37.0000
216	244.3921	246	244.3921	0.0594	0.1013	30.0000
217	248.5362	245	248.5362	0.0055	0.1816	38.0000
218	249.7442	243	249.7442	0.1230	0.1816	39.0000
219	249.8278	248	249.8278	0.0749	0.0963	33.0000
220	250.0358	249	250.0358	0.1441	0.2068	35.0000
221	246.8704	241	246.8704	0.0153	0.0728	38.0000
222	240.3098	238	240.3098	0.0672	0.3133	34.0000
223	245.4958	240	245.4958	0.2784	0.2831	34.0000
224	244.7255	246	244.7255	0.0166	0.2960	34.0000
225	247.5579	242	247.5579	0.1101	0.1289	38.0000
226	247.0161	241	247.0161	0.2001	0.2777	35.0000
227	246.5787	242	246.5787	0.0437	0.1771	36.0000
228	246.3497	244	246.3497	0.0859	0.2311	34.0000
229	249.1404	246	249.1404	0.0326	0.1609	35.0000
230	248.2865	245	248.2865	0.0577	0.1568	38.0000
231	246.1828	246	246.1828	0.1547	0.1828	33.0000
232	246.2870	242	246.2870	0.0729	0.0963	42.0000
233	241.7887	238	241.7887	0.2298	0.2999	34.0000
234	247.6408	245	247.6408	0.0010	0.0447	37.0000
235	241.7058	239	241.7058	0.2550	0.2691	35.0000
236	246.2037	244	246.2037	0.1220	0.1510	35.0000
237	241.5804	243	241.5804	0.1556	0.1828	28.0000
238	250.3688	250	250.3688	0.1039	0.2068	37.0000
239	245.5167	242	245.5167	0.2131	0.2506	32.0000
240	245.3084	246	245.3084	0.0003	0.1253	31.0000
241	245.1833	242	245.1833	0.0710	0.2736	37.0000
242	246.7243	248	246.7243	0.1788	0.2920	32.0000
243	247.8283	242	247.8283	0.1502	0.3013	38.0000
244	248.4322	245	248.4322	0.0743	0.0906	32.0000
245	250.3689	251	250.3689	0.2523	0.3013	34.0000
246	248.0364	246	248.0364	0.1448	0.2311	35.0000
247	240.9558	240	240.9558	0.1512	0.1557	32.0000
248	248.1823	247	248.1823	0.0052	0.3589	31.0000
249	249.5778	248	249.5778	0.0173	0.1013	36.0000
250	249.9521	254	249.9521	0.0914	0.1457	32.0000
251	235.5200	230	235.5200	0.0752	0.1974	41.0000
252	244.1841	244	244.1841	0.0153	0.0741	32.0000
253	245.4750	244	245.4750	0.1249	0.1771	34.0000
254	238.1022	241	238.1022	0.0389	0.1025	33.0000
255	240.9764	239	240.9764	0.0739	0.2220	34.0000
256	247.4118	248	247.4118	0.1617	0.3344	33.0000
257	239.7476	241	239.7476	0.0241	0.1289	36.0000
258	248.4734	251	248.4734	0.0166	0.0728	32.0000
259	248.5366	244	248.5366	0.0095	0.0728	35.0000
260	241.5392	236	241.5392	0.0447	0.2220	32.0000
261	240.5187	237	240.5187	0.0997	0.2311	38.0000
262	242.1636	240	242.1636	0.0120	0.0728	35.0000
263	238.8315	235	238.8315	0.0854	0.1289	35.0000
264	249.3906	239	249.3906	0.0811	0.1013	42.0000
265	249.9314	251	249.9314	0.0311	0.2068	34.0000
266	247.9324	244	247.9324	0.1414	0.2322	36.0000
267	240.2685	238	240.2685	0.0125	0.1013	37.0000
268	249.7437	246	249.7437	0.0519	0.1816	42.0000
269	245.8914	243	245.8914	0.0123	0.1013	33.0000
270	245.7874	245	245.7874	0.1573	0.1974	32.0000
271	248.5360	252	248.5360	0.1095	0.1878	34.0000
272	249.7237	251	249.7237	0.0529	0.2886	36.0000
273	242.3091	237	242.3091	0.1446	0.1557	35.0000
274	245.1210	240	245.1210	0.0055	0.1289	36.0000
275	244.1420	241	244.1420	0.1276	0.1355	36.0000
276	247.4324	247	247.4324	0.1122	0.1816	32.0000
277	241.7680	239	241.7680	0.0011	0.1563	33.0000
278	229.5852	224	229.5852	0.0956	0.2220	35.0000
279	246.7868	242	246.7868	0.1070	0.2327	38.0000
280	248.2241	245	248.2241	0.2924	0.3138	35.0000
281	248.0574	244	248.0574	0.1220	0.2506	33.0000
282	240.0186	238	240.0186	0.1473	0.1557	33.0000
283	249.4945	248	249.4945	0.0581	0.0906	36.0000
284	247.8073	244	247.8073	0.1278	0.2777	39.0000
285	247.9740	240	247.9740	0.1439	0.2226	39.0000
286	243.7882	241	243.7882	0.2150	0.2311	35.0000
287	243.5591	245	243.5591	0.0113	0.3176	32.0000
288	243.7462	240	243.7462	0.2185	0.2777	34.0000
289	248.1822	251	248.1822	0.0808	0.1568	31.0000
290	248.1615	246	248.1615	0.0834	0.1289	33.0000
291	246.5788	242	246.5788	0.0425	0.1013	36.0000
292	246.1836	240	246.1836	0.1045	0.1289	33.0000
293	241.5801	236	241.5801	0.0605	0.2084	38.0000
294	241.7885	235	241.7885	0.2636	0.3549	37.0000
295	246.2456	248	246.2456	0.0426	0.1013	32.0000
296	245.5581	243	245.5581	0.0838	0.1719	37.0000
297	242.9554	238	242.9554	0.0441	0.1013	33.0000
298	249.2651	242	249.2651	0.0711	0.1719	41.0000
299	240.1850	236	240.1850	0.1098	0.3349	35.0000
300	247.3076	244	247.3076	0.1852	0.2691	35.0000
301	245.9122	239	245.9122	0.1945	0.3549	41.0000
302	246.1201	253	246.1201	0.1003	0.3307	30.0000
303	249.2233	246	249.2233	0.2152	0.3436	39.0000
304	248.3698	248	248.3698	0.0248	0.3344	32.0000
305	245.0170	234	245.0170	0.0014	0.0906	47.0000
306	246.3077	246	246.3077	0.0840	0.2831	31.0000
307	242.0596	239	242.0596	0.0649	0.1929	35.0000
308	246.8911	244	246.8911	0.0397	0.1025	36.0000
309	247.7243	247	247.7243	0.1284	0.2999	33.0000
310	247.4949	246	247.4949	0.0013	0.1816	38.0000
311	248.4950	242	248.4950	0.0810	0.2269	35.0000
312	247.4534	247	247.4534	0.1969	0.2220	35.0000
313	246.4332	240	246.4332	0.1539	0.2506	37.0000
314	245.2878	245	245.2878	0.0411	0.2746	31.0000
315	249.5567	249	249.5567	0.0765	0.1673	34.0000
316	241.8098	236	241.8098	0.2888	0.2999	35.0000
317	243.8506	239	243.8506	0.0063	0.2999	39.0000
318	247.9952	243	247.9952	0.0993	0.1013	35.0000
319	247.0784	241	247.0784	0.0821	0.2068	40.0000
320	250.3064	247	250.3064	0.1488	0.2023	37.0000
321	247.4951	240	247.4951	0.0918	0.1816	37.0000
322	244.2670	243	244.2670	0.0217	0.1025	37.0000
323	250.2650	245	250.2650	0.0311	0.2068	39.0000
324	250.2442	250	250.2442	0.1051	0.1289	36.0000
325	250.3692	244	250.3692	0.0312	0.0728	37.0000
326	244.9751	247	244.9751	0.1404	0.2068	30.0000
327	247.5780	244	247.5780	0.0202	0.1289	37.0000
328	248.1821	248	248.1821	0.0999	0.2464	34.0000
329	246.8077	248	246.8077	0.1017	0.1929	36.0000
330	246.7662	246	246.7662	0.2129	0.2370	32.0000
331	248.7026	247	248.7026	0.1320	0.1867	36.0000
332	247.5783	243	247.5783	0.0754	0.1719	39.0000
333	247.8698	247	247.8698	0.0422	0.1522	34.0000
334	243.5796	242	243.5796	0.1272	0.1771	34.0000
335	245.6207	242	245.6207	0.0789	0.0856	36.0000
336	248.9528	246	248.9528	0.0346	0.2736	36.0000
337	245.5376	241	245.5376	0.0672	0.2691	39.0000
338	249.1612	241	249.1612	0.2055	0.2417	42.0000
339	245.5999	247	245.5999	0.0979	0.2548	36.0000
340	246.2250	238	246.2250	0.0044	0.3133	41.0000
341	246.5577	245	246.5577	0.1754	0.2506	35.0000
342	250.0566	245	250.0566	0.0721	0.1557	38.0000
343	240.2269	238	240.2269	0.0874	0.1719	37.0000
344	246.3285	244	246.3285	0.2250	0.3712	35.0000
345	249.5779	243	249.5779	0.1273	0.1771	41.0000
346	249.1406	238	249.1406	0.0499	0.2960	43.0000
347	248.9737	250	248.9737	0.0563	0.1725	37.0000
348	249.5779	247	249.5779	0.1171	0.1974	34.0000
349	241.6638	238	241.6638	0.1102	0.3176	34.0000
350	248.5782	239	248.5782	0.1253	0.2604	40.0000
351	244.2675	244	244.2675	0.1154	0.1719	31.0000
352	243.5796	242	243.5796	0.0613	0.1013	36.0000
353	250.2651	249	250.2651	0.0881	0.2068	35.0000
354	247.0162	247	247.0162	0.0894	0.3133	34.0000
355	240.5807	244	240.5807	0.0583	0.1816	30.0000
356	239.9978	238	239.9978	0.0543	0.2068	31.0000
357	247.8285	245	247.8285	0.0662	0.2548	35.0000
358	249.2863	246	249.2863	0.0041	0.1289	34.0000
359	249.6401	250	249.6401	0.1341	0.2269	33.0000
360	248.1616	244	248.1616	0.1214	0.1289	37.0000
361	248.1200	247	248.1200	0.0271	0.0906	35.0000
362	249.9317	242	249.9317	0.0937	0.1568	40.0000
363	247.8075	245	247.8075	0.0482	0.2604	37.0000
364	247.1199	248	247.1199	0.2760	0.3395	38.0000
365	242.6843	239	242.6843	0.1364	0.1510	36.0000
366	244.2663	245	244.2663	0.3575	0.4286	34.0000
367	249.5781	246	249.5781	0.0246	0.1816	37.0000
368	248.9945	244	248.9945	0.1041	0.2226	38.0000
369	240.7265	237	240.7265	0.0327	0.2231	38.0000
370	241.1642	237	241.1642	0.0533	0.0906	38.0000
371	236.5199	231	236.5199	0.2466	0.2777	35.0000
372	235.6865	238	235.6865	0.0695	0.1289	31.0000
373	247.8073	246	247.8073	0.0070	0.1241	35.0000
374	247.2452	240	247.2452	0.0946	0.2741	39.0000
375	249.5359	252	249.5359	0.0526	0.1289	31.0000
376	245.9954	243	245.9954	0.0925	0.2023	34.0000
377	243.9966	240	243.9966	0.0859	0.2969	36.0000
378	244.4128	247	244.4128	0.2301	0.2736	33.0000
379	246.6829	243	246.6829	0.0057	0.0434	36.0000
380	245.8915	242	245.8915	0.2941	0.3422	36.0000
381	249.8690	247	249.8690	0.0510	0.2311	37.0000
382	248.2661	244	248.2661	0.1769	0.1816	37.0000
383	244.8295	242	244.8295	0.2276	0.2881	34.0000
384	240.8097	234	240.8097	0.0774	0.1409	36.0000
385	247.2661	246	247.2661	0.1323	0.2548	34.0000
386	248.0576	244	248.0576	0.1485	0.1929	35.0000
387	240.9973	235	240.9973	0.0940	0.2506	36.0000
388	247.3906	244	247.3906	0.1244	0.1557	37.0000
389	246.2870	246	246.2870	0.0733	0.2459	31.0000
390	248.8488	247	248.8488	0.0063	0.3820	34.0000
391	249.2448	245	249.2448	0.0533	0.2177	40.0000
392	240.9974	239	240.9974	0.0774	0.2068	34.0000
393	241.1011	242	241.1011	0.0060	0.3513	32.0000
394	244.2257	239	244.2257	0.1655	0.2311	36.0000
395	247.6823	242	247.6823	0.0223	0.2226	40.0000
396	237.8528	235	237.8528	0.0781	0.1510	36.0000
397	245.0377	238	245.0377	0.0146	0.0728	39.0000
398	249.4941	242	249.4941	0.0802	0.0963	38.0000
399	245.7252	238	245.7252	0.0491	0.2311	39.0000
400	240.3515	239	240.3515	0.0882	0.2023	37.0000
401	247.3910	236	247.3910	0.0532	0.1069	44.0000
402	247.4949	243	247.4949	0.1242	0.1457	37.0000
403	247.0577	244	247.0577	0.0867	0.2960	36.0000
404	248.8073	245	248.8073	0.1150	0.4125	38.0000
405	239.8103	234	239.8103	0.1072	0.1816	37.0000
406	247.8910	242	247.8910	0.0689	0.1013	37.0000
407	248.8284	237	248.8284	0.1136	0.1771	43.0000
408	249.9945	247	249.9945	0.1637	0.2691	41.0000
409	243.6633	242	243.6633	0.0957	0.2079	33.0000
410	245.9538	247	245.9538	0.1047	0.1627	33.0000
411	248.0153	247	248.0153	0.0055	0.2269	35.0000
412	238.4567	236	238.4567	0.0439	0.0728	32.0000
413	243.2882	242	243.2882	0.1639	0.1719	36.0000
414	249.4525	251	249.4525	0.0967	0.1289	37.0000
415	250.1606	248	250.1606	0.0350	0.2068	32.0000
416	243.8506	240	243.8506	0.2188	0.3214	34.0000
417	246.6621	246	246.6621	0.0999	0.2470	34.0000
418	243.4963	244	243.4963	0.3188	0.3905	34.0000
419	245.8911	243	245.8911	0.0576	0.0618	35.0000
420	244.9332	242	244.9332	0.0030	0.3270	37.0000
421	245.8085	239	245.8085	0.1376	0.2915	38.0000
422	245.3082	243	245.3082	0.0535	0.0906	35.0000
423	242.6004	246	242.6004	0.0697	0.2506	31.0000
424	247.8278	251	247.8278	0.1069	0.1289	29.0000
425	244.5587	243	244.5587	0.0543	0.0906	36.0000
426	243.2052	238	243.2052	0.0278	0.1557	37.0000
427	249.7237	247	249.7237	0.0474	0.2506	39.0000
428	243.0379	241	243.0379	0.0621	0.1457	36.0000
429	244.2253	238	244.2253	0.1054	0.1557	35.0000
430	247.1410	242	247.1410	0.1968	0.2691	39.0000
431	249.7237	246	249.7237	0.0457	0.0494	37.0000
432	249.4737	251	249.4737	0.0651	0.3386	32.0000
433	246.4746	242	246.4746	0.0826	0.1289	36.0000
434	247.9535	244	247.9535	0.3051	0.3747	36.0000
435	247.4535	244	247.4535	0.0688	0.0919	39.0000
436	248.9737	245	248.9737	0.0072	0.1013	40.0000
437	245.5168	239	245.5168	0.1233	0.1974	40.0000
438	244.7248	244	244.7248	0.1124	0.1974	31.0000
439	249.1405	245	249.1405	0.0105	0.0145	35.0000
440	248.6825	246	248.6825	0.0507	0.0786	38.0000
441	247.0577	241	247.0577	0.0042	0.1974	36.0000
442	236.5828	231	236.5828	0.0279	0.1289	38.0000
443	244.3088	241	244.3088	0.0052	0.2548	32.0000
444	239.6227	240	239.6227	0.0487	0.2459	32.0000
445	236.2697	234	236.2697	0.1637	0.2311	34.0000
446	242.2053	235	242.2053	0.0482	0.1289	39.0000
447	242.8507	237	242.8507	0.0367	0.2068	36.0000
448	245.7874	240	245.7874	0.1517	0.2553	38.0000
449	246.7454	248	246.7454	0.1595	0.2787	33.0000
450	241.9136	238	241.9136	0.0129	0.1013	37.0000
451	245.5166	242	245.5166	0.0850	0.1013	36.0000
452	244.8715	239	244.8715	0.3495	0.3513	38.0000
453	250.4314	248	250.4314	0.2414	0.3786	36.0000
454	242.2884	236	242.2884	0.0043	0.1457	39.0000
455	245.5380	239	245.5380	0.1685	0.2969	41.0000
456	246.5371	245	246.5371	0.1167	0.1557	36.0000
457	244.8711	240	244.8711	0.0869	0.1289	34.0000
458	245.8290	242	245.8290	0.0244	0.0434	38.0000
459	243.6007	242	243.6007	0.0263	0.3344	32.0000
460	248.8487	246	248.8487	0.0090	0.0618	37.0000
461	247.2037	244	247.2037	0.1142	0.1782	36.0000
462	249.5777	245	249.5777	0.0079	0.2548	38.0000
463	248.7862	244	248.7862	0.0087	0.1013	35.0000
464	234.9578	236	234.9578	0.1187	0.1510	32.0000
465	240.2896	235	240.2896	0.0856	0.1289	35.0000
466	250.3275	247	250.3275	0.1679	0.3747	36.0000
467	248.5570	248	248.5570	0.1270	0.1557	32.0000
468	244.9545	239	244.9545	0.0433	0.1557	39.0000
469	249.5772	247	249.5772	0.0389	0.1289	37.0000
470	248.2447	246	248.2447	0.0874	0.2777	34.0000
471	247.8072	246	247.8072	0.2393	0.3138	38.0000
472	240.6849	237	240.6849	0.1740	0.1979	38.0000
473	242.2677	235	242.2677	0.0590	0.2417	39.0000
474	244.5377	243	244.5377	0.0476	0.1289	34.0000
475	248.0780	246	248.0780	0.1001	0.1013	37.0000
476	243.6838	242	243.6838	0.2054	0.3095	35.0000
477	248.2033	245	248.2033	0.0233	0.1289	35.0000
478	248.9114	248	248.9114	0.0012	0.0434	38.0000
479	247.4952	243	247.4952	0.0042	0.2604	40.0000
480	250.3486	242	250.3486	0.1254	0.2068	39.0000
481	244.8921	242	244.8921	0.0343	0.1609	33.0000
482	248.9527	249	248.9527	0.1080	0.1557	33.0000
483	249.8899	247	249.8899	0.1372	0.2311	37.0000
484	244.5795	243	244.5795	0.0122	0.1557	32.0000
485	248.7653	247	248.7653	0.0319	0.0434	33.0000
486	242.1841	247	242.1841	0.0140	0.2736	30.0000
487	246.9532	247	246.9532	0.1664	0.2506	34.0000
488	243.4340	241	243.4340	0.1792	0.2876	33.0000
489	248.9318	246	248.9318	0.0253	0.2777	36.0000
490	246.5993	247	246.5993	0.0415	0.0728	33.0000
491	244.2464	246	244.2464	0.2658	0.3214	29.0000
492	245.4750	242	245.4750	0.2100	0.2311	36.0000
493	247.9534	240	247.9534	0.0228	0.1013	38.0000
494	248.2653	248	248.2653	0.0595	0.1069	39.0000
495	243.0175	241	243.0175	0.0000	0.0618	34.0000
496	248.4323	242	248.4323	0.0620	0.1013	41.0000
497	250.0564	249	250.0564	0.0941	0.1409	35.0000
498	248.5990	242	248.5990	0.0477	0.1289	37.0000
499	248.8281	245	248.8281	0.0708	0.1289	36.0000
500	244.3088	236	244.3088	0.0035	0.1289	38.0000
501	246.9538	242	246.9538	0.0170	0.1025	39.0000
502	245.4125	246	245.4125	0.0578	0.1771	30.0000
503	247.2037	245	247.2037	0.0507	0.1013	37.0000
504	249.9734	251	249.9734	0.1741	0.2311	32.0000
505	250.0567	246	250.0567	0.0362	0.2220	35.0000
506	246.8082	246	246.8082	0.0888	0.1557	32.0000
507	250.3897	247	250.3897	0.0666	0.1719	36.0000
508	241.4767	238	241.4767	0.0704	0.2220	30.0000
509	249.0569	247	249.0569	0.0913	0.2506	36.0000
510	249.6403	242	249.6403	0.0592	0.2068	38.0000
511	244.4128	241	244.4128	0.0296	0.1289	38.0000
512	248.9322	241	248.9322	0.0318	0.2068	38.0000
513	248.0991	238	248.0991	0.2550	0.2691	41.0000
514	248.9527	245	248.9527	0.1795	0.2428	38.0000
515	245.3085	239	245.3085	0.0379	0.2128	38.0000
516	244.9752	244	244.9752	0.0015	0.2311	33.0000
517	246.7247	241	246.7247	0.0339	0.2220	37.0000
518	247.1406	240	247.1406	0.0217	0.2915	42.0000
519	246.2246	248	246.2246	0.0564	0.2068	33.0000
520	249.4316	243	249.4316	0.0872	0.1510	41.0000
521	243.2464	238	243.2464	0.0928	0.1355	36.0000
522	240.7056	237	240.7056	0.0633	0.1409	36.0000
523	249.0360	248	249.0360	0.1076	0.2068	32.0000
524	248.5780	247	248.5780	0.0703	0.1025	35.0000
525	249.8901	248	249.8901	0.2351	0.2548	38.0000
526	250.1815	248	250.1815	0.1399	0.1816	34.0000
527	250.0359	243	250.0359	0.1006	0.2548	38.0000
528	245.9331	249	245.9331	0.0165	0.1289	34.0000
529	246.0373	241	246.0373	0.0419	0.1013	39.0000
530	243.7254	238	243.7254	0.0470	0.2594	39.0000
531	250.3897	242	250.3897	0.1031	0.2960	42.0000
532	248.7237	247	248.7237	0.0574	0.1557	32.0000
533	248.6402	246	248.6402	0.0514	0.2506	34.0000
534	246.0371	242	246.0371	0.1008	0.1557	38.0000
535	247.9537	242	247.9537	0.1101	0.1771	37.0000
536	246.3081	242	246.3081	0.0613	0.1568	37.0000
537	246.3707	240	246.3707	0.1267	0.1289	39.0000
538	246.2246	246	246.2246	0.0987	0.1510	35.0000
539	246.5161	243	246.5161	0.0242	0.0728	37.0000
540	246.9953	244	246.9953	0.0149	0.0321	38.0000
541	247.0367	246	247.0367	0.0940	0.1510	32.0000
542	247.9324	247	247.9324	0.0261	0.3344	33.0000
543	237.9356	239	237.9356	0.0240	0.1013	34.0000
544	240.9140	244	240.9140	0.0730	0.1771	33.0000
545	241.9134	241	241.9134	0.1767	0.1816	33.0000
546	247.2450	246	247.2450	0.1522	0.1816	33.0000
547	248.4112	249	248.4112	0.2085	0.2696	36.0000
548	244.8506	243	244.8506	0.0074	0.1025	34.0000
549	237.1448	235	237.1448	0.0072	0.3176	31.0000
550	243.5173	242	243.5173	0.2290	0.3214	32.0000
551	245.8290	239	245.8290	0.0098	0.1816	40.0000
552	242.2679	242	242.2679	0.1017	0.1468	37.0000
553	244.6629	245	244.6629	0.1279	0.1929	33.0000
554	246.8287	243	246.8287	0.2416	0.3214	34.0000
555	248.7028	243	248.7028	0.1122	0.3820	37.0000
556	239.8104	237	239.8104	0.0286	0.1771	32.0000
557	250.3691	251	250.3691	0.1963	0.2548	35.0000
558	242.8092	239	242.8092	0.1040	0.1186	32.0000
559	238.6857	235	238.6857	0.0608	0.0728	35.0000
560	248.6403	249	248.6403	0.0453	0.1289	37.0000
561	247.6200	245	247.6200	0.0345	0.0728	37.0000
562	249.3692	246	249.3692	0.0909	0.1510	35.0000
563	244.1632	245	244.1632	0.0274	0.1289	31.0000
564	246.9743	245	246.9743	0.0106	0.1241	35.0000
565	249.1404	247	249.1404	0.0088	0.1186	34.0000
566	247.1409	243	247.1409	0.0444	0.0963	35.0000
567	247.5782	246	247.5782	0.0707	0.3344	35.0000
568	244.2045	238	244.2045	0.0391	0.1557	37.0000
569	242.5807	243	242.5807	0.0995	0.2370	32.0000
570	246.3286	248	246.3286	0.1244	0.2930	32.0000
571	247.6199	245	247.6199	0.1218	0.2787	38.0000
572	243.2464	243	243.2464	0.1072	0.1557	32.0000
573	246.2451	245	246.2451	0.2371	0.2792	36.0000
574	244.1630	241	244.1630	0.0192	0.0728	35.0000
575	246.7040	245	246.7040	0.0598	0.1013	36.0000
576	246.1415	244	246.1415	0.0429	0.1557	31.0000
577	245.5377	245	245.5377	0.0482	0.2506	33.0000
578	246.2039	242	246.2039	0.0024	0.1289	35.0000
579	240.0807	243	240.0807	0.0515	0.2999	30.0000
580	247.6825	247	247.6825	0.1489	0.2311	34.0000
581	249.3276	246	249.3276	0.0702	0.1510	36.0000
582	249.6820	248	249.6820	0.1306	0.3386	35.0000
583	248.0577	239	248.0577	0.1344	0.2311	36.0000
584	247.3491	246	247.3491	0.1198	0.2691	36.0000
585	246.2873	244	246.2873	0.1092	0.1557	35.0000
586	249.9319	248	249.9319	0.1160	0.1719	36.0000
587	235.8739	236	235.8739	0.1712	0.2311	30.0000
588	241.3722	243	241.3722	0.0545	0.1186	34.0000
589	249.3067	248	249.3067	0.0870	0.1557	37.0000
590	246.8289	242	246.8289	0.1008	0.3214	36.0000
591	246.8080	241	246.8080	0.1011	0.3747	35.0000
592	242.5173	242	242.5173	0.0617	0.1289	31.0000
593	245.8082	241	245.8082	0.0859	0.1241	35.0000
594	242.6639	233	242.6639	0.1766	0.2876	40.0000
595	245.0791	242	245.0791	0.0187	0.0963	37.0000
596	242.9759	240	242.9759	0.1746	0.1878	32.0000
597	243.0593	239	243.0593	0.0034	0.1013	36.0000
598	250.0984	249	250.0984	0.0175	0.0728	34.0000
599	248.9525	251	248.9525	0.1652	0.2999	32.0000
600	248.9532	244	248.9532	0.1672	0.3386	39.0000
601	242.0388	239	242.0388	0.1848	0.2128	35.0000
602	245.4750	243	245.4750	0.1913	0.3133	33.0000
603	247.0368	246	247.0368	0.0734	0.1289	34.0000
604	247.0996	240	247.0996	0.0106	0.2322	37.0000
605	250.2652	247	250.2652	0.0778	0.1828	36.0000
606	240.6432	241	240.6432	0.1474	0.2068	33.0000
607	241.1848	241	241.1848	0.1748	0.2068	32.0000
608	237.7694	232	237.7694	0.0620	0.0728	36.0000
609	246.3705	248	246.3705	0.1698	0.2650	32.0000
610	250.0148	248	250.0148	0.1546	0.1719	36.0000
611	248.6197	246	248.6197	0.0223	0.0728	36.0000
612	244.8086	242	244.8086	0.0357	0.2506	32.0000
613	248.2653	248	248.2653	0.1238	0.2459	33.0000
614	244.5380	245	244.5380	0.0997	0.1137	34.0000
615	241.2470	240	241.2470	0.1784	0.1974	33.0000
616	249.7232	245	249.7232	0.1204	0.1557	37.0000
617	248.8696	246	248.8696	0.1481	0.2876	36.0000
618	249.3281	247	249.3281	0.0500	0.1816	33.0000
619	245.2041	242	245.2041	0.0537	0.1510	35.0000
620	241.8514	237	241.8514	0.0176	0.2117	36.0000
621	244.1841	233	244.1841	0.1227	0.1557	42.0000
622	247.0577	243	247.0577	0.0950	0.1557	36.0000
623	235.7076	233	235.7076	0.0767	0.1816	32.0000
624	247.6619	244	247.6619	0.0569	0.3214	33.0000
625	245.1214	239	245.1214	0.1605	0.2311	40.0000
626	246.0163	245	246.0163	0.0078	0.0434	34.0000
627	241.2887	239	241.2887	0.2526	0.2548	36.0000
628	247.2660	249	247.2660	0.0056	0.2920	28.0000
629	247.4527	250	247.4527	0.2942	0.3712	34.0000
630	238.8104	245	238.8104	0.0336	0.1013	29.0000
631	243.9334	244	243.9334	0.0445	0.1719	31.0000
632	240.1019	236	240.1019	0.1017	0.1816	34.0000
633	248.8278	242	248.8278	0.0007	0.1510	40.0000
634	249.2862	249	249.2862	0.0875	0.2311	35.0000
635	248.2034	241	248.2034	0.1952	0.2068	39.0000
636	247.0164	239	247.0164	0.0305	0.1289	39.0000
637	248.9320	248	248.9320	0.0719	0.1557	33.0000
638	250.2444	247	250.2444	0.0151	0.0728	39.0000
639	240.0184	238	240.0184	0.2164	0.4194	33.0000
640	250.2436	249	250.2436	0.0417	0.3133	36.0000
641	247.9741	246	247.9741	0.0291	0.1816	32.0000
642	249.5155	245	249.5155	0.1465	0.2459	34.0000
643	242.4550	239	242.4550	0.0480	0.1241	35.0000
644	249.8904	243	249.8904	0.0398	0.1557	41.0000
645	247.7868	244	247.7868	0.0404	0.0434	35.0000
646	243.6422	240	243.6422	0.1676	0.2220	37.0000
647	250.1821	242	250.1821	0.0806	0.0963	44.0000
648	249.6612	245	249.6612	0.1627	0.2311	35.0000
649	247.1824	247	247.1824	0.0827	0.2506	35.0000
650	246.4743	246	246.4743	0.0837	0.1510	36.0000
651	249.0364	242	249.0364	0.0301	0.1816	35.0000
652	247.4531	244	247.4531	0.1159	0.2548	39.0000
653	250.2438	249	250.2438	0.0584	0.2506	35.0000
654	244.4339	234	244.4339	0.0453	0.1013	41.0000
655	250.2647	252	250.2647	0.0056	0.0447	33.0000
656	249.3698	242	249.3698	0.2446	0.3176	35.0000
657	250.0148	252	250.0148	0.1133	0.2068	35.0000
658	248.6197	245	248.6197	0.0885	0.2311	35.0000
659	245.3297	239	245.3297	0.0445	0.1289	40.0000
660	245.6418	244	245.6418	0.0295	0.1013	36.0000
661	248.4536	240	248.4536	0.0308	0.1013	39.0000
662	239.0605	237	239.0605	0.1218	0.1974	36.0000
663	247.5366	247	247.5366	0.0327	0.2311	32.0000
664	243.6008	239	243.6008	0.0490	0.3472	36.0000
665	250.1812	251	250.1812	0.0609	0.1719	30.0000
666	239.3109	232	239.3109	0.1465	0.2691	34.0000
667	244.6622	244	244.6622	0.1310	0.1510	36.0000
668	240.8105	233	240.8105	0.0512	0.1457	38.0000
669	243.9964	237	243.9964	0.0255	0.0434	38.0000
670	245.8294	240	245.8294	0.0495	0.2311	35.0000
671	249.7234	244	249.7234	0.1685	0.2133	38.0000
672	242.3512	239	242.3512	0.0602	0.1289	38.0000
673	245.8710	235	245.8710	0.1146	0.1241	43.0000
674	244.7461	240	244.7461	0.0723	0.0728	34.0000
675	247.0992	245	247.0992	0.2358	0.2650	36.0000
676	246.1207	244	246.1207	0.1338	0.1457	34.0000
677	240.8936	237	240.8936	0.1299	0.1828	35.0000
678	244.9123	245	244.9123	0.0608	0.1816	32.0000
679	241.9970	241	241.9970	0.0773	0.0906	33.0000
680	245.0583	244	245.0583	0.2000	0.2999	33.0000
681	248.2656	244	248.2656	0.1596	0.2311	37.0000
682	246.0163	247	246.0163	0.0046	0.1557	31.0000
683	250.4313	249	250.4313	0.1433	0.2128	34.0000
684	249.6402	244	249.6402	0.1153	0.1929	39.0000
685	242.5595	240	242.5595	0.0691	0.1013	37.0000
686	243.5590	242	243.5590	0.0363	0.0963	36.0000
687	241.9765	238	241.9765	0.0195	0.2068	36.0000
688	249.3484	248	249.3484	0.0575	0.1557	36.0000
689	247.7034	242	247.7034	0.0909	0.1974	37.0000
690	247.3493	248	247.3493	0.0413	0.1289	33.0000
691	241.8514	233	241.8514	0.1589	0.1878	41.0000
692	244.2458	247	244.2458	0.1126	0.2269	29.0000
693	246.9744	247	246.9744	0.0021	0.1771	35.0000
694	244.5169	243	244.5169	0.0374	0.2370	34.0000
695	243.0594	239	243.0594	0.1249	0.2311	33.0000
696	247.6821	248	247.6821	0.2353	0.3386	35.0000
697	250.2643	252	250.2643	0.0420	0.3553	36.0000
698	247.4953	239	247.4953	0.2516	0.2558	44.0000
699	247.8696	244	247.8696	0.2027	0.2269	37.0000
700	245.0999	243	245.0999	0.0527	0.1289	37.0000
701	244.2258	240	244.2258	0.1401	0.1816	41.0000
702	248.8906	245	248.8906	0.0820	0.1013	36.0000
703	247.2656	243	247.2656	0.1128	0.1457	38.0000
704	248.4949	245	248.4949	0.1512	0.3344	39.0000
705	242.3720	242	242.3720	0.0258	0.0786	30.0000
706	249.8271	248	249.8271	0.2704	0.2836	35.0000
707	245.7248	244	245.7248	0.0104	0.1013	37.0000
708	246.4122	247	246.4122	0.1965	0.2548	33.0000
709	246.3495	245	246.3495	0.0272	0.3321	33.0000
710	249.6403	247	249.6403	0.0194	0.1289	33.0000
711	244.2463	244	244.2463	0.1618	0.1828	36.0000
712	246.1208	240	246.1208	0.0919	0.1457	36.0000
713	238.6653	234	238.6653	0.0672	0.1719	37.0000
714	243.7465	238	243.7465	0.1677	0.3513	34.0000
715	246.6618	246	246.6618	0.0218	0.2960	34.0000
716	245.3293	243	245.3293	0.0569	0.1557	33.0000
717	247.8072	246	247.8072	0.2149	0.3436	33.0000
718	242.8929	239	242.8929	0.0665	0.1186	36.0000
719	248.7029	247	248.7029	0.0666	0.2370	33.0000
720	246.7454	244	246.7454	0.0592	0.1289	36.0000
721	246.9121	246	246.9121	0.1251	0.1289	31.0000
722	247.6199	246	247.6199	0.0462	0.2068	35.0000
723	243.7047	236	243.7047	0.0155	0.0434	39.0000
724	245.9331	245	245.9331	0.0110	0.0728	31.0000
725	242.2679	237	242.2679	0.0310	0.2311	36.0000
726	245.0171	243	245.0171	0.0593	0.1557	33.0000
727	247.5994	246	247.5994	0.0367	0.0434	33.0000
728	247.3910	248	247.3910	0.1616	0.2311	34.0000
729	244.4962	239	244.4962	0.0235	0.1409	39.0000
730	249.1822	252	249.1822	0.0656	0.1409	35.0000
731	248.0575	243	248.0575	0.2166	0.3344	37.0000
732	245.7249	240	245.7249	0.1213	0.1719	40.0000
733	246.9743	247	246.9743	0.1021	0.1557	34.0000
734	249.7649	254	249.7649	0.0207	0.0434	32.0000
735	246.3918	241	246.3918	0.1046	0.1289	38.0000
736	247.0579	243	247.0579	0.0363	0.2920	36.0000
737	245.8083	242	245.8083	0.1138	0.2311	34.0000
738	249.4325	243	249.4325	0.0342	0.2459	38.0000
739	246.2455	248	246.2455	0.0816	0.1609	29.0000
740	245.6208	243	245.6208	0.0774	0.1013	37.0000
741	248.0780	244	248.0780	0.1594	0.2831	35.0000
742	245.0586	243	245.0586	0.0484	0.2960	34.0000
743	248.6195	249	248.6195	0.0067	0.0728	33.0000
744	243.0593	244	243.0593	0.0259	0.3712	33.0000
745	247.5367	247	247.5367	0.0351	0.3133	32.0000
746	249.9108	250	249.9108	0.1678	0.2327	33.0000
747	248.9944	249	248.9944	0.0088	0.1289	32.0000
748	249.6191	251	249.6191	0.1707	0.1974	33.0000
749	245.0166	244	245.0166	0.0025	0.0434	35.0000
750	249.7025	251	249.7025	0.0471	0.2311	32.0000
751	244.9545	243	244.9545	0.0637	0.1457	33.0000
752	247.6616	247	247.6616	0.0349	0.2548	34.0000
753	244.9750	244	244.9750	0.0877	0.3751	33.0000
754	238.7696	235	238.7696	0.1768	0.1974	41.0000
755	248.9316	251	248.9316	0.2454	0.3440	31.0000
756	248.1402	252	248.1402	0.1069	0.1289	33.0000
757	248.7445	245	248.7445	0.0115	0.0728	41.0000
758	249.5986	247	249.5986	0.0154	0.1013	40.0000
759	247.9949	246	247.9949	0.0390	0.2548	36.0000
760	247.8700	243	247.8700	0.0814	0.1289	38.0000
761	249.3900	249	249.3900	0.1425	0.1457	33.0000
762	250.0980	250	250.0980	0.0914	0.2311	34.0000
763	250.0360	246	250.0360	0.0029	0.0321	39.0000
764	248.9523	251	248.9523	0.1244	0.2660	32.0000
765	247.8073	245	247.8073	0.1815	0.2691	36.0000
766	243.5586	242	243.5586	0.0452	0.1289	35.0000
767	249.5565	250	249.5565	0.0949	0.3513	32.0000
768	249.0570	245	249.0570	0.0365	0.2960	38.0000
769	245.0170	237	245.0170	0.2596	0.2691	39.0000
770	248.3905	248	248.3905	0.0733	0.2035	35.0000
771	242.8090	243	242.8090	0.0699	0.1289	28.0000
772	243.4128	246	243.4128	0.0253	0.0434	32.0000
773	240.5598	237	240.5598	0.0204	0.2999	34.0000
774	247.4327	245	247.4327	0.0429	0.2691	33.0000
775	246.9325	248	246.9325	0.1275	0.2516	36.0000
776	248.6820	247	248.6820	0.1569	0.2960	34.0000
777	241.3518	239	241.3518	0.0534	0.1974	35.0000
778	250.0983	245	250.0983	0.0291	0.1510	36.0000
779	246.3073	244	246.3073	0.0436	0.1867	39.0000
780	245.5582	241	245.5582	0.0729	0.2068	36.0000
781	248.0995	245	248.0995	0.1912	0.2999	34.0000
782	247.4325	247	247.4325	0.1946	0.2311	33.0000
783	245.4752	244	245.4752	0.0036	0.1409	34.0000
784	247.5581	244	247.5581	0.0786	0.1457	34.0000
785	243.2465	238	243.2465	0.0389	0.1557	36.0000
786	242.6424	237	242.6424	0.0339	0.0434	41.0000
787	249.7651	248	249.7651	0.1045	0.2068	34.0000
788	249.8896	251	249.8896	0.0819	0.2068	32.0000
789	246.8706	247	246.8706	0.1732	0.2736	31.0000
790	248.8904	248	248.8904	0.0851	0.0963	38.0000
791	245.4126	238	245.4126	0.0492	0.2220	40.0000
792	247.9531	246	247.9531	0.0857	0.1289	34.0000
793	245.8701	243	245.8701	0.0166	0.1013	36.0000
794	246.8287	247	246.8287	0.2676	0.3095	33.0000
795	248.7444	246	248.7444	0.0210	0.1289	38.0000
796	248.6196	244	248.6196	0.1020	0.1673	37.0000
797	247.8285	242	247.8285	0.0225	0.1974	34.0000
798	247.7867	245	247.7867	0.1300	0.2459	31.0000
799	248.3074	251	248.3074	0.1383	0.1510	31.0000
800	247.8701	243	247.8701	0.1712	0.1816	37.0000
801	248.8484	245	248.8484	0.2766	0.2999	38.0000
802	246.8079	246	246.8079	0.0455	0.4194	32.0000
803	247.0787	244	247.0787	0.0341	0.0741	37.0000
804	244.3504	240	244.3504	0.0928	0.0963	35.0000
805	245.5791	249	245.5791	0.1901	0.3095	34.0000
806	247.4534	245	247.4534	0.1110	0.2548	38.0000
807	249.1403	249	249.1403	0.2554	0.2777	30.0000
808	247.7451	240	247.7451	0.0403	0.1457	41.0000
809	243.2462	241	243.2462	0.0416	0.2220	37.0000
810	248.9110	252	248.9110	0.2275	0.4246	32.0000
811	242.4758	238	242.4758	0.0533	0.1013	38.0000
812	238.2071	235	238.2071	0.0414	0.1289	35.0000
813	249.1400	252	249.1400	0.0346	0.3095	31.0000
814	245.4120	243	245.4120	0.1316	0.1343	38.0000
815	250.1190	248	250.1190	0.0248	0.0494	36.0000
816	246.7250	239	246.7250	0.2038	0.2068	38.0000
817	241.0387	239	241.0387	0.0024	0.0913	36.0000
818	247.8284	249	247.8284	0.0172	0.2311	34.0000
819	248.8281	247	248.8281	0.0080	0.1025	36.0000
820	248.5989	245	248.5989	0.0646	0.0728	37.0000
821	247.6407	246	247.6407	0.1571	0.4194	33.0000
822	246.2039	240	246.2039	0.0626	0.3386	36.0000
823	248.2241	246	248.2241	0.1425	0.2548	35.0000
824	249.9320	244	249.9320	0.0626	0.2269	39.0000
825	248.0781	244	248.0781	0.0757	0.1816	37.0000
826	250.2861	245	250.2861	0.1806	0.2311	36.0000
827	245.7034	244	245.7034	0.1318	0.2459	36.0000
828	249.4733	247	249.4733	0.0644	0.2068	35.0000
829	245.7249	243	245.7249	0.3594	0.3833	36.0000
830	248.4738	249	248.4738	0.0638	0.1355	35.0000
831	248.8282	240	248.8282	0.0331	0.1289	42.0000
832	245.2876	238	245.2876	0.0279	0.0434	37.0000
833	248.1408	244	248.1408	0.0892	0.2068	36.0000
834	243.6837	239	243.6837	0.0185	0.0434	39.0000
835	246.9744	247	246.9744	0.0517	0.2999	31.0000
836	247.5992	249	247.5992	0.2057	0.4093	31.0000
837	246.0584	249	246.0584	0.1146	0.1816	31.0000
838	242.9759	241	242.9759	0.0336	0.2417	33.0000
839	240.1435	237	240.1435	0.0004	0.1816	32.0000
840	249.0779	247	249.0779	0.0330	0.3176	37.0000
841	244.8295	244	244.8295	0.1719	0.3939	31.0000
842	249.3279	244	249.3279	0.1001	0.2548	36.0000
843	244.5793	242	244.5793	0.0090	0.1771	35.0000
844	241.7887	237	241.7887	0.1514	0.3589	36.0000
845	237.0405	235	237.0405	0.0928	0.1013	33.0000
846	248.6823	250	248.6823	0.0389	0.1013	32.0000
847	244.9957	244	244.9957	0.1990	0.2548	33.0000
848	250.3484	253	250.3484	0.0710	0.0728	31.0000
849	248.1820	247	248.1820	0.0290	0.1557	33.0000
850	249.3276	244	249.3276	0.0798	0.1557	38.0000
851	247.9950	247	247.9950	0.0101	0.0434	33.0000
852	245.7669	241	245.7669	0.0572	0.0689	39.0000
853	244.7882	237	244.7882	0.1868	0.2035	37.0000
854	246.5164	239	246.5164	0.2289	0.2999	37.0000
855	244.3920	240	244.3920	0.2773	0.2999	34.0000
856	244.6837	244	244.6837	0.3568	0.3939	30.0000
857	238.1443	236	238.1443	0.1170	0.1289	37.0000
858	249.9317	246	249.9317	0.0978	0.1557	39.0000
859	245.0169	244	245.0169	0.0992	0.1013	34.0000
860	249.7442	248	249.7442	0.0163	0.1013	39.0000
861	246.8915	244	246.8915	0.0473	0.2548	31.0000
862	244.1006	241	244.1006	0.1395	0.1828	34.0000
863	245.1210	241	245.1210	0.1495	0.2311	39.0000
864	245.6832	243	245.6832	0.0610	0.1013	38.0000
865	240.2477	234	240.2477	0.1205	0.1355	38.0000
866	247.8905	242	247.8905	0.0228	0.0434	38.0000
867	249.8065	251	249.8065	0.0923	0.2464	33.0000
868	248.2660	246	248.2660	0.0146	0.1013	38.0000
869	247.4120	244	247.4120	0.0030	0.0321	37.0000
870	247.8079	241	247.8079	0.0478	0.1289	39.0000
871	248.1202	242	248.1202	0.0083	0.1457	35.0000
872	248.0778	247	248.0778	0.0193	0.0728	36.0000
873	247.0784	246	247.0784	0.1067	0.1457	32.0000
874	246.5370	240	246.5370	0.0254	0.3013	40.0000
875	249.7654	241	249.7654	0.0676	0.1013	41.0000
876	248.7026	252	248.7026	0.2429	0.2548	29.0000
877	245.5997	244	245.5997	0.0399	0.0728	33.0000
878	246.9326	244	246.9326	0.0682	0.1289	34.0000
879	249.4732	245	249.4732	0.2168	0.4068	38.0000
880	245.7666	242	245.7666	0.0859	0.2831	34.0000
881	243.9964	245	243.9964	0.1701	0.3786	33.0000
882	241.6637	238	241.6637	0.0452	0.2311	38.0000
883	248.3281	247	248.3281	0.2224	0.2548	37.0000
884	245.2665	242	245.2665	0.1314	0.1719	39.0000
885	239.6646	226	239.6646	0.0242	0.1253	45.0000
886	244.8713	242	244.8713	0.0621	0.2311	35.0000
887	239.0609	237	239.0609	0.1468	0.1816	35.0000
888	244.1628	247	244.1628	0.1750	0.4010	29.0000
889	248.4116	243	248.4116	0.1030	0.1289	41.0000
890	250.3689	245	250.3689	0.1357	0.3052	36.0000
891	246.4957	240	246.4957	0.0949	0.3477	36.0000
892	245.5372	240	245.5372	0.1706	0.1816	37.0000
893	242.2469	239	242.2469	0.0408	0.1013	36.0000
894	247.3698	245	247.3698	0.1546	0.1673	33.0000
895	248.8903	249	248.8903	0.0820	0.0856	31.0000
896	248.9737	250	248.9737	0.0394	0.0728	34.0000
897	241.3933	240	241.3933	0.0030	0.3820	34.0000
898	249.9113	239	249.9113	0.0150	0.1816	42.0000
899	244.2465	246	244.2465	0.0503	0.1816	33.0000
900	249.9943	247	249.9943	0.3039	0.3307	37.0000
901	239.7686	235	239.7686	0.1538	0.2548	37.0000
902	246.4331	244	246.4331	0.0877	0.1289	33.0000
903	250.0149	251	250.0149	0.1365	0.2023	34.0000
904	247.0159	244	247.0159	0.0543	0.2068	33.0000
905	248.8490	243	248.8490	0.1057	0.1462	38.0000
906	248.3906	244	248.3906	0.0890	0.1719	40.0000
907	248.1822	249	248.1822	0.1758	0.2068	32.0000
908	240.6021	235	240.6021	0.0830	0.1186	40.0000
909	249.9522	249	249.9522	0.0733	0.1409	34.0000
910	246.7453	244	246.7453	0.1809	0.2777	37.0000
911	246.8703	245	246.8703	0.1698	0.1771	36.0000
912	244.6212	243	244.6212	0.1340	0.2269	35.0000
913	250.3271	248	250.3271	0.0282	0.0434	35.0000
914	248.0573	244	248.0573	0.0466	0.2068	36.0000
915	241.2057	240	241.2057	0.0726	0.1557	35.0000
916	245.9746	241	245.9746	0.0633	0.2068	37.0000
917	247.4116	249	247.4116	0.1294	0.2548	38.0000
918	244.7254	239	244.7254	0.1764	0.2506	39.0000
919	247.0578	244	247.0578	0.0877	0.1816	39.0000
920	242.4552	237	242.4552	0.0065	0.1289	36.0000
921	244.6417	249	244.6417	0.0580	0.1025	33.0000
922	247.3494	244	247.3494	0.0804	0.1013	36.0000
923	244.8295	241	244.8295	0.0260	0.1013	35.0000
924	248.1203	248	248.1203	0.0982	0.3143	35.0000
925	249.2651	246	249.2651	0.0343	0.0728	38.0000
926	243.7259	240	243.7259	0.1035	0.2548	36.0000
927	248.3902	244	248.3902	0.1312	0.3214	39.0000
928	246.4330	247	246.4330	0.2369	0.2915	31.0000
929	246.8913	243	246.8913	0.0086	0.0906	37.0000
930	247.0373	242	247.0373	0.0153	0.1289	35.0000
931	248.7025	247	248.7025	0.0486	0.1013	37.0000
932	248.4324	250	248.4324	0.0270	0.1510	30.0000
933	237.8524	236	237.8524	0.1199	0.2459	32.0000
934	247.4327	246	247.4327	0.0590	0.2960	33.0000
935	249.3277	248	249.3277	0.0409	0.2691	36.0000
936	248.4949	242	248.4949	0.0256	0.0434	36.0000
937	239.8102	237	239.8102	0.1652	0.2553	35.0000
938	243.6630	242	243.6630	0.1269	0.1557	34.0000
939	250.3064	241	250.3064	0.0842	0.3593	40.0000
940	245.6210	244	245.6210	0.0325	0.1557	33.0000
941	243.9961	242	243.9961	0.0217	0.0728	35.0000
942	249.2860	247	249.2860	0.0903	0.0963	37.0000
943	250.2233	248	250.2233	0.1140	0.1510	36.0000
944	244.1423	241	244.1423	0.1826	0.2999	38.0000
945	243.2049	241	243.2049	0.1562	0.2886	37.0000
946	247.2450	250	247.2450	0.2149	0.2220	32.0000
947	249.3278	244	249.3278	0.1160	0.1557	36.0000
948	241.8098	238	241.8098	0.1300	0.2691	35.0000
949	244.1840	237	244.1840	0.0772	0.1013	38.0000
950	245.2251	246	245.2251	0.1750	0.2322	36.0000
951	250.4106	248	250.4106	0.0633	0.2960	33.0000
952	247.5994	244	247.5994	0.0793	0.3214	36.0000
953	250.3067	248	250.3067	0.1088	0.2792	34.0000
954	241.6849	235	241.6849	0.0101	0.1557	37.0000
955	248.0784	246	248.0784	0.1673	0.2068	34.0000
956	240.8515	239	240.8515	0.0349	0.3589	33.0000
957	245.6420	243	245.6420	0.0405	0.0963	38.0000
958	244.4546	245	244.4546	0.1866	0.3008	33.0000
959	249.3696	251	249.3696	0.0132	0.2311	30.0000
960	249.4113	243	249.4113	0.1191	0.2068	40.0000
961	249.3067	248	249.3067	0.0790	0.2999	33.0000
962	247.9953	243	247.9953	0.0695	0.3386	36.0000
963	239.5604	230	239.5604	0.0202	0.1289	41.0000
964	248.6195	246	248.6195	0.0576	0.2417	34.0000
965	247.4533	247	247.4533	0.0982	0.1013	35.0000
966	248.2031	244	248.2031	0.1198	0.1816	38.0000
967	248.8071	245	248.8071	0.2401	0.3214	40.0000
968	245.6835	240	245.6835	0.0403	0.1557	35.0000
969	244.3088	241	244.3088	0.1829	0.2068	37.0000
970	243.2052	235	243.2052	0.1565	0.2548	36.0000
971	250.3904	247	250.3904	0.0058	0.1289	39.0000
972	241.1640	244	241.1640	0.0304	0.1289	27.0000
973	247.9532	247	247.9532	0.1052	0.2311	32.0000
974	248.0364	242	248.0364	0.1181	0.2548	38.0000
975	243.8924	235	243.8924	0.0032	0.1186	40.0000
976	246.6205	244	246.6205	0.0249	0.1025	35.0000
977	247.2661	250	247.2661	0.3689	0.4010	31.0000
978	243.7878	246	243.7878	0.1360	0.1457	35.0000
979	243.4131	239	243.4131	0.0065	0.0434	36.0000
980	248.8282	243	248.8282	0.0006	0.1557	37.0000
981	245.8913	245	245.8913	0.1105	0.2459	31.0000
982	247.8698	245	247.8698	0.0225	0.1719	32.0000
983	240.9137	239	240.9137	0.0965	0.2068	34.0000
984	250.0780	243	250.0780	0.1093	0.1557	37.0000
985	249.3903	243	249.3903	0.0153	0.0618	37.0000
986	248.3074	246	248.3074	0.0523	0.2311	39.0000
987	248.3908	246	248.3908	0.0081	0.2311	39.0000
988	250.3483	247	250.3483	0.1627	0.1719	35.0000
989	245.3292	241	245.3292	0.0432	0.0856	38.0000
990	250.1188	251	250.1188	0.1278	0.4174	35.0000
991	245.0171	242	245.0171	0.1476	0.1557	38.0000
992	247.1408	242	247.1408	0.1101	0.1289	35.0000
993	241.3932	240	241.3932	0.1054	0.1929	34.0000
994	242.2261	236	242.2261	0.1874	0.2311	38.0000
995	239.1021	240	239.1021	0.0308	0.0975	34.0000
996	249.4524	252	249.4524	0.0332	0.0434	32.0000
997	248.7656	246	248.7656	0.0003	0.0618	37.0000
998	244.2048	237	244.2048	0.1175	0.1557	37.0000
999	249.3278	248	249.3278	0.1004	0.2876	34.0000
1000	243.1632	240	243.1632	0.0979	0.1289	35.0000
