1	542	244	228	70	16	14	5	35
2	544	243	228	73	15	11	3	29
3	544	243	233	68	10	7	2	19
4	544	243	235	66	8	9	3	20
5	541	242	227	72	15	9	6	30
6	543	248	233	62	15	14	3	32
7	540	247	229	64	18	10	4	32
8	544	246	231	67	15	14	2	31
9	546	244	231	71	13	15	2	30
10	545	245	240	60	5	15	4	24
11	545	248	235	62	13	13	0	26
12	544	247	233	64	14	6	0	20
13	546	242	231	73	11	7	2	20
14	544	243	232	69	11	10	2	23
15	542	244	233	65	11	14	8	33
16	546	242	232	72	10	10	1	21
17	541	246	230	65	16	11	5	32
18	543	246	231	66	15	12	3	30
19	543	239	229	75	10	10	6	26
20	544	241	231	72	10	9	4	23
21	545	241	232	72	9	9	1	19
22	544	243	231	70	12	10	3	25
23	540	244	229	67	15	7	5	27
24	544	245	234	65	11	19	6	36
25	539	246	232	61	14	9	5	28
26	543	245	233	65	12	14	4	30
27	546	244	232	70	12	18	4	34
28	545	246	232	67	14	16	3	33
29	546	241	232	73	9	11	3	23
30	541	244	226	71	18	9	3	30
31	546	240	232	74	8	8	0	16
32	545	247	235	63	12	19	3	34
33	544	244	236	64	8	15	3	26
34	542	246	228	68	18	12	3	33
35	543	241	229	73	12	9	3	24
36	545	245	232	68	13	15	4	32
37	544	233	225	86	8	10	8	26
38	546	245	232	69	13	19	3	35
39	545	245	234	66	11	12	1	24
40	542	243	228	71	15	8	3	26
41	546	243	233	70	10	13	2	25
42	542	249	229	64	20	16	2	38
43	544	240	229	75	11	8	1	20
44	541	246	235	60	11	10	4	25
45	544	241	233	70	8	12	4	24
46	540	248	230	62	18	8	3	29
47	545	244	228	73	16	16	4	36
48	544	248	237	59	11	12	4	27
49	542	244	230	68	14	10	4	28
50	548	239	232	77	7	10	2	19
51	542	241	229	72	12	8	6	26
52	545	237	222	86	15	13	5	33
53	541	243	231	67	12	5	4	21
54	542	245	235	62	10	5	3	18
55	547	241	230	76	11	12	1	24
56	542	243	230	69	13	6	6	25
57	544	243	228	73	15	17	3	35
58	544	245	235	64	10	11	1	22
59	544	244	232	68	12	10	2	24
60	545	245	229	71	16	15	4	35
61	547	241	228	78	13	15	3	31
62	541	248	231	62	17	12	3	32
63	541	246	233	62	13	10	3	26
64	541	242	226	73	16	11	4	31
65	546	244	230	72	14	10	0	24
66	546	247	241	58	6	15	1	22
67	544	241	230	73	11	11	3	25
68	545	245	232	68	13	13	3	29
69	543	241	231	71	10	11	5	26
70	546	238	229	79	9	13	3	25
71	542	244	225	73	19	12	3	34
72	541	245	227	69	18	6	1	25
73	541	248	235	58	13	8	3	24
74	542	246	230	66	16	10	2	28
75	541	241	231	69	10	8	4	22
76	547	240	228	79	12	11	1	24
77	547	243	234	70	9	11	0	20
78	546	243	226	77	17	14	2	33
79	543	241	231	71	10	10	4	24
80	547	245	233	69	12	18	2	32
81	545	241	228	76	13	15	4	32
82	544	241	226	77	15	11	5	31
83	548	246	236	66	10	15	3	28
84	543	244	228	71	16	12	4	32
85	546	245	238	63	7	14	3	24
86	543	247	231	65	16	19	3	38
87	545	243	231	71	12	10	2	24
88	544	246	234	64	12	16	3	31
89	541	249	234	58	15	15	5	35
90	545	236	224	85	12	8	3	23
91	540	249	232	59	17	8	1	26
92	543	244	226	73	18	12	2	32
93	546	245	238	63	7	13	2	22
94	543	246	229	68	17	15	5	37
95	547	238	230	79	8	13	1	22
96	544	247	232	65	15	14	4	33
97	546	245	237	64	8	15	1	24
98	541	244	227	70	17	9	2	28
99	546	241	233	72	8	12	2	22
100	542	249	235	58	14	13	2	29
101	540	246	227	67	19	11	5	35
102	544	240	229	75	11	9	3	23
103	545	240	229	76	11	8	1	20
104	541	246	228	67	18	10	4	32
105	547	236	226	85	10	12	4	26
106	543	241	230	72	11	10	5	26
107	546	243	234	69	9	13	2	24
108	544	242	234	68	8	12	3	23
109	545	240	229	76	11	14	3	28
110	546	246	236	64	10	13	2	25
111	546	241	229	76	12	10	0	22
112	542	241	226	75	15	7	5	27
113	540	248	234	58	14	10	3	27
114	537	248	228	61	20	7	4	31
115	541	242	230	69	12	8	5	25
116	547	240	224	83	16	11	4	31
117	544	241	232	71	9	11	3	23
118	542	243	225	74	18	11	3	32
119	547	242	235	70	7	9	0	16
120	547	244	233	70	11	14	2	27
121	543	242	229	72	13	10	2	25
122	543	250	236	57	14	14	1	29
123	542	240	227	75	13	6	3	22
124	540	246	232	62	14	12	7	33
125	541	240	229	72	11	10	5	26
126	546	242	231	73	11	14	2	27
127	542	239	233	70	6	5	3	14
128	544	245	233	66	12	9	1	22
129	542	245	232	65	13	10	3	26
130	547	242	233	72	9	17	3	29
131	549	237	229	83	8	16	3	27
132	546	240	234	72	6	14	4	24
133	546	244	236	66	8	12	1	21
134	544	242	228	74	14	8	3	25
135	542	246	233	63	13	8	2	23
136	547	243	231	73	12	10	2	24
137	539	245	233	61	12	7	5	24
138	544	241	224	79	17	6	3	26
139	540	244	232	64	12	8	5	25
140	545	241	237	67	4	10	3	17
141	541	240	228	73	12	8	4	24
142	546	244	234	68	10	11	2	23
143	541	246	234	61	12	11	4	27
144	545	246	234	65	12	16	2	30
145	540	246	231	63	15	9	5	29
146	548	240	228	80	12	19	5	36
147	539	242	224	73	18	7	5	30
148	543	246	229	68	17	14	2	33
149	547	239	231	77	8	17	6	31
150	544	241	225	78	16	13	4	33
151	546	242	235	69	7	12	2	21
152	545	244	227	74	17	11	2	30
153	545	238	230	77	8	14	4	26
154	544	248	232	64	16	14	2	32
155	545	241	232	72	9	13	4	26
156	548	244	230	74	14	16	1	31
157	542	239	231	72	8	9	6	23
158	545	242	226	77	16	15	4	35
159	544	242	229	73	13	12	2	27
160	543	249	235	59	14	16	4	34
161	537	246	225	66	21	7	6	34
162	542	241	225	76	16	12	5	33
163	545	244	233	68	11	10	0	21
164	545	240	234	71	6	13	4	23
165	541	243	230	68	13	12	7	32
166	544	242	231	71	11	11	4	26
167	543	243	230	70	13	9	2	24
168	540	245	233	62	12	10	5	27
169	543	246	226	71	20	11	1	32
170	543	241	227	75	14	13	4	31
171	545	242	235	68	7	13	3	23
172	541	246	232	63	14	13	4	31
173	543	243	225	75	18	14	4	36
174	546	239	235	72	4	13	6	23
175	542	244	230	68	14	13	5	32
176	543	251	234	58	17	16	3	36
177	542	246	236	60	10	9	3	22
178	544	240	230	74	10	13	5	28
179	542	244	229	69	15	11	5	31
180	543	247	234	62	13	14	5	32
181	546	239	229	78	10	14	4	28
182	543	245	234	64	11	13	4	28
183	544	247	236	61	11	12	2	25
184	543	248	232	63	16	15	4	35
185	547	238	234	75	4	14	5	23
186	544	244	234	66	10	14	5	29
187	544	244	228	72	16	12	2	30
188	542	245	233	64	12	12	3	27
189	544	241	233	70	8	11	4	23
190	540	246	229	65	17	8	4	29
191	544	245	230	69	15	11	2	28
192	542	238	229	75	9	12	9	30
193	540	246	239	55	7	12	5	24
194	544	243	230	71	13	14	7	34
195	541	239	230	72	9	12	9	30
196	542	243	229	70	14	11	5	30
197	546	244	232	70	12	13	5	30
198	539	242	231	66	11	8	6	25
199	539	244	231	64	13	8	6	27
200	543	246	239	58	7	10	3	20
201	547	240	234	73	6	11	2	19
202	544	240	231	73	9	10	4	23
203	539	246	230	63	16	13	5	34
204	547	238	232	77	6	10	2	18
205	541	240	232	69	8	9	6	23
206	543	241	229	73	12	14	6	32
207	541	244	233	64	11	10	4	25
208	543	248	230	65	18	16	3	37
209	544	248	231	65	17	15	3	35
210	538	244	234	60	10	9	7	26
211	547	245	235	67	10	16	1	27
212	545	247	236	62	11	14	5	30
213	541	243	228	70	15	11	5	31
214	545	239	228	78	11	8	2	21
215	546	242	231	73	11	13	1	25
216	541	247	238	56	9	13	4	26
217	545	244	226	75	18	13	2	33
218	547	242	227	78	15	11	1	27
219	544	244	237	63	7	11	4	22
220	545	244	234	67	10	14	5	29
221	545	242	228	75	14	10	2	26
222	546	247	232	67	15	18	1	34
223	546	244	234	68	10	12	0	22
224	538	244	230	64	14	8	7	29
225	543	240	229	74	11	7	4	22
226	546	242	234	70	8	12	1	21
227	546	242	233	71	9	13	3	25
228	543	244	233	66	11	11	3	25
229	543	243	231	69	12	9	3	24
230	543	241	229	73	12	12	5	29
231	543	246	232	65	14	13	3	30
232	544	239	223	82	16	14	6	36
233	545	243	235	67	8	15	3	26
234	544	242	230	72	12	13	5	30
235	541	244	230	67	14	8	4	26
236	544	244	230	70	14	12	3	29
237	542	248	240	54	8	14	3	25
238	546	244	230	72	14	15	6	35
239	545	244	237	64	7	10	2	19
240	542	248	234	60	14	11	3	28
241	543	243	227	73	16	11	4	31
242	543	248	232	63	16	13	3	32
243	544	242	226	76	16	10	2	28
244	546	246	236	64	10	12	0	22
245	545	246	233	66	13	13	5	31
246	544	245	231	68	14	15	2	31
247	542	246	233	63	13	8	3	24
248	544	245	238	61	7	12	3	22
249	542	245	228	69	17	10	3	30
250	544	250	233	61	17	18	4	39
251	543	241	222	80	19	13	5	37
252	539	245	233	61	12	7	4	23
253	543	244	234	65	10	13	4	27
254	542	248	231	63	17	17	6	40
255	543	246	230	67	16	13	2	31
256	542	244	234	64	10	12	6	28
257	541	244	229	68	15	16	7	38
258	544	249	231	64	18	15	3	36
259	544	243	232	69	11	8	2	21
260	544	244	236	64	8	7	1	16
261	540	240	227	73	13	7	6	26
262	542	244	230	68	14	12	3	29
263	543	244	229	70	15	8	2	25
264	545	237	226	82	11	8	3	22
265	544	248	230	66	18	14	3	35
266	545	241	234	70	7	15	5	27
267	541	241	228	72	13	11	7	31
268	548	241	224	83	17	19	5	41
269	544	245	233	66	12	12	2	26
270	542	246	232	64	14	8	3	25
271	542	246	229	67	17	13	7	37
272	537	241	230	66	11	10	10	31
273	548	244	234	70	10	18	0	28
274	544	240	232	72	8	9	4	21
275	544	241	232	71	9	13	5	27
276	544	247	234	63	13	13	2	28
277	544	245	234	65	11	11	2	24
278	541	242	231	68	11	7	3	21
279	546	241	232	73	9	18	5	32
280	543	242	233	68	9	12	5	26
281	545	244	235	66	9	11	1	21
282	542	245	232	65	13	8	4	25
283	542	243	230	69	13	10	5	28
284	543	242	224	77	18	12	3	33
285	547	240	229	78	11	13	2	26
286	543	243	233	67	10	11	4	25
287	540	246	234	60	12	11	5	28
288	546	246	232	68	14	13	0	27
289	542	246	237	59	9	15	6	30
290	544	245	234	65	11	12	2	25
291	544	244	228	72	16	9	1	26
292	543	241	237	65	4	5	2	11
293	548	244	229	75	15	19	2	36
294	548	242	232	74	10	17	1	28
295	541	248	233	60	15	12	4	31
296	544	243	227	74	16	11	4	31
297	544	244	235	65	9	7	1	17
298	547	239	226	82	13	13	4	30
299	546	244	232	70	12	16	2	30
300	545	243	233	69	10	13	3	26
301	546	240	224	82	16	12	3	31
302	539	252	229	58	23	14	4	41
303	545	243	226	76	17	16	3	36
304	542	247	233	62	14	10	2	26
305	545	231	223	91	8	12	7	27
306	545	248	236	61	12	16	1	29
307	543	243	232	68	11	11	4	26
308	543	242	232	69	10	14	4	28
309	541	245	231	65	14	7	4	25
310	542	245	223	74	22	11	3	36
311	545	242	235	68	7	10	2	19
312	543	243	234	66	9	15	6	30
313	544	241	231	72	10	11	2	23
314	541	245	238	58	7	11	4	22
315	544	245	232	67	13	12	4	29
316	545	242	235	68	7	12	2	21
317	543	241	227	75	14	12	4	30
318	543	242	233	68	9	9	2	20
319	545	241	225	79	16	13	2	31
320	548	243	233	72	10	16	4	30
321	548	241	233	74	8	13	1	22
322	542	241	229	72	12	13	7	32
323	546	241	228	77	13	9	4	26
324	542	245	227	70	18	7	5	30
325	548	242	234	72	8	12	2	22
326	542	250	234	58	16	12	2	30
327	547	243	232	72	11	20	3	34
328	543	246	231	66	15	14	3	32
329	541	245	227	69	18	11	6	35
330	542	246	233	63	13	9	3	25
331	547	242	234	71	8	17	6	31
332	545	242	226	77	16	12	3	31
333	543	244	232	67	12	13	4	29
334	544	246	230	68	16	12	2	30
335	544	243	229	72	14	9	3	26
336	544	243	231	70	12	14	3	29
337	543	240	229	74	11	12	5	28
338	545	239	223	83	16	10	2	28
339	539	243	228	68	15	10	9	34
340	542	239	223	80	16	6	3	25
341	544	244	230	70	14	12	4	30
342	548	241	232	75	9	14	4	27
343	543	242	231	70	11	13	6	30
344	546	244	234	68	10	18	3	31
345	545	236	230	79	6	11	7	24
346	547	235	229	83	6	13	3	22
347	541	241	232	68	9	17	9	35
348	543	243	233	67	10	7	4	21
349	544	245	232	67	13	12	1	26
350	547	240	227	80	13	9	0	22
351	539	245	235	59	10	6	4	20
352	544	243	232	69	11	17	5	33
353	544	245	233	66	12	12	4	28
354	540	244	232	64	12	11	5	28
355	540	248	233	59	15	10	5	30
356	543	247	235	61	12	11	1	24
357	541	243	229	69	14	7	3	24
358	544	243	235	66	8	11	3	22
359	543	245	233	65	12	10	5	27
360	544	241	231	72	10	12	4	26
361	542	244	231	67	13	10	5	28
362	549	239	231	79	8	15	3	26
363	542	241	229	72	12	11	5	28
364	542	242	227	73	15	16	8	39
365	544	242	232	70	10	12	4	26
366	546	249	231	66	18	23	2	43
367	542	240	231	71	9	7	6	22
368	546	239	234	73	5	17	5	27
369	544	241	228	75	13	12	5	30
370	543	242	228	73	14	12	4	30
371	546	244	232	70	12	12	2	26
372	541	248	233	60	15	14	4	33
373	543	244	231	68	13	14	3	30
374	545	239	230	76	9	12	4	25
375	542	248	235	59	13	13	4	30
376	547	245	235	67	10	16	2	28
377	544	241	235	68	6	12	5	23
378	539	247	229	63	18	10	5	33
379	544	244	230	70	14	11	2	27
380	543	243	229	71	14	11	3	28
381	547	242	232	73	10	15	5	30
382	541	240	230	71	10	7	6	23
383	544	243	236	65	7	12	4	23
384	549	243	234	72	9	18	0	27
385	540	245	228	67	17	7	3	27
386	543	243	232	68	11	10	3	24
387	546	243	232	71	11	14	1	26
388	547	243	232	72	11	19	3	33
389	544	245	237	62	8	13	4	25
390	542	245	231	66	14	11	2	27
391	540	238	226	76	12	8	7	27
392	543	246	231	66	15	12	2	29
393	545	247	235	63	12	16	4	32
394	542	241	230	71	11	7	3	21
395	547	241	228	78	13	16	3	32
396	542	242	231	69	11	11	5	27
397	544	240	227	77	13	10	2	25
398	550	241	233	76	8	17	1	26
399	544	239	229	76	10	9	3	22
400	544	246	226	72	20	15	3	38
401	549	234	227	88	7	14	4	25
402	547	242	233	72	9	17	3	29
403	544	244	230	70	14	13	3	30
404	542	239	231	72	8	12	7	27
405	545	241	230	74	11	12	3	26
406	543	241	229	73	12	8	2	22
407	545	235	225	85	10	7	2	19
408	539	239	223	77	16	8	8	32
409	541	244	234	63	10	11	4	25
410	541	247	231	63	16	14	3	33
411	546	243	235	68	8	20	5	33
412	543	246	233	64	13	8	2	23
413	543	243	230	70	13	12	6	31
414	541	246	225	70	21	14	5	40
415	548	247	237	64	10	14	1	25
416	544	244	234	66	10	11	3	24
417	541	246	230	65	16	12	3	31
418	542	246	230	66	16	13	5	34
419	547	245	232	70	13	17	2	32
420	547	243	232	72	11	18	4	33
421	543	240	228	75	12	6	3	21
422	544	244	231	69	13	13	3	29
423	543	249	232	62	17	16	4	37
424	543	251	235	57	16	17	1	34
425	541	244	229	68	15	13	4	32
426	542	240	230	72	10	8	4	22
427	542	241	228	73	13	11	6	30
428	547	244	233	70	11	19	4	34
429	547	242	235	70	7	14	1	22
430	546	240	230	76	10	14	5	29
431	541	240	228	73	12	6	6	24
432	540	246	233	61	13	8	5	26
433	545	241	232	72	9	10	4	23
434	541	242	231	68	11	10	4	25
435	542	242	225	75	17	10	4	31
436	542	241	223	78	18	10	4	32
437	544	239	228	77	11	11	4	26
438	545	247	237	61	10	17	3	30
439	544	242	234	68	8	11	3	22
440	541	240	227	74	13	5	7	25
441	546	241	233	72	8	12	2	22
442	541	238	232	71	6	10	6	22
443	544	245	236	63	9	11	1	21
444	543	249	231	63	18	12	2	32
445	545	245	233	67	12	14	3	29
446	544	240	227	77	13	11	3	27
447	548	243	233	72	10	16	1	27
448	545	241	230	74	11	13	3	27
449	539	247	228	64	19	7	4	30
450	546	242	233	71	9	17	4	30
451	545	242	233	70	9	15	4	28
452	543	238	232	73	6	7	6	19
453	547	244	233	70	11	14	4	29
454	546	241	228	77	13	15	3	31
455	541	238	225	78	13	6	5	24
456	543	242	233	68	9	14	7	30
457	546	243	235	68	8	10	2	20
458	543	242	227	74	15	11	4	30
459	542	245	235	62	10	11	3	24
460	543	240	230	73	10	11	6	27
461	542	243	229	70	14	9	3	26
462	544	242	228	74	14	12	3	29
463	546	242	235	69	7	15	2	24
464	542	245	237	60	8	16	6	30
465	543	241	234	68	7	10	3	20
466	545	244	230	71	14	8	3	25
467	545	247	235	63	12	14	2	28
468	545	238	231	76	7	10	6	23
469	546	244	229	73	15	16	4	35
470	544	245	232	67	13	12	2	27
471	543	242	227	74	15	15	5	35
472	544	242	229	73	13	16	4	33
473	547	241	229	77	12	14	2	28
474	543	246	230	67	16	11	2	29
475	544	242	230	72	12	15	5	32
476	542	246	227	69	19	12	2	33
477	543	242	233	68	9	10	4	23
478	537	243	222	72	21	6	6	33
479	543	240	227	76	13	13	5	31
480	547	240	230	77	10	7	2	19
481	543	244	235	64	9	8	3	20
482	543	245	233	65	12	13	4	29
483	546	243	230	73	13	13	4	30
484	543	246	235	62	11	11	2	24
485	545	246	234	65	12	14	2	28
486	542	249	235	58	14	15	6	35
487	543	248	228	67	20	15	1	36
488	542	244	234	64	10	12	4	26
489	545	243	231	71	12	15	3	30
490	544	246	234	64	12	15	4	31
491	541	248	238	55	10	10	4	24
492	543	243	229	71	14	11	3	28
493	546	240	231	75	9	12	1	22
494	543	242	225	76	17	15	8	40
495	543	243	232	68	11	9	5	25
496	544	239	227	78	12	14	5	31
497	546	246	231	69	15	14	3	32
498	547	240	234	73	6	12	3	21
499	543	241	232	70	9	11	4	24
500	548	240	232	76	8	12	2	22
501	542	239	228	75	11	10	5	26
502	542	248	235	59	13	10	2	25
503	541	243	228	70	15	12	4	31
504	542	248	230	64	18	6	3	27
505	547	243	235	69	8	12	3	23
506	541	246	234	61	12	8	3	23
507	548	245	231	72	14	13	2	29
508	543	245	239	59	6	9	1	16
509	544	241	233	70	8	15	6	29
510	547	241	231	75	10	11	1	22
511	543	242	228	73	14	13	4	31
512	546	238	232	76	6	10	3	19
513	547	239	226	82	13	11	0	24
514	545	242	230	73	12	17	3	32
515	544	241	227	76	14	8	2	24
516	541	244	233	64	11	10	4	25
517	544	242	228	74	14	6	2	22
518	549	238	227	84	11	19	4	34
519	541	245	233	63	12	13	6	31
520	548	241	226	81	15	17	2	34
521	546	243	231	72	12	14	1	27
522	545	244	230	71	14	14	2	30
523	544	246	234	64	12	12	2	26
524	543	246	229	68	17	11	2	30
525	543	244	226	73	18	11	4	33
526	547	246	235	66	11	15	2	28
527	549	240	235	74	5	15	3	23
528	538	245	229	64	16	11	8	35
529	543	241	225	77	16	10	3	29
530	547	239	231	77	8	15	5	28
531	551	238	229	84	9	15	4	28
532	544	246	235	63	11	14	1	26
533	547	246	233	68	13	15	1	29
534	545	243	227	75	16	13	3	32
535	542	239	230	73	9	6	4	19
536	543	242	229	72	13	11	3	27
537	544	239	230	75	9	11	4	24
538	540	244	227	69	17	9	6	32
539	544	244	226	74	18	11	2	31
540	542	241	228	73	13	12	5	30
541	544	247	233	64	14	13	1	28
542	542	244	233	65	11	10	4	25
543	544	245	234	65	11	21	6	38
544	540	247	231	62	16	13	6	35
545	545	247	233	65	14	16	3	33
546	544	246	232	66	14	12	2	28
547	542	243	230	69	13	14	8	35
548	542	242	237	63	5	11	6	22
549	542	247	234	61	13	7	1	21
550	543	245	234	64	11	9	3	23
551	546	239	228	79	11	13	4	28
552	539	243	228	68	15	13	6	34
553	540	244	234	62	10	11	6	27
554	545	245	232	68	13	10	1	24
555	547	240	234	73	6	17	4	27
556	544	245	237	62	8	12	3	23
557	541	246	229	66	17	12	5	34
558	546	246	236	64	10	13	0	23
559	545	244	232	69	12	12	3	27
560	542	246	225	71	21	13	4	38
561	543	244	225	74	19	8	3	30
562	546	244	232	70	12	13	2	27
563	539	246	234	59	12	8	4	24
564	545	243	234	68	9	15	5	29
565	542	245	230	67	15	8	2	25
566	546	243	234	69	9	15	2	26
567	544	245	230	69	15	12	3	30
568	546	242	230	74	12	13	1	26
569	537	244	232	61	12	3	6	21
570	542	247	232	63	15	12	4	31
571	544	242	229	73	13	16	5	34
572	543	245	235	63	10	13	4	27
573	545	245	229	71	16	18	3	37
574	543	243	232	68	11	12	3	26
575	541	243	230	68	13	9	5	27
576	543	246	236	61	10	10	1	21
577	540	244	233	63	11	9	5	25
578	545	245	231	69	14	11	1	26
579	542	249	234	59	15	14	4	33
580	542	246	229	67	17	8	3	28
581	546	243	233	70	10	16	4	30
582	541	242	234	65	8	13	6	27
583	546	240	234	72	6	8	0	14
584	543	245	228	70	17	13	3	33
585	542	244	231	67	13	13	3	29
586	543	242	231	70	11	8	6	25
587	545	250	235	60	15	16	2	33
588	540	246	228	66	18	9	6	33
589	544	242	232	70	10	19	6	35
590	544	241	232	71	9	7	4	20
591	546	243	233	70	10	10	1	21
592	544	248	235	61	13	15	2	30
593	546	244	233	69	11	12	1	24
594	545	237	229	79	8	8	3	19
595	544	242	230	72	12	15	4	31
596	545	245	237	63	8	13	2	23
597	543	243	230	70	13	12	3	28
598	544	245	233	66	12	10	4	26
599	543	249	232	62	17	17	2	36
600	542	238	229	75	9	9	6	24
601	543	244	230	69	14	9	3	26
602	544	244	235	65	9	11	3	23
603	542	246	230	66	16	12	2	30
604	544	240	232	72	8	10	3	21
605	544	243	230	71	13	6	4	23
606	542	247	231	64	16	13	3	32
607	542	248	230	64	18	8	2	28
608	545	242	232	71	10	13	2	25
609	540	247	232	61	15	10	4	29
610	547	245	233	69	12	18	3	33
611	542	242	230	70	12	10	6	28
612	545	245	236	64	9	10	2	21
613	545	246	234	65	12	16	3	31
614	539	245	229	65	16	8	5	29
615	544	245	233	66	12	14	3	29
616	548	244	230	74	14	15	1	30
617	542	243	228	71	15	9	3	27
618	541	244	232	65	12	4	3	19
619	544	243	231	70	12	12	3	27
620	543	242	230	71	12	9	3	24
621	547	237	228	82	9	11	2	22
622	544	243	231	70	12	13	2	27
623	543	245	235	63	10	11	2	23
624	544	244	235	65	9	8	2	19
625	541	238	227	76	11	8	5	24
626	543	246	230	67	16	11	3	30
627	543	244	228	71	16	13	3	32
628	542	248	238	56	10	9	3	22
629	544	250	227	67	23	18	2	43
630	538	251	231	56	20	10	5	35
631	547	249	237	61	12	19	1	32
632	545	244	234	67	10	11	2	23
633	547	240	227	80	13	13	3	29
634	541	244	230	67	14	10	5	29
635	545	239	230	76	9	11	3	23
636	545	239	230	76	9	9	3	21
637	543	245	233	65	12	12	3	27
638	543	240	227	76	13	6	7	26
639	544	246	234	64	12	15	2	29
640	549	246	233	70	13	21	3	37
641	543	244	235	64	9	9	3	21
642	542	242	232	68	10	6	3	19
643	546	245	231	70	14	14	2	30
644	543	240	224	79	16	8	3	27
645	544	243	232	69	11	9	3	23
646	543	241	230	72	11	13	6	30
647	544	235	226	83	9	10	7	26
648	542	241	234	67	7	10	4	21
649	544	244	231	69	13	15	6	34
650	542	246	226	70	20	14	3	37
651	545	242	234	69	8	10	1	19
652	546	241	229	76	12	17	5	34
653	547	246	232	69	14	16	3	33
654	547	236	230	81	6	11	3	20
655	545	245	236	64	9	14	7	30
656	546	241	236	69	5	9	2	16
657	543	247	229	67	18	14	5	37
658	544	244	232	68	12	11	3	26
659	541	239	226	76	13	7	4	24
660	540	244	228	68	16	10	4	30
661	544	238	230	76	8	6	3	17
662	544	241	232	71	9	12	7	28
663	545	245	237	63	8	14	4	26
664	544	242	232	70	10	11	3	24
665	548	250	238	60	12	17	1	30
666	544	242	234	68	8	7	1	16
667	546	244	230	72	14	18	5	37
668	543	238	233	72	5	10	4	19
669	545	239	231	75	8	12	4	24
670	544	242	233	69	9	6	2	17
671	547	242	230	75	12	13	2	27
672	542	242	229	71	13	13	6	32
673	546	235	227	84	8	10	4	22
674	546	244	234	68	10	11	1	22
675	544	243	231	70	12	15	4	31
676	542	243	233	66	10	10	4	24
677	542	243	231	68	12	8	3	23
678	544	249	232	63	17	16	1	34
679	543	246	232	65	14	10	3	27
680	545	246	235	64	11	16	3	30
681	545	243	230	72	13	14	2	29
682	543	247	235	61	12	12	4	28
683	548	247	235	66	12	17	2	31
684	545	242	227	76	15	11	2	28
685	540	242	226	72	16	8	5	29
686	540	245	225	70	20	9	3	32
687	543	240	233	70	7	9	6	22
688	545	242	234	69	8	17	6	31
689	546	241	232	73	9	11	3	23
690	541	247	230	64	17	10	3	30
691	546	238	226	82	12	9	3	24
692	543	251	235	57	16	16	1	33
693	541	247	227	67	20	11	3	34
694	543	244	233	66	11	14	4	29
695	542	243	233	66	10	6	3	19
696	544	246	230	68	16	16	5	37
697	547	246	231	70	15	20	6	41
698	544	237	223	84	14	14	4	32
699	546	242	231	73	11	17	3	31
700	544	241	232	71	9	17	6	32
701	539	237	224	78	13	6	8	27
702	542	243	229	70	14	9	2	25
703	548	242	232	74	10	21	3	34
704	542	239	229	74	10	12	7	29
705	542	246	238	58	8	11	3	22
706	548	245	233	70	12	17	3	32
707	542	244	227	71	17	13	4	34
708	541	246	232	63	14	11	4	29
709	544	246	233	65	13	14	2	29
710	544	245	235	64	10	10	2	22
711	541	245	229	67	16	13	5	34
712	544	241	232	71	9	9	2	20
713	540	241	227	72	14	4	5	23
714	545	243	234	68	9	10	1	20
715	544	247	230	67	17	13	2	32
716	543	244	235	64	9	12	3	24
717	545	244	236	65	8	16	3	27
718	541	243	229	69	14	8	3	25
719	545	245	235	65	10	12	3	25
720	544	244	231	69	13	13	3	29
721	542	245	237	60	8	11	3	22
722	544	245	231	68	14	14	3	31
723	548	239	232	77	7	15	3	25
724	544	247	235	62	12	10	2	24
725	543	241	233	69	8	12	4	24
726	540	243	232	65	11	5	4	20
727	541	244	234	63	10	11	4	25
728	541	245	231	65	14	11	5	30
729	545	239	230	76	9	14	5	28
730	537	244	228	65	16	8	8	32
731	544	240	231	73	9	10	4	23
732	545	240	227	78	13	12	4	29
733	541	244	232	65	12	14	6	32
734	541	248	231	62	17	11	6	34
735	542	238	231	73	7	7	6	20
736	543	241	235	67	6	15	5	26
737	544	242	235	67	7	12	4	23
738	542	239	231	72	8	6	4	18
739	542	247	238	57	9	12	4	25
740	543	242	230	71	12	13	5	30
741	545	244	232	69	12	14	2	28
742	542	243	234	65	9	12	4	25
743	542	247	230	65	17	11	3	31
744	539	244	234	61	10	12	7	29
745	543	246	234	63	12	10	3	25
746	544	247	232	65	15	11	3	29
747	543	245	234	64	11	11	4	26
748	543	248	230	65	18	12	3	33
749	543	244	231	68	13	15	4	32
750	543	247	234	62	13	12	4	29
751	543	245	234	64	11	9	3	23
752	543	245	231	67	14	10	4	28
753	545	245	235	65	10	15	4	29
754	538	238	225	75	13	9	8	30
755	544	248	234	62	14	16	3	33
756	541	248	227	66	21	12	5	38
757	543	239	226	78	13	16	6	35
758	542	241	225	76	16	11	6	33
759	542	243	229	70	14	11	4	29
760	543	242	226	75	16	10	2	28
761	544	248	230	66	18	12	2	32
762	547	246	236	65	10	19	4	33
763	544	242	227	75	15	10	4	29
764	545	248	235	62	13	21	3	37
765	545	244	230	71	14	14	3	31
766	545	246	230	69	16	16	2	34
767	545	248	234	63	14	15	2	31
768	544	242	228	74	14	14	3	31
769	545	241	227	77	14	9	1	24
770	543	244	232	67	12	14	5	31
771	545	248	241	56	7	16	2	25
772	542	248	231	63	17	15	4	36
773	546	244	235	67	9	16	2	27
774	544	246	234	64	12	13	2	27
775	541	244	226	71	18	12	7	37
776	546	245	235	66	10	16	3	29
777	541	242	234	65	8	10	6	24
778	548	242	235	71	7	13	3	23
779	545	244	225	76	19	21	4	44
780	545	243	232	70	11	16	2	29
781	540	243	231	66	12	4	3	19
782	544	244	236	64	8	14	5	27
783	541	245	231	65	14	10	3	27
784	541	243	233	65	10	5	3	18
785	546	243	232	71	11	15	2	28
786	545	239	226	80	13	16	6	35
787	545	245	234	66	11	13	3	27
788	546	248	234	64	14	15	3	32
789	539	246	234	59	12	6	5	23
790	541	241	227	73	14	12	7	33
791	543	240	224	79	16	7	3	26
792	544	245	233	66	12	15	2	29
793	548	245	232	71	13	21	2	36
794	541	245	234	62	11	14	5	30
795	544	242	228	74	14	16	4	34
796	546	244	229	73	15	13	1	29
797	544	242	234	68	8	8	1	17
798	543	246	235	62	11	9	0	20
799	540	246	235	59	11	10	6	27
800	543	240	230	73	10	9	4	23
801	546	241	230	75	11	17	4	32
802	543	247	233	63	14	9	2	25
803	542	241	230	71	11	11	5	27
804	545	243	234	68	9	15	2	26
805	539	245	231	63	14	12	9	35
806	542	243	226	73	17	13	4	34
807	542	249	233	60	16	8	0	24
808	546	239	226	81	13	10	3	26
809	545	242	231	72	11	18	5	34
810	542	246	236	60	10	18	6	34
811	545	242	228	75	14	14	3	31
812	540	242	230	68	12	7	6	25
813	543	247	236	60	11	16	5	32
814	547	242	231	74	11	21	5	37
815	546	245	231	70	14	14	3	31
816	543	240	228	75	12	6	2	20
817	545	244	229	72	15	15	4	34
818	538	245	230	63	15	11	6	32
819	541	241	230	70	11	9	7	27
820	543	243	229	71	14	11	4	29
821	545	247	232	66	15	12	1	28
822	546	242	233	71	9	13	1	23
823	543	242	233	68	9	11	5	25
824	545	240	230	75	10	10	4	24
825	544	244	227	73	17	12	1	30
826	545	243	232	70	11	7	2	20
827	548	245	232	71	13	21	3	37
828	546	245	232	69	13	15	2	30
829	543	243	230	70	13	12	4	29
830	542	246	229	67	17	13	4	34
831	544	236	225	83	11	8	4	23
832	546	242	230	74	12	11	0	23
833	542	244	227	71	17	9	1	27
834	546	242	227	77	15	16	3	34
835	542	247	234	61	13	11	3	27
836	542	248	234	60	14	11	3	28
837	536	248	229	59	19	5	5	29
838	543	243	235	65	8	10	5	23
839	545	245	236	64	9	12	2	23
840	541	242	226	73	16	7	5	28
841	542	247	234	61	13	7	2	22
842	544	243	229	72	14	7	1	22
843	544	245	230	69	15	12	2	29
844	546	241	236	69	5	18	5	28
845	543	244	234	65	10	10	4	24
846	538	243	232	63	11	5	8	24
847	546	245	236	65	9	16	4	29
848	542	247	236	59	11	9	6	26
849	546	245	235	66	10	16	3	29
850	546	242	228	76	14	12	2	28
851	541	246	230	65	16	8	2	26
852	542	239	228	75	11	7	6	24
853	545	239	234	72	5	8	3	16
854	545	241	230	74	11	9	1	21
855	546	245	233	68	12	12	1	25
856	542	245	238	59	7	9	4	20
857	541	245	224	72	21	9	4	34
858	545	243	227	75	16	13	3	32
859	541	243	232	66	11	10	5	26
860	543	241	228	74	13	15	7	35
861	541	244	235	62	9	4	2	15
862	544	245	233	66	12	11	2	25
863	545	238	230	77	8	11	8	27
864	544	241	230	73	11	14	6	31
865	546	240	231	75	9	12	4	25
866	547	242	229	76	13	16	2	31
867	544	248	231	65	17	13	3	33
868	539	241	226	72	15	6	6	27
869	541	242	227	72	15	8	4	27
870	542	238	229	75	9	8	4	21
871	544	241	235	68	6	9	2	17
872	545	243	232	70	11	18	5	34
873	544	246	236	62	10	15	2	27
874	546	239	227	80	12	11	4	27
875	544	238	225	81	13	8	3	24
876	544	251	236	57	15	16	2	33
877	544	246	233	65	13	14	2	29
878	547	245	235	67	10	16	2	28
879	548	243	230	75	13	18	2	33
880	545	244	235	66	9	12	2	23
881	540	245	230	65	15	7	6	28
882	545	242	228	75	14	13	5	32
883	541	245	224	72	21	10	3	34
884	543	243	224	76	19	13	3	35
885	548	236	222	90	14	12	0	26
886	542	244	230	68	14	7	3	24
887	539	244	227	68	17	5	4	26
888	541	249	236	56	13	13	3	29
889	542	239	225	78	14	10	6	30
890	549	245	232	72	13	13	0	26
891	546	240	236	70	4	12	3	19
892	547	242	231	74	11	16	2	29
893	543	241	231	71	10	11	5	26
894	547	244	237	66	7	16	3	26
895	542	248	233	61	15	11	1	27
896	541	245	232	64	13	14	6	33
897	541	243	235	63	8	14	5	27
898	547	237	227	83	10	7	2	19
899	538	243	233	62	10	9	8	27
900	545	243	232	70	11	15	4	30
901	543	243	227	73	16	11	3	30
902	542	244	234	64	10	10	3	23
903	544	245	234	65	11	14	6	31
904	545	245	234	66	11	13	2	26
905	544	238	232	74	6	11	5	22
906	543	241	224	78	17	10	4	31
907	542	247	232	63	15	11	3	29
908	542	236	231	75	5	11	8	24
909	547	246	233	68	13	15	3	31
910	544	243	229	72	14	12	4	30
911	541	243	228	70	15	10	4	29
912	540	244	226	70	18	5	4	27
913	548	245	233	70	12	14	3	29
914	545	242	231	72	11	12	3	26
915	541	245	228	68	17	9	4	30
916	546	242	231	73	11	16	2	29
917	541	242	229	70	13	18	9	40
918	544	241	227	76	14	10	3	27
919	543	243	224	76	19	11	4	34
920	545	242	232	71	10	13	2	25
921	540	247	230	63	17	13	7	37
922	543	242	231	70	11	10	4	25
923	545	242	235	68	7	12	4	23
924	538	242	231	65	11	7	7	25
925	545	242	229	74	13	15	5	33
926	543	240	234	69	6	10	6	22
927	547	242	228	77	14	17	3	34
928	542	247	235	60	12	11	3	26
929	542	241	230	71	11	11	4	26
930	543	243	232	68	11	7	2	20
931	544	243	229	72	14	18	5	37
932	541	247	237	57	10	11	4	25
933	545	247	234	64	13	14	1	28
934	543	245	234	64	11	11	3	25
935	544	241	235	68	6	16	7	29
936	546	241	233	72	8	9	2	19
937	542	244	229	69	15	11	4	30
938	544	246	232	66	14	14	3	31
939	552	240	232	80	8	16	1	25
940	542	243	235	64	8	9	5	22
941	546	243	235	68	8	16	5	29
942	545	240	233	72	7	15	8	30
943	545	244	231	70	13	11	4	28
944	540	242	224	74	18	7	4	29
945	541	243	226	72	17	10	4	31
946	539	249	229	61	20	12	3	35
947	546	242	232	72	10	11	2	23
948	542	243	230	69	13	9	3	25
949	544	239	231	74	8	10	3	21
950	539	243	227	69	16	9	7	32
951	547	246	236	65	10	14	2	26
952	543	243	231	69	12	10	3	25
953	545	246	233	66	13	10	2	25
954	544	241	230	73	11	9	2	22
955	542	242	233	67	9	9	5	23
956	543	245	233	65	12	12	3	27
957	540	240	229	71	11	8	7	26
958	541	244	234	63	10	12	6	28
959	541	246	239	56	7	12	5	24
960	545	238	230	77	8	12	5	25
961	545	246	233	66	13	13	2	28
962	542	243	228	71	15	4	2	21
963	548	239	229	80	10	16	2	28
964	546	245	234	67	11	14	2	27
965	543	245	230	68	15	13	4	32
966	544	242	226	76	16	10	3	29
967	542	240	225	77	15	12	6	33
968	544	242	233	69	9	9	2	20
969	542	242	229	71	13	11	4	28
970	545	240	233	72	7	8	1	16
971	542	241	228	73	13	7	6	26
972	542	250	240	52	10	11	3	24
973	543	246	234	63	12	12	2	26
974	546	242	228	76	14	13	1	28
975	545	239	227	79	12	9	2	23
976	544	243	234	67	9	14	4	27
977	539	248	232	59	16	9	4	29
978	542	243	230	69	13	12	9	34
979	545	243	230	72	13	13	2	28
980	543	240	231	72	9	9	3	21
981	546	248	237	61	11	15	1	27
982	545	245	236	64	9	13	1	23
983	548	247	235	66	12	22	2	36
984	545	241	232	72	9	6	2	17
985	546	242	230	74	12	10	1	23
986	540	242	225	73	17	12	5	34
987	541	241	226	74	15	10	6	31
988	546	246	231	69	15	10	1	26
989	543	243	226	74	17	11	2	30
990	545	247	229	69	18	14	4	36
991	539	240	226	73	14	6	6	26
992	547	244	233	70	11	15	0	26
993	542	246	231	65	15	11	3	29
994	545	240	231	74	9	14	3	26
995	541	248	228	65	20	13	3	36
996	542	250	229	63	21	12	2	35
997	541	242	227	72	15	9	4	28
998	546	240	232	74	8	9	3	20
999	542	245	230	67	15	8	3	26
1000	544	242	233	69	9	13	4	26
