1	250.6397	249	4225.5192	4226.5528
2	250.6189	246	4284.1490	4285.9408
3	251.1400	245	4462.4458	4463.4920
4	250.4108	246	4462.3735	4463.5718
5	250.4315	248	4304.1778	4305.8142
6	250.7020	251	4323.9796	4325.7124
7	250.3481	251	4324.3643	4325.5505
8	250.3688	248	4284.3732	4286.2225
9	249.8482	245	4264.6538	4266.2106
10	250.6605	249	4442.3361	4444.1273
11	250.5146	248	4383.1759	4384.9740
12	251.1814	247	4481.7817	4483.5460
13	251.5772	244	4422.9023	4424.2848
14	250.4316	245	4383.8069	4384.7963
15	250.7437	252	4324.8689	4325.8638
16	250.5982	243	4383.6362	4384.9002
17	250.7855	251	4324.2121	4325.2427
18	250.2438	249	4324.8399	4325.6255
19	249.8903	244	4323.3326	4325.8192
20	250.8899	245	4383.2918	4384.6503
21	250.1818	242	4403.2148	4404.3384
22	250.9106	246	4364.3684	4364.8752
23	250.2233	249	4383.5937	4384.7920
24	250.4727	251	4244.3406	4246.1257
25	250.2442	251	4403.2617	4404.1961
26	250.0772	249	4323.5968	4325.1934
27	250.7019	248	4225.4512	4226.7932
28	250.5769	249	4264.0346	4266.5681
29	250.8689	244	4364.5997	4365.0296
30	250.0358	247	4284.9964	4285.6399
31	250.3693	240	4422.5712	4424.4258
32	250.6394	250	4265.2960	4266.5668
33	250.0565	247	4363.7473	4365.1283
34	250.4730	249	4264.5802	4266.4056
35	250.6401	244	4344.2926	4345.3137
36	250.4936	249	4284.8196	4286.1630
37	250.2234	241	4245.5942	4246.5601
38	250.2852	248	4206.0031	4206.5397
39	250.3481	246	4382.7996	4385.0924
40	250.8275	246	4343.6393	4345.2236
41	250.9314	245	4345.6306	4345.0980
42	250.1395	251	4204.2448	4206.7744
43	250.1402	241	4362.8578	4365.1005
44	250.3066	250	4443.9561	4444.1656
45	250.3066	245	4364.0506	4364.7414
46	250.6398	251	4382.6621	4384.7848
47	250.5560	248	4186.5736	4187.1563
48	251.7019	252	4442.1420	4444.0712
49	250.0357	248	4343.4518	4345.2978
50	251.2648	241	4383.6913	4384.9789
51	250.7232	247	4362.6955	4365.0682
52	250.4314	242	4125.4600	4128.0011
53	250.4943	247	4462.3303	4463.5336
54	251.1608	248	4540.1644	4542.9084
55	250.5564	242	4303.6153	4305.7640
56	251.6397	249	4423.1219	4424.3877
57	250.1189	246	4165.6934	4167.4614
58	250.0774	246	4422.9344	4424.1984
59	249.5985	245	4383.4612	4384.8309
60	250.8685	249	4225.1652	4226.9811
61	250.5145	244	4204.8013	4207.3737
62	250.3272	251	4325.5260	4325.6468
63	250.2025	249	4403.8477	4404.3338
64	250.0150	246	4246.1282	4246.6398
65	250.8689	244	4344.0018	4345.5125
66	250.3272	248	4461.6609	4463.2971
67	250.1608	244	4325.0429	4325.4666
68	250.6395	248	4324.3312	4325.4257
69	250.5983	246	4343.1907	4345.3961
70	248.7238	240	4264.8300	4266.3791
71	250.4731	247	4205.8144	4206.8192
72	250.3067	246	4363.0585	4364.9375
73	250.3273	251	4482.6342	4483.3516
74	250.0357	248	4344.9481	4345.0347
75	250.1195	245	4402.8748	4404.4316
76	250.8690	241	4285.0162	4285.8864
77	250.7440	243	4403.6372	4404.3867
78	250.8061	245	4184.9963	4187.1263
79	249.4944	244	4363.9875	4365.0232
80	250.6185	247	4246.0236	4246.2307
81	250.9105	245	4205.3402	4207.3856
82	250.7021	246	4245.6632	4246.4189
83	251.5141	249	4363.5554	4364.7050
84	250.4313	248	4264.8329	4266.2113
85	250.8687	248	4422.3917	4424.1039
86	250.0145	250	4185.2080	4187.3586
87	250.8689	245	4363.5958	4364.9243
88	250.3479	249	4303.7881	4306.0043
89	250.2645	254	4323.1822	4325.5329
90	250.8693	239	4265.1536	4266.3780
91	249.5360	249	4422.5991	4423.9555
92	250.1398	246	4225.6517	4226.2104
93	250.8480	247	4442.9353	4443.5853
94	250.7019	251	4226.0929	4226.7683
95	250.0776	239	4284.4051	4285.7848
96	250.8893	251	4305.1951	4306.0015
97	250.1189	246	4382.5941	4384.5240
98	250.0567	246	4304.9339	4306.1701
99	250.7232	243	4363.2340	4365.2209
100	250.3897	251	4382.6619	4384.6397
101	250.0147	251	4264.6761	4266.3929
102	250.8484	243	4344.1791	4345.0432
103	250.2859	241	4362.9232	4364.8805
104	250.8480	250	4302.5843	4305.6669
105	250.5982	240	4226.6254	4226.7832
106	250.5566	246	4344.3688	4345.3911
107	250.6397	245	4362.7058	4365.2111
108	248.8488	243	4382.5284	4384.4436
109	250.1607	243	4245.4041	4246.6219
110	250.8687	248	4403.1189	4404.4730
111	250.3483	241	4324.2849	4325.4014
112	250.5774	246	4323.7833	4325.2172
113	249.3694	250	4423.4737	4424.1651
114	250.1400	252	4363.1263	4364.8932
115	250.0359	247	4382.7254	4384.7866
116	251.5977	244	4205.3493	4207.4718
117	250.0775	244	4364.8974	4365.1878
118	250.2024	246	4225.6390	4227.1175
119	250.8483	242	4461.8760	4464.0128
120	250.8478	246	4323.1367	4325.3803
121	250.2234	244	4323.3493	4325.9079
122	250.3271	251	4382.9379	4384.3310
123	250.1402	243	4363.1923	4365.2594
124	250.7647	253	4344.3481	4345.4193
125	250.1194	245	4324.0057	4325.2717
126	250.4106	244	4284.9228	4285.9465
127	250.1197	242	4500.8139	4503.2128
128	250.4940	246	4422.6617	4424.3434
129	250.2024	248	4382.8820	4384.7105
130	250.6604	245	4265.1936	4266.1239
131	250.5980	240	4206.0832	4207.1336
132	250.5357	244	4344.4166	4345.3197
133	250.4731	245	4422.2110	4424.0581
134	250.6815	245	4344.1012	4345.5265
135	250.4941	248	4442.1349	4443.8972
136	251.6603	245	4363.4457	4365.3218
137	250.3485	250	4463.1097	4463.3309
138	251.2439	244	4303.7099	4305.6512
139	250.6817	249	4422.7651	4424.0918
140	250.9317	244	4483.1503	4483.2827
141	250.0570	244	4344.1610	4345.1540
142	250.9105	246	4403.9209	4404.4433
143	250.4316	250	4404.0864	4404.4684
144	250.3062	248	4305.1822	4305.7368
145	250.1815	251	4382.8187	4385.1120
146	250.9309	245	4127.3295	4127.8379
147	250.1610	247	4285.0913	4285.9484
148	249.5358	247	4245.3107	4246.4638
149	250.4937	245	4225.2106	4226.6640
150	250.4730	245	4184.8766	4187.5098
151	250.5774	244	4402.8350	4404.1781
152	250.8062	246	4265.2199	4266.2956
153	250.1817	242	4264.1728	4266.4832
154	250.4519	250	4304.0980	4305.9993
155	250.5773	245	4324.1880	4325.4543
156	250.8477	245	4224.4706	4226.7665
157	250.0985	245	4383.2793	4384.8447
158	250.4312	246	4166.2395	4167.3964
159	250.0358	244	4284.1571	4285.7977
160	250.9102	253	4322.9539	4325.9036
161	250.0149	252	4303.9763	4305.6234
162	250.5357	246	4206.0467	4207.4189
163	250.3483	244	4402.7181	4404.4630
164	250.5566	244	4363.6261	4365.1915
165	250.6814	250	4304.0362	4305.5675
166	250.4940	246	4343.2351	4345.5401
167	250.5358	245	4362.4431	4365.0631
168	250.4942	250	4403.3196	4404.3558
169	250.4938	247	4244.5396	4246.5301
170	250.2441	245	4225.1814	4226.7883
171	250.4524	245	4383.5366	4384.5838
172	250.1815	250	4324.7725	4325.0517
173	250.5355	247	4167.5861	4167.8463
174	250.8481	245	4383.3367	4384.7336
175	250.7231	249	4284.9887	4286.2667
176	248.8273	252	4304.2776	4305.7193
177	250.6399	249	4482.4138	4483.6427
178	250.2649	245	4284.9238	4286.0097
179	249.7649	248	4304.1623	4306.3973
180	250.8478	252	4343.4271	4345.4344
181	250.5564	243	4245.0514	4246.3781
182	250.4522	249	4362.7084	4364.8268
183	250.6813	249	4422.3077	4424.3183
184	250.5144	252	4285.3405	4286.1855
185	250.4940	243	4344.5373	4345.2856
186	250.6813	249	4344.5945	4345.1981
187	250.2022	246	4265.0606	4266.1594
188	250.0774	248	4363.6733	4365.0434
189	250.4733	245	4384.5424	4384.9473
190	250.2440	250	4363.5266	4365.3698
191	250.7230	247	4325.1071	4325.4926
192	250.8066	247	4285.4835	4286.5673
193	250.3484	251	4482.1840	4483.4867
194	250.7852	250	4264.7699	4265.9978
195	250.3066	248	4304.7012	4305.7658
196	250.9106	248	4304.2864	4305.7472
197	251.7226	249	4323.8966	4325.5121
198	249.5572	247	4403.7004	4404.3230
199	250.5151	250	4403.4129	4404.4454
200	250.7441	249	4521.2774	4522.9373
201	250.8066	242	4403.5496	4404.5098
202	250.2858	244	4364.2763	4364.8815
203	250.1608	251	4284.7748	4286.2116
204	250.6817	240	4382.4865	4384.8818
205	250.0986	246	4403.1744	4404.1822
206	250.3689	247	4245.7539	4246.4476
207	250.0151	248	4402.8463	4404.4119
208	250.2436	251	4226.2009	4226.0620
209	250.7643	251	4264.3323	4266.4644
210	250.5152	251	4442.0643	4443.8331
211	250.6812	246	4324.0109	4325.4152
212	251.5559	252	4383.7344	4384.9164
213	250.5566	248	4284.8754	4285.9304
214	250.8276	241	4345.3792	4345.3290
215	250.3898	243	4304.7978	4306.1443
216	250.3691	251	4441.2027	4444.2287
217	250.7645	246	4205.2376	4206.6890
218	251.0354	243	4263.5120	4265.9271
219	251.1190	248	4462.2235	4463.5082
220	251.3270	249	4343.3510	4345.1645
221	250.8064	244	4304.3128	4306.0543
222	250.4519	248	4225.6311	4226.8488
223	250.3690	244	4382.5909	4384.7260
224	250.3484	251	4384.7048	4384.8079
225	250.7234	244	4384.2591	4384.8805
226	250.1816	243	4382.9430	4385.0456
227	250.6814	245	4342.7873	4345.3219
228	250.4524	247	4383.0379	4384.9247
229	250.4316	246	4383.5514	4384.8295
230	250.5149	246	4284.0949	4285.8039
231	250.2855	249	4324.8640	4325.3009
232	250.3896	245	4127.6998	4127.9993
233	250.0565	246	4342.4187	4344.8757
234	250.6397	247	4284.2819	4285.9880
235	250.7233	248	4383.0316	4384.6106
236	250.3063	247	4304.0527	4305.8853
237	250.0149	251	4463.2864	4463.8463
238	251.6599	250	4243.9379	4246.0317
239	250.5565	246	4480.7408	4483.2773
240	250.7647	251	4401.9025	4404.2849
241	250.4522	247	4265.5077	4265.9616
242	250.6603	251	4323.4893	4325.4203
243	250.2440	244	4264.5692	4266.5813
244	250.6605	246	4421.6501	4424.0926
245	251.6601	251	4343.9046	4345.4824
246	250.2647	247	4264.4582	4266.1624
247	250.6815	249	4443.2315	4444.0912
248	250.4107	248	4462.9618	4463.5566
249	250.8689	248	4303.3156	4305.6031
250	251.2432	254	4245.7203	4246.4600
251	250.3896	246	4127.6392	4127.9006
252	250.1611	249	4461.2509	4464.0291
253	250.5148	248	4364.5115	4364.9793
254	250.7018	254	4224.2732	4226.5597
255	250.1814	248	4283.5213	4285.9079
256	250.4106	250	4383.4303	4384.7729
257	250.2438	251	4205.6639	4207.2243
258	250.7017	252	4264.6544	4266.1751
259	250.7649	245	4422.6845	4424.0906
260	250.5151	245	4520.9148	4522.4662
261	250.2444	246	4343.2111	4345.1785
262	250.0149	247	4303.9880	4305.7692
263	250.4315	246	4362.6596	4365.4658
264	250.7234	240	4304.5942	4305.3678
265	251.2226	251	4264.6427	4265.9477
266	250.3481	246	4324.6362	4325.5539
267	250.0566	248	4284.8149	4285.6614
268	251.0349	246	4047.6916	4048.8960
269	250.1814	247	4364.3876	4364.9949
270	250.4731	249	4423.5290	4424.0650
271	250.7643	253	4264.9797	4265.8514
272	249.2863	250	4344.1771	4345.5130
273	250.1604	244	4264.8955	4266.1572
274	250.1609	244	4403.1403	4404.6666
275	250.1190	246	4324.6211	4325.6234
276	250.5979	249	4363.6473	4365.0129
277	250.5565	247	4402.3868	4404.3974
278	250.0361	245	4423.5621	4424.3855
279	250.5771	246	4226.4387	4226.8908
280	249.7026	246	4363.4015	4365.1646
281	250.2857	245	4421.0313	4424.4577
282	250.7231	249	4422.7884	4424.3548
283	250.7857	248	4343.9780	4345.1950
284	250.0356	245	4186.0177	4187.3800
285	249.2652	240	4263.5231	4266.0340
286	250.7024	247	4382.7577	4384.9233
287	250.4733	251	4404.1597	4404.3592
288	250.6604	246	4325.6300	4325.8375
289	250.4105	252	4384.2986	4384.9964
290	250.3898	247	4383.4254	4384.6292
291	250.5148	245	4323.1884	4325.4178
292	250.2863	243	4580.7243	4582.0795
293	250.8267	246	4146.0244	4147.4471
294	250.2229	243	4245.4946	4246.3501
295	250.9313	252	4363.6859	4365.0312
296	250.5979	247	4265.9152	4266.2688
297	250.8067	245	4501.8174	4503.1039
298	250.7437	243	4205.8147	4207.2869
299	249.3899	245	4264.5019	4266.2431
300	250.4731	246	4344.3097	4344.9096
301	250.5979	243	4185.7084	4186.9739
302	250.2227	256	4244.9508	4246.6760
303	250.5145	246	4145.3919	4147.7656
304	250.5982	249	4403.8815	4404.5450
305	250.0569	238	4166.4747	4167.5337
306	250.4104	249	4343.2374	4345.2912
307	250.4940	247	4363.5364	4365.0391
308	250.0566	246	4303.5733	4305.8459
309	249.9526	248	4422.0692	4424.0157
310	250.6604	248	4187.0187	4187.6775
311	250.7650	244	4443.2303	4443.8902
312	250.6189	249	4322.7749	4325.4748
313	250.1818	243	4342.0751	4345.3905
314	250.3276	249	4482.3275	4483.6897
315	250.8479	249	4343.9040	4345.3458
316	250.4317	244	4403.4650	4404.3992
317	249.8276	244	4246.3202	4246.4437
318	250.2235	244	4421.5705	4424.3257
319	250.2439	243	4186.4212	4187.3085
320	251.5976	247	4284.5948	4286.0660
321	250.6606	242	4343.3536	4345.2958
322	250.0773	248	4264.4086	4266.4861
323	251.5562	245	4324.5279	4325.6565
324	251.5354	250	4344.1794	4345.1905
325	251.6604	244	4383.3069	4384.8729
326	250.7854	252	4382.9424	4385.0269
327	250.3894	246	4186.3677	4187.2368
328	250.4105	249	4285.0663	4285.8547
329	250.9104	251	4264.6392	4266.2465
330	250.5148	249	4421.6535	4424.1052
331	250.9310	248	4283.5548	4285.9589
332	250.7438	245	4225.3015	4226.4004
333	250.0981	248	4323.2939	4325.6735
334	250.4937	248	4303.9110	4305.7878
335	250.6606	246	4344.0720	4345.1141
336	250.2440	246	4285.3460	4285.5991
337	250.5775	245	4284.0250	4286.2391
338	250.4524	241	4206.0045	4206.9486
339	250.6814	252	4303.6698	4305.8276
340	250.3694	242	4284.0949	4285.8084
341	249.7232	247	4303.9558	4305.8535
342	251.3477	245	4304.7086	4305.7932
343	250.8897	248	4306.0154	4305.9680
344	250.4312	247	4264.8952	4266.5675
345	250.8691	243	4324.0019	4325.2506
346	250.4318	238	4263.7564	4266.5787
347	250.2648	250	4246.3885	4246.4939
348	250.8691	247	4462.2389	4463.6639
349	250.2857	246	4342.3750	4345.2201
350	250.8065	240	4305.7487	4305.5733
351	250.2445	249	4522.2350	4522.8270
352	250.3271	248	4244.6906	4246.4204
353	251.5562	249	4363.6865	4365.2157
354	250.1817	249	4363.1926	4365.0194
355	250.3064	253	4403.6590	4404.3098
356	250.3065	248	4422.2451	4424.1019
357	250.0568	246	4383.1193	4384.7643
358	250.5774	246	4422.6887	4424.3885
359	250.9313	250	4402.5922	4404.6422
360	250.3899	245	4323.2549	4325.2744
361	250.9314	249	4362.3807	4364.9779
362	249.4943	241	4264.7492	4266.1332
363	250.0358	246	4304.4785	4305.5358
364	250.2854	250	4165.8897	4167.3918
365	250.5357	246	4343.8965	4345.1566
366	250.4724	251	4107.8076	4108.1054
367	250.8692	246	4422.4778	4424.1405
368	250.2857	244	4284.9721	4285.9942
369	250.4522	246	4265.1936	4265.9889
370	250.5565	246	4265.4389	4266.3154
371	250.8271	246	4343.0494	4345.7059
372	250.0980	252	4324.0057	4325.6597
373	250.0357	247	4283.9235	4285.7990
374	250.4524	243	4304.6649	4305.7358
375	250.8271	252	4383.3636	4384.5674
376	250.8686	247	4324.4959	4325.6144
377	250.9108	246	4402.5325	4404.8227
378	250.3898	252	4324.1380	4325.4229
379	250.7856	246	4323.7543	4325.6281
380	250.1815	246	4303.7017	4305.9175
381	251.1602	247	4285.8546	4285.9543
382	250.5152	246	4402.8031	4404.8653
383	250.8065	247	4422.6576	4424.3793
384	250.3687	243	4266.1032	4266.4688
385	250.0775	248	4362.8160	4364.9872
386	250.4733	246	4382.7669	4384.8565
387	250.3689	244	4304.4682	4305.9962
388	250.5561	246	4205.4785	4206.7783
389	250.2230	249	4422.0100	4423.9820
390	250.1400	247	4344.5475	4345.4487
391	248.8074	244	4304.1654	4305.7545
392	250.5564	248	4323.0593	4325.3066
393	250.8268	251	4324.0365	4325.6021
394	250.0361	244	4403.6934	4404.5293
395	250.8478	244	4185.9392	4187.1300
396	250.3900	247	4343.6790	4345.0522
397	250.0776	242	4283.6274	4285.8063
398	250.7853	242	4265.1644	4266.1111
399	250.4110	242	4343.4314	4345.0075
400	250.8477	249	4165.4093	4167.8026
401	249.6193	237	4205.5334	4206.6740
402	250.6604	245	4266.6235	4266.3877
403	249.8692	246	4284.8699	4285.9455
404	250.2859	246	4323.8050	4325.3349
405	250.1398	244	4304.3805	4305.6784
406	250.1193	243	4362.9404	4365.0786
407	250.1195	237	4304.6149	4305.8275
408	248.9740	245	4246.7341	4246.2390
409	250.0568	248	4404.6278	4404.4945
410	250.0565	250	4284.7536	4285.8308
411	250.2436	248	4246.8167	4246.4542
412	250.6398	248	4442.8934	4444.1302
413	250.7854	249	4304.6341	4305.6824
414	250.7437	251	4165.3445	4167.1658
415	251.4518	248	4402.0632	4404.7396
416	250.8065	247	4403.5512	4404.8180
417	250.2440	249	4304.1905	4305.8740
418	250.5979	251	4284.0158	4285.6912
419	250.5768	247	4244.5312	4246.0221
420	250.9102	247	4225.0695	4226.6190
421	249.9112	242	4383.7478	4384.5292
422	250.3480	247	4302.9132	4305.8881
423	250.2851	253	4264.8472	4266.2593
424	250.0561	252	4303.7955	4305.6310
425	249.5985	247	4264.7577	4266.0667
426	250.1194	244	4383.7160	4384.9149
427	251.0149	247	4284.7567	4285.8427
428	250.8893	248	4224.8233	4227.0718
429	250.2023	243	4364.2007	4364.9203
430	250.8896	245	4264.4434	4266.4283
431	249.2863	245	4383.5118	4384.9301
432	250.7649	251	4443.5311	4443.8297
433	250.5773	245	4383.5950	4384.7318
434	250.2235	246	4362.9923	4364.5743
435	250.6190	246	4244.7669	4246.6132
436	250.2649	245	4205.1791	4206.8782
437	250.5567	243	4284.1516	4286.1348
438	249.8064	249	4345.2661	4345.2446
439	250.4317	245	4404.3299	4404.2815
440	250.9108	247	4383.0434	4384.5279
441	250.2232	243	4362.7910	4365.2863
442	250.0571	244	4382.7563	4384.7833
443	250.2858	246	4440.8279	4443.9234
444	250.8686	251	4324.8388	4325.4875
445	250.6812	248	4324.4276	4325.8183
446	250.0983	243	4264.7219	4266.2989
447	250.5354	244	4284.3908	4286.1604
448	250.4732	244	4283.9015	4286.3249
449	250.4940	251	4362.8904	4365.0219
450	250.7021	246	4265.1449	4266.3130
451	250.3897	246	4305.5166	4305.6932
452	250.8485	244	4443.5490	4443.9749
453	251.7226	248	4323.5184	4325.4246
454	249.7857	243	4206.1485	4207.2816
455	250.5778	243	4323.3942	4325.5487
456	250.8272	249	4323.1321	4325.2588
457	250.8481	245	4441.1961	4444.1991
458	250.5148	246	4265.5799	4265.9173
459	250.1608	248	4422.2027	4424.0932
460	250.1399	246	4324.2607	4325.2826
461	250.3692	246	4344.8112	4345.0736
462	249.1403	244	4265.2470	4266.2944
463	250.0774	244	4344.3360	4345.1750
464	250.3064	251	4363.2928	4364.7881
465	250.0152	244	4423.1422	4424.6735
466	251.6187	247	4384.2520	4384.6582
467	250.7853	249	4363.7209	4364.8414
468	250.9315	244	4364.5990	4365.1312
469	250.9101	248	4205.2912	4206.8674
470	250.4731	247	4343.0891	4345.2547
471	250.0355	247	4185.9870	4187.2298
472	250.2439	246	4204.5628	4207.2604
473	250.7021	243	4245.1882	4246.5915
474	250.5147	248	4324.0400	4325.4978
475	250.3063	247	4245.4326	4246.7799
476	250.0772	248	4244.4874	4246.4830
477	250.4317	246	4402.0103	4404.3824
478	250.2443	249	4264.2571	4266.2828
479	250.4941	245	4225.3185	4226.5963
480	251.6398	242	4402.0963	4404.6918
481	250.8691	247	4482.6951	4483.3457
482	250.2439	249	4343.1745	4345.4318
483	251.1811	247	4285.0042	4285.7147
484	250.5565	248	4422.0156	4424.2848
485	250.6396	248	4343.6170	4345.1497
486	250.8060	255	4343.7763	4345.3983
487	250.1187	249	4205.1326	4206.8488
488	250.0358	248	4382.7767	4384.7087
489	250.2230	246	4264.8069	4266.2425
490	250.7020	250	4323.6817	4325.6273
491	250.8065	252	4502.9397	4503.4464
492	250.1815	246	4303.8527	4305.3545
493	250.1817	241	4323.9057	4325.3811
494	250.6810	250	4146.5268	4147.8866
495	250.5148	248	4403.0132	4404.5988
496	249.7652	243	4205.1703	4207.2904
497	251.3476	249	4284.8962	4285.7147
498	250.8273	243	4384.0346	4384.8437
499	250.1192	245	4362.5947	4365.0684
500	250.8689	242	4343.3252	4345.2198
501	250.1193	244	4304.2668	4305.8257
502	250.4523	250	4442.8208	4443.9184
503	250.2025	247	4266.1162	4266.5317
504	251.2645	251	4423.2139	4423.9576
505	251.3479	246	4402.3874	4404.5232
506	250.7442	249	4462.4508	4463.5063
507	251.6808	247	4305.4655	4305.8662
508	250.0985	246	4540.8254	4542.7800
509	248.6195	246	4304.3494	4305.5951
510	250.9315	242	4343.6713	4345.2358
511	250.3898	246	4245.4029	4246.5661
512	250.2234	241	4382.9067	4384.6345
513	250.3274	239	4244.6022	4246.5885
514	250.2439	245	4205.1552	4206.9778
515	250.3483	243	4325.3354	4325.5436
516	250.0151	248	4402.1702	4404.4694
517	250.8274	244	4382.8971	4384.6525
518	250.3061	242	4106.5392	4108.4410
519	250.3273	251	4342.5562	4345.2374
520	250.7227	243	4126.7366	4128.1401
521	250.1606	244	4283.9863	4286.0649
522	250.4313	246	4263.8500	4266.0074
523	250.3272	248	4384.0263	4384.4786
524	250.8063	248	4304.8008	4305.9059
525	251.1812	248	4245.0941	4246.6770
526	251.4727	248	4343.0259	4345.1032
527	251.3271	243	4344.0931	4345.0791
528	250.2648	253	4303.7795	4305.5092
529	250.1399	244	4244.8694	4246.3649
530	250.6396	244	4264.9118	4266.3273
531	251.6809	242	4225.4889	4226.8662
532	250.0148	247	4363.4545	4364.8484
533	250.8685	247	4304.7431	4305.7988
534	250.7229	246	4224.2284	4226.7256
535	250.0153	243	4422.3725	4424.2946
536	250.2441	245	4304.0901	4305.6028
537	250.4734	243	4324.4025	4325.5235
538	250.1606	250	4304.2635	4305.7819
539	249.6816	245	4245.1216	4246.2756
540	250.1608	246	4265.4754	4266.3678
541	250.2022	248	4343.9271	4344.7519
542	250.1608	248	4403.8494	4404.4234
543	248.5984	249	4205.8093	4206.8256
544	250.6396	253	4303.4773	4305.6193
545	250.7227	250	4286.3913	4285.8379
546	250.4105	248	4343.5302	4345.4086
547	250.6812	251	4264.5144	4266.2954
548	250.8276	248	4462.8266	4463.4320
549	250.6191	248	4482.1409	4483.2533
550	250.4315	248	4443.7249	4444.5046
551	250.5147	243	4244.6929	4246.4836
552	250.1192	249	4245.1307	4246.4623
553	250.2859	250	4403.7344	4404.5409
554	249.9942	245	4384.4576	4384.8267
555	250.1814	244	4284.1752	4286.1337
556	250.7023	248	4443.6893	4444.0915
557	249.9317	250	4284.6028	4286.2061
558	250.4939	246	4402.8891	4404.6224
559	250.8688	247	4344.1852	4345.3546
560	250.8686	250	4185.0288	4187.0137
561	250.7855	247	4285.9343	4286.0026
562	250.6604	246	4323.9474	4325.5209
563	250.1402	250	4462.6352	4463.6703
564	250.7229	248	4324.5922	4325.2785
565	250.4316	247	4382.7508	4384.6950
566	250.3064	245	4323.2041	4325.6060
567	250.7437	248	4304.4766	4305.6695
568	250.1815	243	4284.0711	4285.6394
569	250.2654	250	4520.5882	4523.2018
570	250.4313	251	4344.3511	4345.2215
571	250.4313	247	4205.8514	4207.2884
572	250.1606	249	4383.9809	4384.6555
573	250.1811	248	4166.5607	4167.2765
574	250.1400	246	4343.7455	4345.2628
575	250.8066	248	4363.3352	4364.6115
576	250.2442	247	4463.0227	4463.8928
577	249.6403	248	4423.0729	4424.0688
578	250.8897	246	4343.4310	4345.5432
579	250.3895	253	4343.3286	4345.3754
580	250.8480	249	4362.8603	4364.7663
581	250.8062	247	4286.0777	4286.2421
582	249.2446	247	4363.5773	4364.7267
583	250.2861	240	4462.7037	4463.5406
584	250.5146	248	4244.6536	4246.6751
585	248.5156	245	4304.7804	4305.8602
586	251.2231	248	4402.6933	4405.0606
587	250.7642	252	4324.1191	4325.2822
588	250.7438	252	4324.7219	4325.4293
589	248.8693	247	4205.0348	4206.7720
590	250.9316	245	4442.6143	4444.0139
591	250.7440	244	4403.6300	4404.5217
592	250.4104	250	4344.0518	4345.3794
593	250.8480	245	4363.4698	4365.1518
594	250.3485	240	4363.2859	4365.2828
595	250.1189	246	4245.4415	4246.5743
596	250.4939	247	4421.9665	4424.2743
597	250.2232	246	4304.9148	4305.4065
598	251.3896	249	4403.0850	4404.4970
599	250.2436	251	4244.8609	4246.3649
600	250.2444	244	4343.9134	4345.1850
601	250.6606	247	4363.3689	4364.8332
602	250.5148	247	4422.7926	4424.0887
603	250.2023	248	4304.6608	4305.6971
604	250.3068	243	4384.0852	4384.8118
605	251.5563	247	4422.9797	4424.2234
606	250.3688	250	4304.4482	4305.2787
607	250.7438	250	4383.1025	4384.7887
608	250.1399	244	4324.6379	4325.5068
609	250.4732	251	4383.8388	4384.7217
610	251.3059	248	4245.2860	4246.3976
611	250.5357	248	4343.0582	4345.2128
612	250.7856	247	4461.7038	4463.6266
613	250.4936	249	4305.2537	4305.4048
614	250.3483	250	4364.1847	4365.1843
615	250.0355	248	4324.1344	4325.6645
616	251.0143	245	4245.8015	4246.5206
617	250.1608	246	4323.7961	4325.1441
618	250.6193	247	4501.1996	4503.3712
619	250.0773	246	4323.6772	4325.6813
620	250.2858	245	4363.6871	4364.7071
621	250.7442	239	4282.4128	4286.0986
622	250.2232	245	4304.4641	4305.6841
623	250.1191	247	4421.9833	4424.3146
624	250.8274	246	4482.6865	4483.6850
625	250.1612	243	4324.6817	4325.7123
626	250.7021	249	4324.2028	4325.8374
627	250.0772	247	4246.2684	4246.2501
628	250.4315	251	4522.4331	4522.6950
629	250.6182	252	4125.3284	4127.4856
630	250.4104	256	4362.8457	4364.8873
631	250.8475	250	4304.2749	4305.6385
632	250.7648	246	4403.5935	4403.9450
633	250.7021	243	4225.7972	4226.7733
634	250.5774	249	4345.3686	4345.6845
635	250.4317	242	4323.8710	4325.6106
636	250.7650	242	4364.3010	4364.7786
637	250.2231	248	4363.4082	4365.0969
638	251.5355	247	4363.5403	4365.2160
639	250.3272	248	4322.9671	4325.2970
640	251.5347	249	4186.2982	4187.1625
641	250.2025	247	4461.6274	4463.7273
642	249.0781	244	4462.2669	4463.7743
643	250.7228	247	4283.8835	4285.7324
644	249.4530	242	4266.3826	4266.3473
645	250.7857	246	4403.3384	4404.3772
646	250.2440	247	4283.8169	4285.9179
647	248.9742	240	4265.8747	4266.3990
648	249.2238	244	4422.8379	4424.2927
649	250.5769	250	4264.1957	4266.1494
650	250.2229	249	4185.9240	4186.9187
651	250.3692	243	4422.1937	4424.2156
652	250.6186	246	4185.2771	4187.1848
653	249.8064	248	4265.1268	4266.3920
654	250.4109	239	4324.1385	4325.3975
655	251.5559	252	4383.8739	4384.6691
656	250.8483	243	4482.5264	4483.6587
657	251.3059	252	4245.1925	4246.4617
658	250.8897	247	4363.6823	4365.3158
659	250.3695	243	4323.7583	4325.2129
660	250.3275	248	4305.3123	4305.6286
661	250.6819	241	4423.3997	4424.2253
662	250.6605	248	4343.7978	4345.6121
663	250.7021	249	4402.9309	4404.7441
664	250.5149	245	4364.9424	4365.2638
665	251.4723	251	4364.4546	4364.6645
666	249.6404	242	4482.8351	4483.3796
667	249.7020	248	4185.8331	4187.4684
668	250.1821	242	4403.1420	4404.3877
669	250.1608	243	4324.3636	4325.6557
670	250.8692	244	4481.0203	4483.2690
671	251.0146	244	4284.5325	4286.0881
672	250.8273	248	4265.1134	4265.9439
673	250.5568	239	4284.5977	4286.2515
674	250.7231	245	4401.6451	4404.2559
675	250.2647	247	4265.3460	4266.3090
676	250.2234	247	4402.5785	4404.3801
677	250.4526	246	4402.9691	4404.7683
678	250.3686	250	4263.7176	4265.9155
679	250.7855	249	4383.4241	4384.6957
680	249.9315	248	4323.0065	4325.3842
681	250.4939	245	4264.4902	4266.1071
682	250.7021	251	4403.7646	4404.6301
683	251.7224	249	4304.9147	4305.6082
684	250.9314	244	4264.2992	4266.2568
685	250.0567	247	4304.7475	4305.7172
686	250.1191	248	4264.7572	4266.1020
687	249.8278	245	4423.1327	4424.0909
688	250.6396	248	4284.6807	4286.0014
689	250.8689	244	4365.0858	4365.1012
690	250.5148	250	4342.7707	4344.8785
691	250.6399	241	4284.1413	4285.8280
692	250.2228	252	4324.7860	4325.6237
693	250.7230	250	4264.8451	4266.1837
694	249.5567	247	4323.4458	4325.6208
695	249.6195	245	4482.2311	4483.6766
696	250.8893	251	4226.7951	4226.2739
697	251.5555	252	4166.6359	4167.7218
698	249.5569	240	4126.2582	4127.8966
699	250.0980	245	4224.9539	4226.8218
700	250.1397	247	4244.7608	4246.5758
701	250.2028	245	4304.4591	4305.4649
702	250.1818	245	4344.0637	4345.2440
703	250.4311	245	4165.6174	4167.7269
704	250.3692	246	4284.6803	4285.9739
705	250.2233	249	4481.2754	4483.4913
706	251.1183	248	4265.8479	4266.0797
707	250.4106	248	4225.1142	4226.5890
708	250.5148	250	4363.8290	4364.5121
709	250.2855	248	4324.7326	4325.5575
710	250.9315	247	4443.2416	4444.1028
711	250.8064	250	4265.4166	4266.2241
712	250.2235	243	4402.7432	4404.3718
713	250.4944	246	4402.3884	4404.6011
714	250.3066	244	4422.7068	4424.3593
715	250.7645	249	4286.0769	4286.1497
716	250.2025	247	4402.7021	4404.4112
717	250.0356	247	4343.2798	4345.1004
718	250.3901	246	4363.8108	4365.0993
719	250.9313	248	4404.5945	4404.5756
720	250.8480	247	4304.4079	4305.5665
721	250.0776	248	4462.7819	4463.7282
722	250.6188	248	4284.9877	4286.3922
723	250.6189	242	4283.6083	4285.7306
724	250.8063	249	4442.2583	4444.0940
725	250.1609	245	4364.9689	4364.5447
726	250.0569	247	4482.8269	4483.7206
727	249.4737	247	4403.4868	4404.2613
728	250.5565	250	4344.0852	4345.1796
729	250.3065	244	4264.9003	4266.3115
730	250.4734	252	4344.2819	4345.1249
731	250.2858	244	4363.9802	4364.6774
732	250.7647	244	4245.3767	4246.3352
733	250.0148	250	4303.1797	4305.3644
734	251.0561	254	4344.0852	4345.3167
735	250.4944	244	4423.8655	4424.2657
736	250.2651	246	4343.6602	4345.0259
737	250.1608	246	4402.5879	4404.4725
738	250.7237	243	4441.9754	4444.1052
739	249.4110	250	4461.8745	4463.7067
740	250.4940	247	4284.3471	4285.9491
741	250.3480	246	4304.3330	4305.5156
742	250.0984	247	4382.7464	4384.5454
743	250.4938	250	4324.1738	4325.5559
744	250.1609	251	4383.3172	4384.7308
745	250.7022	249	4423.8527	4424.6017
746	251.2019	250	4364.5022	4364.9222
747	250.2856	249	4402.6534	4404.2440
748	250.9102	251	4303.5536	4306.1632
749	250.0564	248	4263.8767	4266.1944
750	250.9937	251	4383.7757	4384.6495
751	250.9315	248	4442.2528	4444.0889
752	250.8271	249	4363.5735	4364.8191
753	250.6187	249	4344.1842	4345.1223
754	250.2029	246	4264.6032	4265.9922
755	250.2227	251	4303.0878	4305.7540
756	250.3685	253	4244.8578	4246.2136
757	250.0357	245	4146.1974	4147.6541
758	250.8898	247	4224.7536	4226.8068
759	250.2232	247	4304.3396	4305.9683
760	250.0983	244	4265.2592	4265.9935
761	250.8685	250	4305.4890	4305.7596
762	251.3892	250	4285.4120	4286.1521
763	251.3272	246	4284.9003	4285.9268
764	250.2435	251	4224.6093	4226.5923
765	250.6187	247	4264.5820	4266.0890
766	250.4728	248	4224.6786	4226.8161
767	250.8477	250	4324.7825	4325.3239
768	248.6196	244	4225.8091	4226.5684
769	250.6399	242	4304.2075	4305.8220
770	250.6188	249	4304.3780	4305.9479
771	249.3691	249	4442.6897	4443.6088
772	249.3898	251	4265.1555	4265.8781
773	250.2855	246	4323.4988	4325.4260
774	249.3069	246	4363.0889	4364.8402
775	250.2854	251	4225.2302	4226.8383
776	250.9103	248	4323.7095	4325.1715
777	250.7234	248	4421.7360	4424.2244
778	251.3895	245	4383.3008	4384.8231
779	250.0976	248	4026.1360	4029.1427
780	250.0773	245	4265.5769	4265.8010
781	250.3278	246	4480.8514	4483.4540
782	250.5980	249	4383.8855	4384.3525
783	250.3483	248	4363.2584	4364.9439
784	250.7236	246	4501.9984	4503.2733
785	250.3897	245	4284.8389	4286.0033
786	250.3271	245	4146.7952	4147.3490
787	251.0562	248	4363.6588	4364.9275
788	251.1808	251	4323.9412	4325.5656
789	250.6609	251	4500.5762	4503.4896
790	250.1815	248	4244.2685	4246.5902
791	250.4942	243	4284.5644	4286.0828
792	250.1814	247	4305.1464	4305.6300
793	250.5559	247	4165.8207	4167.0107
794	250.1816	250	4343.8274	4344.8938
795	250.0355	246	4187.1782	4187.0068
796	250.8479	245	4264.7491	4266.3371
797	250.0569	243	4461.3263	4463.5455
798	250.0151	246	4462.5111	4463.2863
799	250.5357	252	4441.3280	4443.7396
800	250.0984	244	4363.6559	4364.9076
801	250.1396	245	4205.1175	4207.1448
802	250.9105	249	4423.2888	4424.5989
803	250.2442	246	4323.6821	4325.4003
804	250.1607	245	4324.4248	4325.4112
805	250.8480	254	4324.3703	4325.2925
806	249.6817	246	4205.7381	4207.1935
807	250.4315	249	4442.7322	4444.3254
808	250.9106	242	4264.9047	4266.1686
809	250.1604	247	4204.9584	4206.5731
810	250.2021	252	4305.5548	4305.6665
811	250.3272	245	4225.0336	4226.7251
812	250.2443	248	4402.8000	4404.5935
813	250.4312	252	4343.4104	4345.1587
814	250.4518	247	4145.8281	4147.8564
815	251.4102	248	4283.7261	4286.1661
816	250.3069	242	4383.7345	4384.4643
817	250.4311	248	4226.1002	4226.5941
818	250.0984	251	4323.8890	4325.6126
819	250.3066	248	4362.7778	4364.8130
820	250.8689	247	4304.1182	4305.6032
821	250.8062	248	4345.4924	4344.7817
822	250.3066	243	4343.7033	4345.3379
823	250.4524	247	4383.2585	4384.9016
824	251.2232	244	4345.3500	4345.5538
825	250.3064	245	4245.0432	4246.4116
826	251.5773	245	4442.8530	4444.0986
827	250.7433	248	4166.1157	4167.3782
828	250.7645	247	4285.6458	4286.0538
829	250.4106	247	4304.7413	4305.5925
830	250.7021	250	4262.9302	4266.3618
831	250.1194	240	4284.1195	4285.9724
832	250.3274	242	4324.3951	4325.3083
833	249.4319	244	4304.6800	4306.0808
834	250.4312	245	4166.3143	4167.6468
835	250.3273	250	4402.7832	4404.5990
836	250.7647	251	4402.8768	4404.5426
837	249.0572	251	4424.0490	4424.0600
838	250.4732	248	4442.5183	4443.5955
839	250.4522	247	4424.1653	4424.0339
840	250.3691	247	4324.4263	4325.6400
841	250.8065	249	4482.1077	4483.6612
842	250.6191	244	4382.3107	4384.9039
843	250.5563	247	4304.6650	4305.9948
844	250.4105	246	4305.1751	4305.9117
845	250.5148	248	4422.5219	4424.1404
846	250.0151	251	4481.9173	4483.5660
847	250.8061	249	4344.1391	4344.9758
848	251.6395	253	4481.4182	4482.9684
849	250.4103	248	4325.0174	4325.6650
850	250.6188	244	4264.8857	4266.4152
851	250.2233	248	4384.1968	4384.5720
852	250.8067	245	4364.2505	4365.1157
853	250.7652	242	4463.0107	4463.6409
854	249.6819	241	4364.4519	4365.1355
855	250.7854	246	4363.9209	4365.1226
856	250.3067	249	4521.1906	4522.8557
857	250.7438	249	4245.1859	4246.5903
858	251.2229	246	4225.5579	4226.8283
859	250.0567	248	4383.7707	4384.7668
860	249.3068	247	4206.2665	4207.3449
861	250.0570	246	4560.2261	4562.6679
862	250.8481	247	4384.0507	4384.7603
863	250.9313	246	4323.8444	4325.8540
864	250.7230	247	4264.7935	4266.4196
865	250.7439	244	4324.2837	4325.4683
866	250.3062	244	4204.2172	4207.0898
867	251.0976	251	4304.9461	4305.5925
868	250.4944	247	4345.4466	4345.1413
869	249.6403	245	4324.7227	4325.8149
870	250.0362	242	4364.6901	4365.1274
871	250.3486	243	4462.1420	4463.6846
872	250.3062	248	4225.2873	4226.6993
873	250.2439	248	4363.8898	4364.9116
874	250.6397	243	4264.5809	4265.9571
875	249.3280	240	4285.0574	4285.9922
876	250.7643	253	4343.7347	4345.3634
877	249.7024	247	4324.4601	4325.4842
878	250.8686	247	4323.8691	4325.3822
879	250.7643	245	4186.2498	4187.2600
880	250.8065	246	4402.3900	4404.4030
881	250.5565	251	4402.9398	4404.5892
882	250.8686	247	4244.9347	4246.6288
883	249.6193	247	4224.7932	4227.0103
884	250.3064	246	4166.7711	4167.5933
885	250.1608	236	4145.6524	4147.8044
886	250.8483	247	4402.4909	4404.7635
887	250.3068	248	4382.7142	4384.7938
888	250.1398	252	4404.2942	4404.8457
889	250.6816	245	4245.8113	4246.5046
890	251.6601	245	4324.0086	4325.5250
891	250.5983	243	4422.8528	4424.1850
892	250.2229	244	4244.7023	4246.4275
893	250.0983	246	4343.0544	4345.2165
894	250.5353	247	4363.6998	4364.9112
895	250.1815	249	4382.7958	4384.7395
896	250.4522	251	4304.5763	4305.5778
897	250.0151	248	4363.8783	4364.9397
898	251.2025	239	4343.8922	4345.1405
899	249.2863	250	4421.4861	4424.2084
900	249.5569	246	4284.3484	4286.1726
901	250.2648	246	4266.3679	4266.5678
902	250.1817	247	4421.5431	4424.5042
903	251.3061	251	4344.0097	4344.8685
904	250.3688	247	4363.1088	4364.8273
905	250.1401	243	4363.7396	4364.6980
906	250.6190	245	4226.4574	4226.9297
907	250.4105	250	4362.7172	4364.9716
908	250.3278	244	4344.6448	4345.0956
909	251.2433	249	4304.1981	4305.8681
910	250.8480	247	4283.7613	4285.7822
911	250.0358	247	4303.8917	4305.6646
912	250.2441	248	4363.2682	4364.6412
913	251.6183	248	4323.0083	4325.3757
914	250.2856	245	4325.8062	4325.5658
915	250.5773	249	4324.8781	4325.6140
916	250.0772	244	4245.7617	4246.1701
917	249.6400	250	4165.7444	4167.4881
918	250.7024	244	4285.0925	4286.0643
919	250.8271	247	4206.5722	4207.0753
920	250.1399	244	4325.0796	4325.4147
921	250.6187	254	4284.2879	4286.0491
922	250.5149	246	4362.4367	4365.3668
923	250.8065	246	4403.6935	4404.2496
924	250.3486	249	4422.7563	4424.5999
925	250.7437	247	4225.5120	4227.1336
926	250.6400	246	4423.2821	4423.9229
927	250.6186	245	4166.6756	4167.4877
928	250.5356	250	4423.3030	4424.4611
929	250.0568	245	4324.3607	4325.5903
930	250.7859	245	4443.3344	4443.9994
931	250.0354	248	4166.9460	4167.4891
932	250.4941	251	4461.2149	4463.5194
933	250.3896	248	4343.1155	4344.7315
934	250.5982	248	4402.9208	4404.4000
935	250.6189	248	4324.1997	4325.2374
936	250.7232	243	4422.2678	4423.9752
937	250.1606	248	4303.6975	4305.7205
938	250.7645	249	4303.7290	4305.5888
939	251.5976	241	4264.6977	4266.0840
940	250.4942	248	4462.2840	4463.8843
941	250.9103	248	4324.4782	4325.6867
942	250.7645	248	4305.3859	4305.4229
943	251.5145	248	4342.3861	4345.1167
944	250.1193	246	4284.7374	4286.0974
945	250.1191	247	4263.9055	4266.4562
946	250.0565	252	4285.3783	4285.8285
947	250.6189	244	4363.2910	4365.1308
948	249.4944	245	4363.2901	4364.9945
949	250.1610	242	4362.6494	4364.5190
950	250.2649	250	4304.5403	4306.1675
951	249.9732	247	4383.2372	4384.6296
952	250.7649	246	4363.1874	4364.7686
953	251.5979	248	4403.2576	4404.5636
954	250.3067	243	4363.2732	4365.2243
955	250.1400	247	4424.9288	4424.3333
956	250.2231	248	4363.0728	4365.0605
957	250.6818	247	4364.7201	4364.9623
958	250.2649	250	4383.7254	4384.7961
959	248.9322	250	4482.3774	4483.1750
960	250.7024	243	4303.4761	4305.6723
961	250.5979	248	4343.4803	4345.2790
962	250.8067	245	4422.9798	4423.9808
963	250.6397	241	4206.1730	4206.7201
964	250.8479	247	4344.2877	4345.0538
965	250.6188	249	4284.5445	4286.1666
966	250.4314	245	4264.2470	4265.7879
967	250.2857	246	4205.8410	4206.9338
968	250.3692	244	4422.8468	4424.2665
969	250.2858	246	4304.8367	4305.4933
970	250.1194	241	4442.5556	4443.9436
971	251.6815	247	4363.5859	4365.3369
972	250.8897	253	4522.2867	4523.3313
973	250.1815	248	4383.4750	4384.3169
974	250.2647	243	4245.2420	4246.4231
975	250.4525	241	4304.3401	4306.1546
976	250.5565	247	4344.0903	4345.2598
977	250.4316	252	4404.7132	4404.1671
978	250.7019	252	4304.4425	4305.6486
979	250.1606	245	4286.0096	4285.8146
980	250.1194	243	4383.9326	4385.0305
981	250.9311	249	4383.3938	4384.4512
982	250.0982	246	4403.5082	4404.1478
983	250.8891	249	4206.6393	4207.1049
984	251.3692	243	4461.6255	4463.5976
985	250.6815	243	4343.9639	4345.5841
986	250.1817	247	4205.8283	4207.0137
987	250.6191	247	4265.0420	4266.0438
988	251.6394	247	4362.9310	4365.3670
989	250.3690	245	4244.8444	4246.7084
990	251.4099	251	4245.3436	4246.5577
991	250.0570	246	4344.8301	4345.1297
992	250.3063	244	4304.4646	4305.5961
993	250.7648	249	4344.4996	4345.2598
994	250.0775	243	4284.6327	4285.8988
995	249.7649	250	4245.3018	4246.5780
996	250.7436	252	4284.0975	4286.3603
997	250.0567	246	4305.1068	4305.7715
998	250.7649	243	4402.2201	4404.4460
999	250.6190	248	4384.2332	4384.8931
1000	250.0774	246	4342.3642	4345.1407
