1	556	248	230	78	18	65	14	97
2	543	248	234	61	14	48	20	82
3	553	257	243	53	14	53	7	74
4	547	245	234	68	11	51	18	80
5	543	246	231	66	15	47	20	82
6	548	248	236	64	12	46	10	68
7	551	245	237	69	8	58	20	86
8	547	247	229	71	18	56	19	93
9	546	246	231	69	15	36	12	63
10	546	251	237	58	14	45	14	73
11	542	245	232	65	13	46	22	81
12	550	244	234	72	10	47	14	71
13	543	252	232	59	20	46	15	81
14	547	247	236	64	11	44	16	71
15	546	242	231	73	11	46	19	76
16	550	253	240	57	13	55	13	81
17	547	248	231	68	17	52	18	87
18	550	247	236	67	11	50	16	77
19	549	246	238	65	8	45	12	65
20	553	251	233	69	18	56	12	86
21	543	250	231	62	19	46	16	81
22	552	250	234	68	16	45	10	71
23	547	243	233	71	10	52	19	81
24	545	246	233	66	13	44	16	73
25	544	248	235	61	13	47	16	76
26	550	249	238	63	11	49	12	72
27	548	251	242	55	9	55	15	79
28	546	252	235	59	17	49	14	80
29	552	251	236	65	15	48	11	74
30	545	246	226	73	20	39	13	72
31	548	244	226	78	18	57	20	95
32	550	250	231	69	19	44	11	74
33	546	255	237	54	18	52	14	84
34	539	248	230	61	18	39	16	73
35	551	252	237	62	15	48	11	74
36	549	246	232	71	14	47	12	73
37	555	244	235	76	9	54	13	76
38	548	247	234	67	13	47	15	75
39	541	248	232	61	16	35	17	68
40	547	249	240	58	9	44	13	66
41	550	251	236	63	15	51	12	78
42	550	251	237	62	14	49	12	75
43	549	249	234	66	15	58	19	92
44	552	249	235	68	14	50	12	76
45	547	248	238	61	10	49	15	74
46	548	250	233	65	17	50	15	82
47	544	243	225	76	18	44	20	82
48	543	252	231	60	21	41	14	76
49	545	245	231	69	14	51	19	84
50	550	248	235	67	13	52	16	81
51	551	251	238	62	13	56	16	85
52	550	246	227	77	19	58	17	94
53	545	250	231	64	19	44	17	80
54	550	251	235	64	16	55	13	84
55	548	250	233	65	17	51	14	82
56	555	246	232	77	14	54	13	81
57	548	243	233	72	10	45	16	71
58	547	252	242	53	10	48	13	71
59	550	249	230	71	19	57	18	94
60	549	246	234	69	12	50	15	77
61	544	249	237	58	12	46	19	77
62	542	250	231	61	19	39	15	73
63	549	252	239	58	13	51	13	77
64	540	248	228	64	20	43	17	80
65	557	248	236	73	12	61	12	85
66	546	244	234	68	10	40	15	65
67	550	251	234	65	17	54	14	85
68	544	251	233	60	18	47	16	81
69	546	252	232	62	20	46	13	79
70	545	245	233	67	12	46	18	76
71	548	253	234	61	19	44	12	75
72	554	252	231	71	21	53	12	86
73	553	247	237	69	10	60	15	85
74	546	250	235	61	15	47	14	76
75	548	252	237	59	15	53	13	81
76	548	248	234	66	14	52	17	83
77	546	254	236	56	18	55	20	93
78	540	249	236	55	13	41	18	72
79	550	251	234	65	17	53	14	84
80	547	251	240	56	11	50	15	76
81	553	251	239	63	12	59	13	84
82	544	246	223	75	23	44	16	83
83	554	253	240	61	13	57	11	81
84	553	251	232	70	19	61	16	96
85	549	252	234	63	18	49	12	79
86	552	251	234	67	17	56	9	82
87	542	247	237	58	10	46	20	76
88	552	252	230	70	22	56	12	90
89	545	251	226	68	25	47	13	85
90	548	250	231	67	19	53	15	87
91	543	251	237	55	14	48	19	81
92	540	247	234	59	13	43	18	74
93	544	244	234	66	10	48	20	78
94	550	248	232	70	16	55	13	84
95	551	253	238	60	15	56	12	83
96	551	251	239	61	12	52	11	75
97	546	253	237	56	16	45	16	77
98	549	250	234	65	16	50	13	79
99	547	246	231	70	15	40	11	66
100	540	247	234	59	13	43	23	79
101	546	243	227	76	16	51	19	86
102	542	246	228	68	18	48	20	86
103	549	251	234	64	17	48	12	77
104	551	249	237	65	12	54	16	82
105	552	248	238	66	10	50	12	72
106	552	255	236	61	19	55	10	84
107	543	246	227	70	19	48	20	87
108	546	253	233	60	20	59	18	97
109	551	249	234	68	15	52	15	82
110	549	252	238	59	14	45	12	71
111	552	254	235	63	19	49	7	75
112	551	250	232	69	18	46	10	74
113	547	249	234	64	15	56	19	90
114	556	256	242	58	14	69	11	94
115	547	241	230	76	11	43	18	72
116	553	249	236	68	13	58	16	87
117	551	250	240	61	10	54	12	76
118	545	247	232	66	15	37	12	64
119	545	250	234	61	16	41	13	70
120	550	243	229	78	14	50	15	79
121	548	246	235	67	11	53	17	81
122	548	251	231	66	20	47	10	77
123	547	247	233	67	14	48	16	78
124	544	244	233	67	11	43	17	71
125	540	249	237	54	12	44	19	75
126	546	245	229	72	16	53	23	92
127	549	243	234	72	9	47	15	71
128	552	249	240	63	9	65	20	94
129	546	253	235	58	18	44	11	73
130	542	246	228	68	18	42	20	80
131	556	254	238	64	16	61	11	88
132	550	249	228	73	21	51	12	84
133	546	247	230	69	17	47	16	80
134	542	245	232	65	13	43	19	75
135	549	256	242	51	14	57	15	86
136	546	243	226	77	17	40	16	73
137	552	250	239	63	11	56	15	82
138	551	248	237	66	11	51	13	75
139	548	247	231	70	16	47	18	81
140	540	251	231	58	20	47	19	86
141	544	248	235	61	13	42	14	69
142	546	249	228	69	21	47	14	82
143	544	250	238	56	12	48	16	76
144	546	245	227	74	18	45	21	84
145	554	250	238	66	12	57	12	81
146	545	252	242	51	10	46	16	72
147	545	246	235	64	11	49	18	78
148	544	254	237	53	17	30	7	54
149	550	255	239	56	16	52	12	80
150	551	250	231	70	19	61	18	98
151	560	252	239	69	13	70	11	94
152	551	250	238	63	12	57	15	84
153	556	250	236	70	14	58	9	81
154	551	250	232	69	18	54	15	87
155	543	251	233	59	18	45	18	81
156	548	249	228	71	21	40	10	71
157	548	248	232	68	16	50	14	80
158	545	249	237	59	12	49	18	79
159	547	250	241	56	9	45	13	67
160	546	245	236	65	9	48	19	76
161	545	248	233	64	15	57	21	93
162	545	249	231	65	18	42	13	73
163	548	254	235	59	19	51	14	84
164	543	250	232	61	18	42	15	75
165	547	248	232	67	16	54	19	89
166	545	249	230	66	19	45	13	77
167	546	246	234	66	12	42	12	66
168	551	254	235	62	19	54	12	85
169	547	246	233	68	13	48	13	74
170	552	252	237	63	15	53	10	78
171	550	246	230	74	16	45	13	74
172	553	246	235	72	11	59	16	86
173	556	241	235	80	6	53	16	75
174	545	251	238	56	13	39	12	64
175	554	252	234	68	18	70	15	103
176	554	251	243	60	8	56	8	72
177	541	250	234	57	16	38	14	68
178	554	247	233	74	14	51	10	75
179	554	253	242	59	11	63	13	87
180	543	251	226	66	25	49	15	89
181	546	251	230	65	21	45	13	79
182	552	246	232	74	14	50	13	77
183	552	246	232	74	14	54	14	82
184	550	248	238	64	10	58	15	83
185	552	248	233	71	15	55	13	83
186	552	251	234	67	17	61	16	94
187	547	248	236	63	12	43	15	70
188	542	246	231	65	15	32	18	65
189	551	255	236	60	19	57	11	87
190	549	249	234	66	15	47	11	73
191	549	252	236	61	16	43	9	68
192	545	245	235	65	10	60	25	95
193	550	250	229	71	21	55	16	92
194	544	252	233	59	19	46	16	81
195	553	243	234	76	9	53	12	74
196	549	248	228	73	20	49	14	83
197	546	251	230	65	21	41	12	74
198	550	242	231	77	11	46	13	70
199	546	245	234	67	11	43	16	70
200	554	254	242	58	12	72	17	101
201	548	246	234	68	12	42	15	69
202	552	253	237	62	16	58	12	86
203	550	251	238	61	13	45	10	68
204	547	253	237	57	16	45	12	73
205	548	250	233	65	17	46	11	74
206	551	245	237	69	8	46	14	68
207	552	249	236	67	13	48	10	71
208	549	251	233	65	18	51	14	83
209	553	249	240	64	9	50	11	70
210	552	251	240	61	11	58	11	80
211	548	251	231	66	20	44	12	76
212	558	254	239	65	15	67	11	93
213	551	248	226	77	22	51	13	86
214	551	247	234	70	13	51	15	79
215	552	256	242	54	14	54	12	80
216	544	252	232	60	20	48	14	82
217	543	250	233	60	17	43	15	75
218	545	251	236	58	15	52	17	84
219	549	247	239	63	8	50	16	74
220	546	249	232	65	17	49	14	80
221	552	256	240	56	16	62	14	92
222	550	252	236	62	16	46	9	71
223	548	246	238	64	8	46	18	72
224	549	244	237	68	7	47	17	71
225	548	254	234	60	20	53	13	86
226	552	243	232	77	11	45	13	69
227	545	247	236	62	11	40	16	67
228	548	252	238	58	14	49	13	76
229	547	252	237	58	15	54	17	86
230	548	252	234	62	18	51	15	84
231	543	247	235	61	12	38	16	66
232	548	249	235	64	14	54	17	85
233	557	250	237	70	13	61	8	82
234	545	253	231	61	22	51	14	87
235	554	250	239	65	11	54	11	76
236	551	250	238	63	12	56	12	80
237	542	253	234	55	19	48	19	86
238	552	248	236	68	12	54	17	83
239	548	252	235	61	17	50	12	79
240	545	253	234	58	19	46	13	78
241	547	248	232	67	16	42	13	71
242	547	250	235	62	15	49	14	78
243	548	249	239	60	10	48	15	73
244	546	252	241	53	11	49	15	75
245	554	248	241	65	7	54	10	71
246	547	250	236	61	14	43	13	70
247	550	254	239	57	15	57	12	84
248	540	246	229	65	17	29	16	62
249	546	246	234	66	12	53	21	86
250	549	250	237	62	13	47	11	71
251	542	251	230	61	21	39	14	74
252	550	252	233	65	19	53	16	88
253	549	251	232	66	19	45	9	73
254	539	250	232	57	18	44	19	81
255	549	250	232	67	18	44	10	72
256	545	245	232	68	13	43	17	73
257	547	253	235	59	18	47	14	79
258	547	247	236	64	11	43	13	67
259	546	249	236	61	13	56	18	87
260	550	251	239	60	12	49	11	72
261	549	245	235	69	10	49	14	73
262	545	250	233	62	17	41	19	77
263	545	250	231	64	19	52	19	90
264	549	249	234	66	15	52	15	82
265	549	251	231	67	20	55	15	90
266	542	249	237	56	12	40	14	66
267	549	252	236	61	16	48	12	76
268	560	254	241	65	13	66	9	88
269	539	245	227	67	18	43	21	82
270	548	249	226	73	23	58	18	99
271	552	253	237	62	16	59	12	87
272	542	245	227	70	18	39	20	77
273	550	254	235	61	19	55	14	88
274	553	249	237	67	12	66	18	96
275	551	251	239	61	12	49	10	71
276	547	247	236	64	11	52	19	82
277	547	246	232	69	14	51	17	82
278	556	254	239	63	15	55	7	77
279	546	249	235	62	14	49	16	79
280	543	246	231	66	15	38	15	68
281	544	251	235	58	16	37	14	67
282	548	251	233	64	18	52	15	85
283	551	251	236	64	15	49	10	74
284	542	245	228	69	17	45	19	81
285	552	252	237	63	15	54	12	81
286	543	248	228	67	20	48	20	88
287	550	249	233	68	16	52	13	81
288	547	246	235	66	11	46	15	72
289	550	248	239	63	9	49	13	71
290	550	254	236	60	18	50	12	80
291	546	247	231	68	16	46	16	78
292	552	244	230	78	14	44	10	68
293	547	249	237	61	12	47	13	72
294	549	248	237	64	11	50	12	73
295	548	251	236	61	15	56	17	88
296	550	249	232	69	17	52	11	80
297	549	255	233	61	22	48	10	80
298	548	249	237	62	12	46	13	71
299	550	249	229	72	20	50	12	82
300	550	248	233	69	15	50	16	81
301	549	247	236	66	11	55	19	85
302	552	251	235	66	16	53	9	78
303	550	247	236	67	11	58	17	86
304	549	246	236	67	10	52	17	79
305	548	250	229	69	21	47	13	81
306	550	254	238	58	16	59	15	90
307	555	251	240	64	11	57	11	79
308	540	248	227	65	21	43	18	82
309	547	255	234	58	21	51	12	84
310	556	249	240	67	9	62	12	83
311	552	253	235	64	18	55	9	82
312	549	250	234	65	16	44	10	70
313	543	251	233	59	18	53	18	89
314	550	247	232	71	15	37	8	60
315	548	246	234	68	12	41	16	69
316	553	251	238	64	13	51	10	74
317	550	247	235	68	12	40	10	62
318	547	249	234	64	15	53	15	83
319	549	250	235	64	15	58	15	88
320	548	257	238	53	19	53	11	83
321	546	248	223	75	25	44	14	83
322	552	248	234	70	14	52	10	76
323	549	249	239	61	10	54	14	78
324	549	246	236	67	10	44	14	68
325	545	252	236	57	16	48	15	79
326	552	252	238	62	14	63	13	90
327	546	246	237	63	9	36	12	57
328	547	247	231	69	16	46	16	78
329	542	256	234	52	22	41	16	79
330	553	251	235	67	16	51	9	76
331	551	246	233	72	13	53	15	81
332	543	248	229	66	19	45	18	82
333	550	248	237	65	11	52	16	79
334	546	248	233	65	15	44	16	75
335	549	253	240	56	13	53	13	79
336	548	244	226	78	18	51	17	86
337	546	252	233	61	19	59	19	97
338	552	254	236	62	18	57	15	90
339	546	249	239	58	10	47	16	73
340	547	258	241	48	17	66	20	103
341	547	249	235	63	14	56	19	89
342	541	245	233	63	12	38	17	67
343	548	247	235	66	12	44	12	68
344	542	246	233	63	13	42	20	75
345	546	247	232	67	15	41	16	72
346	537	250	233	54	17	48	26	91
347	550	247	238	65	9	48	15	72
348	544	243	228	73	15	42	21	78
349	547	249	234	64	15	41	13	69
350	547	253	241	53	12	49	13	74
351	548	246	233	69	13	43	11	67
352	554	256	242	56	14	63	13	90
353	549	253	239	57	14	47	11	72
354	549	249	235	65	14	57	16	87
355	550	254	236	60	18	54	10	82
356	544	251	235	58	16	46	15	77
357	551	251	240	60	11	49	13	73
358	551	253	236	62	17	52	12	81
359	552	249	232	71	17	50	10	77
360	547	252	237	58	15	49	14	78
361	544	245	233	66	12	39	15	66
362	552	246	231	75	15	56	14	85
363	548	248	234	66	14	44	13	71
364	546	249	234	63	15	49	17	81
365	549	250	238	61	12	46	11	69
366	548	251	233	64	18	49	14	81
367	551	253	242	56	11	46	9	66
368	546	250	232	64	18	54	17	89
369	545	249	235	61	14	46	16	76
370	553	249	237	67	12	52	10	74
371	554	249	241	64	8	59	12	79
372	545	252	233	60	19	47	15	81
373	545	247	234	64	13	55	20	88
374	554	249	241	64	8	54	10	72
375	547	250	235	62	15	48	12	75
376	548	247	229	72	18	50	17	85
377	549	250	238	61	12	57	17	86
378	544	249	237	58	12	42	15	69
379	545	251	234	60	17	43	11	71
380	553	254	242	57	12	54	9	75
381	549	250	233	66	17	53	16	86
382	548	246	231	71	15	48	17	80
383	548	255	230	63	25	53	12	90
384	555	252	240	63	12	47	6	65
385	553	251	234	68	17	56	11	84
386	552	255	236	61	19	64	15	98
387	553	245	233	75	12	54	14	80
388	542	248	231	63	17	40	16	73
389	547	249	233	65	16	51	17	84
390	550	253	237	60	16	51	11	78
391	554	257	242	55	15	59	10	84
392	549	258	239	52	19	57	13	89
393	548	245	237	66	8	37	11	56
394	550	253	239	58	14	58	13	85
395	543	247	235	61	12	54	22	88
396	548	247	231	70	16	54	20	90
397	550	251	234	65	17	53	14	84
398	550	250	238	62	12	52	13	77
399	554	252	234	68	18	57	9	84
400	546	244	230	72	14	51	20	85
401	543	250	229	64	21	43	18	82
402	551	257	246	48	11	56	13	80
403	548	241	230	77	11	46	18	75
404	553	245	231	77	14	55	12	81
405	547	254	231	62	23	58	14	95
406	556	245	236	75	9	47	9	65
407	551	250	232	69	18	50	10	78
408	550	253	236	61	17	59	17	93
409	550	253	241	56	12	56	14	82
410	555	253	235	67	18	52	6	76
411	550	252	240	58	12	45	12	69
412	548	253	242	53	11	53	18	82
413	550	243	231	76	12	46	17	75
414	548	248	230	70	18	56	19	93
415	547	245	235	67	10	41	12	63
416	545	245	221	79	24	41	13	78
417	544	246	233	65	13	41	16	70
418	549	246	233	70	13	49	15	77
419	549	249	236	64	13	57	13	83
420	543	247	231	65	16	51	23	90
421	554	247	238	69	9	52	12	73
422	552	251	237	64	14	50	11	75
423	550	249	238	63	11	55	12	78
424	545	246	232	67	14	49	19	82
425	548	249	233	66	16	55	17	88
426	546	250	237	59	13	44	14	71
427	540	246	231	63	15	33	16	64
428	552	252	233	67	19	64	17	100
429	546	251	235	60	16	53	19	88
430	552	253	237	62	16	57	10	83
431	557	246	235	76	11	51	9	71
432	554	255	245	54	10	53	11	74
433	544	249	232	63	17	47	19	83
434	546	248	230	68	18	49	16	83
435	549	256	239	54	17	62	15	94
436	551	253	234	64	19	49	11	79
437	549	256	239	54	17	67	14	98
438	553	259	243	51	16	58	12	86
439	550	253	235	62	18	47	8	73
440	547	257	238	52	19	44	8	71
441	551	251	235	65	16	55	12	83
442	545	247	231	67	16	41	15	72
443	547	247	232	68	15	46	18	79
444	550	249	233	68	16	57	16	89
445	545	252	235	58	17	46	13	76
446	544	251	234	59	17	49	17	83
447	547	251	234	62	17	49	16	82
448	545	254	234	57	20	46	15	81
449	549	251	236	62	15	53	18	86
450	555	246	236	73	10	51	10	71
451	549	249	240	60	9	54	15	78
452	544	252	231	61	21	44	14	79
453	548	251	237	60	14	42	11	67
454	552	248	232	72	16	49	13	78
455	542	243	231	68	12	43	20	75
456	554	256	242	56	14	67	13	94
457	546	248	234	64	14	49	18	81
458	549	244	229	76	15	39	11	65
459	547	252	232	63	20	48	13	81
460	551	251	234	66	17	64	18	99
461	550	249	235	66	14	54	17	85
462	545	246	236	63	10	45	17	72
463	547	249	232	66	17	49	18	84
464	554	252	242	60	10	67	15	92
465	549	247	233	69	14	43	9	66
466	549	248	235	66	13	52	13	78
467	551	245	234	72	11	54	14	79
468	552	254	234	64	20	49	8	77
469	548	245	234	69	11	42	14	67
470	552	247	233	72	14	51	14	79
471	551	251	236	64	15	51	12	78
472	548	251	239	58	12	56	15	83
473	542	248	230	64	18	39	17	74
474	547	246	234	67	12	47	16	75
475	547	247	232	68	15	48	15	78
476	556	256	240	60	16	68	9	93
477	551	250	234	67	16	48	11	75
478	544	249	232	63	17	51	17	85
479	544	253	234	57	19	53	18	90
480	546	247	233	66	14	51	21	86
481	549	249	237	63	12	50	17	79
482	544	247	233	64	14	42	15	71
483	547	248	233	66	15	48	17	80
484	550	251	238	61	13	51	12	76
485	545	250	231	64	19	50	18	87
486	545	249	233	63	16	53	17	86
487	545	244	226	75	18	44	19	81
488	545	250	234	61	16	39	10	65
489	543	244	228	71	16	47	22	85
490	545	247	228	70	19	39	15	73
491	551	250	235	66	15	55	14	84
492	549	247	232	70	15	53	20	88
493	548	243	232	73	11	54	20	85
494	548	245	233	70	12	44	16	72
495	550	253	236	61	17	58	13	88
496	548	246	235	67	11	54	15	80
497	555	258	239	58	19	64	10	93
498	544	251	229	64	22	40	12	74
499	553	252	235	66	17	57	13	87
500	556	251	236	69	15	60	9	84
501	543	247	230	66	17	45	19	81
502	546	248	230	68	18	45	15	78
503	547	250	232	65	18	45	12	75
504	548	253	238	57	15	49	13	77
505	554	253	236	65	17	59	12	88
506	544	244	233	67	11	47	19	77
507	543	256	232	55	24	47	13	84
508	548	247	238	63	9	39	10	58
509	549	251	236	62	15	57	14	86
510	554	258	238	58	20	59	8	87
511	546	249	228	69	21	45	15	81
512	551	250	238	63	12	60	17	89
513	543	250	228	65	22	46	15	83
514	547	250	230	67	20	52	15	87
515	545	247	229	69	18	55	22	95
516	547	243	233	71	10	44	16	70
517	542	247	234	61	13	44	21	78
518	549	249	231	69	18	55	15	88
519	547	252	234	61	18	48	14	80
520	543	249	228	66	21	45	17	83
521	551	248	239	64	9	39	8	56
522	546	251	233	62	18	54	16	88
523	552	248	233	71	15	53	13	81
524	549	247	231	71	16	56	19	91
525	548	248	230	70	18	57	18	93
526	549	251	238	60	13	50	15	78
527	547	253	236	58	17	56	15	88
528	557	252	237	68	15	59	10	84
529	546	246	231	69	15	44	13	72
530	547	250	234	63	16	49	14	79
531	552	256	241	55	15	57	10	82
532	546	244	235	67	9	50	23	82
533	546	250	241	55	9	40	14	63
534	552	254	240	58	14	63	15	92
535	546	251	233	62	18	41	12	71
536	554	249	238	67	11	53	9	73
537	552	251	241	60	10	45	8	63
538	549	252	237	60	15	52	14	81
539	546	254	229	63	25	51	16	92
540	549	253	238	58	15	56	13	84
541	552	244	232	76	12	60	17	89
542	554	242	233	79	9	58	17	84
543	553	250	233	70	17	55	9	81
544	546	247	231	68	16	36	14	66
545	548	251	238	59	13	50	16	79
546	550	252	238	60	14	49	12	75
547	548	246	235	67	11	44	13	68
548	547	248	231	68	17	51	14	82
549	548	248	232	68	16	42	13	71
550	553	250	235	68	15	57	13	85
551	548	251	236	61	15	50	13	78
552	549	250	229	70	21	51	16	88
553	555	249	241	65	8	59	13	80
554	547	250	234	63	16	45	12	73
555	548	254	240	54	14	54	15	83
556	548	254	227	67	27	51	12	90
557	550	241	233	76	8	51	15	74
558	550	247	234	69	13	53	19	85
559	546	251	232	63	19	55	19	93
560	554	247	230	77	17	55	15	87
561	553	247	235	71	12	56	13	81
562	549	251	235	63	16	47	12	75
563	548	248	236	64	12	53	19	84
564	546	248	233	65	15	47	21	83
565	545	244	227	74	17	36	16	69
566	550	251	234	65	17	51	8	76
567	550	247	235	68	12	47	13	72
568	549	250	235	64	15	49	14	78
569	552	246	233	73	13	58	19	90
570	549	252	239	58	13	54	16	83
571	545	249	240	56	9	43	15	67
572	551	251	232	68	19	49	9	77
573	554	241	230	83	11	51	12	74
574	555	249	233	73	16	56	13	85
575	547	249	233	65	16	42	12	70
576	551	248	238	65	10	50	16	76
577	548	248	230	70	18	52	17	87
578	544	252	230	62	22	43	15	80
579	548	252	240	56	12	48	12	72
580	548	249	229	70	20	43	9	72
581	552	253	239	60	14	50	7	71
582	544	246	228	70	18	36	14	68
583	552	246	234	72	12	49	9	70
584	546	249	232	65	17	48	17	82
585	543	249	232	62	17	52	22	91
586	548	244	229	75	15	40	14	69
587	556	253	239	64	14	63	10	87
588	552	250	237	65	13	54	11	78
589	550	251	231	68	20	63	18	101
590	543	251	228	64	23	39	13	75
591	545	247	233	65	14	48	18	80
592	543	249	234	60	15	38	14	67
593	552	248	234	70	14	51	12	77
594	555	254	237	64	17	57	9	83
595	550	252	229	69	23	58	15	96
596	550	253	241	56	12	47	10	69
597	552	250	239	63	11	49	11	71
598	544	251	232	61	19	46	15	80
599	552	250	237	65	13	54	12	79
600	543	250	232	61	18	51	19	88
601	542	243	230	69	13	47	24	84
602	553	249	236	68	13	59	14	86
603	546	246	235	65	11	36	14	61
604	549	251	238	60	13	48	14	75
605	550	246	235	69	11	52	16	79
606	552	247	233	72	14	46	10	70
607	556	244	230	82	14	47	8	69
608	547	258	239	50	19	59	16	94
609	550	247	230	73	17	48	15	80
610	547	248	238	61	10	50	15	75
611	554	248	237	69	11	62	15	88
612	547	257	229	61	28	49	13	90
613	546	248	236	62	12	42	14	68
614	547	253	235	59	18	51	16	85
615	550	252	235	63	17	48	10	75
616	551	249	233	69	16	48	10	74
617	548	254	236	58	18	46	10	74
618	545	250	232	63	18	37	13	68
619	548	251	236	61	15	52	14	81
620	549	251	237	61	14	54	17	85
621	550	255	241	54	14	58	15	87
622	548	255	240	53	15	63	16	94
623	542	249	237	56	12	38	15	65
624	555	246	235	74	11	58	14	83
625	542	245	225	72	20	41	18	79
626	545	250	232	63	18	48	18	84
627	543	247	231	65	16	39	15	70
628	548	248	229	71	19	52	15	86
629	543	247	231	65	16	43	16	75
630	546	251	232	63	19	44	16	79
631	546	251	234	61	17	56	18	91
632	554	248	235	71	13	51	13	77
633	547	250	230	67	20	41	12	73
634	548	251	237	60	14	42	10	66
635	548	246	232	70	14	43	14	71
636	551	248	232	71	16	58	15	89
637	544	242	230	72	12	35	16	63
638	546	254	233	59	21	47	13	81
639	542	252	236	54	16	44	16	76
640	544	250	235	59	15	45	17	77
641	550	246	237	67	9	53	20	82
642	546	254	227	65	27	50	14	91
643	547	251	237	59	14	46	13	73
644	556	255	241	60	14	59	8	81
645	549	243	232	74	11	54	19	84
646	550	250	239	61	11	57	16	84
647	545	249	237	59	12	40	12	64
648	540	245	225	70	20	31	18	69
649	550	250	237	63	13	54	13	80
650	546	248	232	66	16	47	15	78
651	544	253	234	57	19	49	16	84
652	547	249	236	62	13	56	18	87
653	550	253	234	63	19	53	11	83
654	539	245	234	60	11	43	23	77
655	550	249	235	66	14	56	20	90
656	551	245	237	69	8	48	14	70
657	550	251	239	60	12	58	15	85
658	551	249	229	73	20	58	16	94
659	547	247	230	70	17	53	18	88
660	549	251	243	55	8	64	23	95
661	548	252	234	62	18	54	15	87
662	548	250	234	64	16	57	17	90
663	548	252	226	70	26	54	15	95
664	551	253	239	59	14	63	14	91
665	551	250	235	66	15	55	15	85
666	553	248	237	68	11	57	14	82
667	546	254	238	54	16	45	11	72
668	542	255	230	57	25	50	16	91
669	550	248	237	65	11	54	14	79
670	545	250	228	67	22	44	15	81
671	550	251	232	67	19	52	12	83
672	552	251	234	67	17	44	6	67
673	548	247	229	72	18	50	16	84
674	551	244	232	75	12	55	16	83
675	543	252	236	55	16	47	16	79
676	547	248	235	64	13	53	19	85
677	548	248	234	66	14	51	16	81
678	545	249	238	58	11	51	18	80
679	552	247	239	66	8	64	19	91
680	543	246	236	61	10	39	18	67
681	551	258	239	54	19	60	11	90
682	556	252	236	68	16	58	10	84
683	546	249	239	58	10	48	15	73
684	553	255	239	59	16	58	11	85
685	545	245	233	67	12	40	15	67
686	542	249	232	61	17	41	16	74
687	547	252	233	62	19	43	11	73
688	549	249	233	67	16	49	16	81
689	548	253	230	65	23	52	13	88
690	548	245	234	69	11	50	17	78
691	543	249	229	65	20	34	12	66
692	548	252	236	60	16	51	12	79
693	548	249	234	65	15	59	16	90
694	544	252	230	62	22	44	16	82
695	551	249	235	67	14	49	12	75
696	546	246	228	72	18	41	19	78
697	545	252	232	61	20	40	10	70
698	552	246	230	76	16	58	17	91
699	542	250	233	59	17	39	17	73
700	554	253	243	58	10	51	8	69
701	545	247	232	66	15	43	14	72
702	548	246	234	68	12	46	14	72
703	552	252	238	62	14	53	10	77
704	545	251	238	56	13	58	21	92
705	550	248	239	63	9	59	17	85
706	550	254	236	60	18	51	13	82
707	548	250	239	59	11	43	11	65
708	549	245	231	73	14	47	15	76
709	553	255	236	62	19	55	12	86
710	540	246	229	65	17	33	16	66
711	545	252	237	56	15	50	15	80
712	545	255	232	58	23	47	14	84
713	555	250	239	66	11	51	8	70
714	545	249	239	57	10	50	16	76
715	552	247	236	69	11	55	13	79
716	556	254	243	59	11	59	9	79
717	545	250	232	63	18	50	16	84
718	545	249	227	69	22	48	17	87
719	555	248	230	77	18	62	16	96
720	551	252	239	60	13	51	12	76
721	548	246	228	74	18	44	11	73
722	547	249	238	60	11	54	17	82
723	544	244	234	66	10	43	17	70
724	547	243	224	80	19	37	12	68
725	547	254	239	54	15	43	13	71
726	552	250	234	68	16	61	16	93
727	554	253	244	57	9	59	12	80
728	543	250	228	65	22	41	14	77
729	550	253	241	56	12	57	13	82
730	546	250	236	60	14	48	15	77
731	551	246	236	69	10	54	18	82
732	548	248	237	63	11	49	14	74
733	551	249	237	65	12	46	11	69
734	545	248	235	62	13	50	18	81
735	550	243	233	74	10	54	19	83
736	549	248	236	65	12	50	13	75
737	547	248	231	68	17	57	17	91
738	553	252	237	64	15	53	12	80
739	549	257	235	57	22	57	12	91
740	553	247	236	70	11	55	13	79
741	549	247	238	64	9	53	17	79
742	553	248	233	72	15	59	13	87
743	553	250	237	66	13	52	9	74
744	544	244	231	69	13	49	23	85
745	546	252	239	55	13	56	19	88
746	551	244	236	71	8	49	16	73
747	549	249	237	63	12	51	14	77
748	546	245	230	71	15	52	21	88
749	541	248	231	62	17	35	14	66
750	554	253	234	67	19	58	10	87
751	550	251	243	56	8	46	11	65
752	552	249	236	67	13	60	18	91
753	545	247	238	60	9	40	14	63
754	542	248	234	60	14	44	21	79
755	546	254	230	62	24	48	14	86
756	544	249	235	60	14	47	16	77
757	553	246	235	72	11	49	12	72
758	543	250	236	57	14	40	14	68
759	550	245	232	73	13	53	17	83
760	549	250	237	62	13	50	12	75
761	548	248	234	66	14	54	14	82
762	552	254	241	57	13	60	14	87
763	546	247	233	66	14	48	15	77
764	553	248	235	70	13	63	16	92
765	541	250	230	61	20	40	15	75
766	551	253	240	58	13	53	10	76
767	552	254	239	59	15	60	10	85
768	551	249	238	64	11	51	13	75
769	548	252	234	62	18	50	13	81
770	546	247	237	62	10	44	17	71
771	546	250	236	60	14	54	17	85
772	553	248	233	72	15	52	10	77
773	552	251	234	67	17	57	13	87
774	551	250	234	67	16	58	15	89
775	546	247	235	64	12	52	21	85
776	543	250	231	62	19	41	15	75
777	545	251	231	63	20	51	19	90
778	547	251	237	59	14	58	17	89
779	553	252	244	57	8	58	10	76
780	545	253	244	48	9	39	12	60
781	543	246	236	61	10	51	21	82
782	550	245	233	72	12	59	17	88
783	542	250	235	57	15	51	21	87
784	551	255	231	65	24	63	12	99
785	554	247	236	71	11	47	11	69
786	552	248	238	66	10	48	10	68
787	546	249	235	62	14	43	15	72
788	546	245	232	69	13	47	18	78
789	550	248	229	73	19	50	15	84
790	547	245	232	70	13	51	16	80
791	554	248	237	69	11	53	11	75
792	550	254	239	57	15	48	11	74
793	549	256	241	52	15	48	10	73
794	549	252	230	67	22	49	12	83
795	549	245	234	70	11	50	17	78
796	550	247	230	73	17	49	15	81
797	550	243	232	75	11	51	16	78
798	546	253	240	53	13	50	15	78
799	556	250	238	68	12	62	12	86
800	549	245	234	70	11	46	17	74
801	545	247	225	73	22	49	17	88
802	542	247	227	68	20	37	16	73
803	547	250	235	62	15	52	14	81
804	552	254	242	56	12	59	12	83
805	551	249	231	71	18	52	12	82
806	545	249	235	61	14	48	18	80
807	554	254	243	57	11	64	11	86
808	549	246	236	67	10	50	13	73
809	549	255	239	55	16	56	13	85
810	549	248	236	65	12	53	16	81
811	545	248	237	60	11	42	17	70
812	549	248	228	73	20	47	13	80
813	549	251	231	67	20	53	15	88
814	554	251	236	67	15	61	15	91
815	549	245	233	71	12	46	15	73
816	546	246	234	66	12	44	18	74
817	550	250	234	66	16	49	13	78
818	547	244	232	71	12	41	16	69
819	548	251	239	58	12	48	13	73
820	551	246	236	69	10	47	11	68
821	546	249	237	60	12	56	20	88
822	544	251	228	65	23	47	17	87
823	551	250	235	66	15	49	10	74
824	547	250	231	66	19	42	11	72
825	547	250	235	62	15	50	14	79
826	550	249	235	66	14	46	10	70
827	547	249	227	71	22	50	16	88
828	543	251	241	51	10	39	14	63
829	545	253	235	57	18	54	18	90
830	552	253	243	56	10	55	12	77
831	535	243	227	65	16	35	22	73
832	543	247	231	65	16	52	25	93
833	553	249	237	67	12	56	13	81
834	548	250	238	60	12	51	13	76
835	555	257	245	53	12	62	10	84
836	547	252	229	66	23	52	16	91
837	553	243	233	77	10	51	15	76
838	541	247	228	66	19	41	18	78
839	543	250	230	63	20	43	14	77
840	550	250	238	62	12	55	13	80
841	552	252	238	62	14	58	13	85
842	550	249	232	69	17	56	17	90
843	547	249	238	60	11	40	9	60
844	543	248	233	62	15	41	16	72
845	549	251	232	66	19	44	12	75
846	545	247	226	72	21	43	14	78
847	551	244	238	69	6	55	15	76
848	541	250	235	56	15	40	17	72
849	552	251	234	67	17	51	10	78
850	547	246	231	70	15	53	19	87
851	551	252	234	65	18	50	10	78
852	548	248	230	70	18	52	14	84
853	550	247	234	69	13	48	14	75
854	546	247	234	65	13	49	14	76
855	547	253	242	52	11	46	12	69
856	548	254	233	61	21	46	10	77
857	546	246	229	71	17	46	15	78
858	547	247	230	70	17	49	15	81
859	550	250	237	63	13	54	14	81
860	549	253	237	59	16	55	16	87
861	551	252	236	63	16	55	11	82
862	548	253	235	60	18	52	15	85
863	548	245	235	68	10	48	18	76
864	553	248	240	65	8	57	14	79
865	548	249	236	63	13	44	13	70
866	553	251	235	67	16	60	13	89
867	553	251	242	60	9	55	13	77
868	551	250	235	66	15	50	11	76
869	542	243	230	69	13	38	18	69
870	544	250	237	57	13	40	13	66
871	548	252	242	54	10	50	14	74
872	548	253	239	56	14	52	15	81
873	548	249	238	61	11	44	12	67
874	556	253	245	58	8	54	8	70
875	543	255	236	52	19	37	11	67
876	547	248	236	63	12	47	18	77
877	546	248	235	63	13	38	10	61
878	553	247	239	67	8	53	9	70
879	553	249	241	63	8	58	16	82
880	550	247	230	73	17	52	16	85
881	551	245	234	72	11	52	14	77
882	545	250	235	60	15	42	15	72
883	549	246	235	68	11	43	11	65
884	545	246	236	63	10	40	16	66
885	551	250	235	66	15	58	16	89
886	547	248	234	65	14	46	15	75
887	550	246	232	72	14	48	15	77
888	548	248	234	66	14	48	15	77
889	551	249	234	68	15	53	13	81
890	550	246	236	68	10	52	14	76
891	548	246	231	71	15	49	17	81
892	548	252	225	71	27	51	13	91
893	549	246	233	70	13	58	20	91
894	545	246	230	69	16	36	12	64
895	546	249	234	63	15	47	16	78
896	548	253	232	63	21	46	11	78
897	551	247	235	69	12	59	16	87
898	549	253	236	60	17	48	11	76
899	547	254	234	59	20	48	12	80
900	539	249	231	59	18	38	20	76
901	545	248	229	68	19	53	18	90
902	542	250	236	56	14	52	23	89
903	549	249	231	69	18	48	16	82
904	547	253	234	60	19	56	13	88
905	547	253	236	58	17	61	17	95
906	544	249	231	64	18	45	17	80
907	550	250	235	65	15	58	13	86
908	552	254	238	60	16	49	8	73
909	541	256	231	54	25	47	16	88
910	550	251	237	62	14	56	17	87
911	550	250	235	65	15	58	17	90
912	543	250	238	55	12	47	17	76
913	543	244	236	63	8	35	15	58
914	545	249	233	63	16	49	17	82
915	551	249	233	69	16	53	15	84
916	550	247	231	72	16	47	12	75
917	549	259	238	52	21	56	10	87
918	549	243	234	72	9	52	19	80
919	545	251	233	61	18	42	12	72
920	542	247	226	69	21	47	20	88
921	545	245	234	66	11	40	14	65
922	550	249	233	68	16	49	14	79
923	549	242	227	80	15	46	12	73
924	550	250	229	71	21	47	11	79
925	545	251	236	58	15	50	16	81
926	552	249	234	69	15	54	14	83
927	550	246	233	71	13	45	15	73
928	547	248	231	68	17	48	17	82
929	553	250	239	64	11	56	14	81
930	545	245	237	63	8	54	24	86
931	551	248	242	61	6	57	17	80
932	552	254	239	59	15	70	16	101
933	546	243	228	75	15	44	20	79
934	547	251	243	53	8	54	18	80
935	549	253	235	61	18	52	15	85
936	546	246	234	66	12	42	15	69
937	552	250	232	70	18	50	10	78
938	551	248	237	66	11	57	17	85
939	546	250	232	64	18	47	15	80
940	545	247	231	67	16	46	19	81
941	551	250	237	64	13	52	12	77
942	551	250	238	63	12	45	10	67
943	554	250	233	71	17	62	13	92
944	555	250	238	67	12	54	8	74
945	543	244	227	72	17	44	18	79
946	544	248	231	65	17	54	22	93
947	547	251	237	59	14	41	10	65
948	557	245	237	75	8	60	14	82
949	547	250	236	61	14	43	12	69
950	547	252	236	59	16	52	16	84
951	548	250	239	59	11	40	13	64
952	548	250	230	68	20	49	14	83
953	543	249	230	64	19	41	16	76
954	546	246	228	72	18	38	10	66
955	543	241	231	71	10	44	21	75
956	541	244	227	70	17	39	20	76
957	543	248	234	61	14	36	13	63
958	548	249	235	64	14	50	15	79
959	546	252	235	59	17	44	13	74
960	545	249	238	58	11	51	18	80
961	551	254	238	59	16	59	17	92
962	547	242	232	73	10	39	16	65
963	545	251	231	63	20	37	13	70
964	548	252	234	62	18	45	11	74
965	544	241	226	77	15	35	18	68
966	549	248	235	66	13	44	15	72
967	550	250	241	59	9	57	14	80
968	551	251	231	69	20	56	16	92
969	546	247	233	66	14	53	18	85
970	553	252	231	70	21	59	13	93
971	546	248	239	59	9	47	16	72
972	549	250	241	58	9	47	11	67
973	552	249	238	65	11	54	14	79
974	547	250	234	63	16	45	14	75
975	545	248	238	59	10	48	18	76
976	549	243	235	71	8	46	12	66
977	552	247	236	69	11	53	13	77
978	545	248	238	59	10	60	22	92
979	552	248	230	74	18	61	14	93
980	552	250	240	62	10	50	14	74
981	546	246	233	67	13	40	15	68
982	550	253	233	64	20	57	13	90
983	553	251	239	63	12	54	9	75
984	546	249	231	66	18	45	14	77
985	544	251	235	58	16	48	15	79
986	556	251	234	71	17	58	14	89
987	545	248	232	65	16	38	13	67
988	550	247	236	67	11	51	13	75
989	542	243	230	69	13	32	16	61
990	548	249	236	63	13	55	18	86
991	545	254	228	63	26	49	12	87
992	548	251	233	64	18	44	14	76
993	543	247	231	65	16	51	21	88
994	549	248	232	69	16	61	17	94
995	548	251	237	60	14	57	16	87
996	547	248	231	68	17	56	19	92
997	551	245	232	74	13	50	14	77
998	548	251	235	62	16	45	10	71
999	545	247	231	67	16	42	15	73
1000	551	251	236	64	15	50	14	79
