1	250.5324	262	3255.4524	3259.8994
2	249.6590	267	3671.0978	3674.7971
3	250.9289	264	3750.7258	3753.8226
4	248.4512	260	3613.7377	3615.5412
5	248.9927	264	3630.2739	3635.2313
6	250.0341	258	3750.2371	3753.7594
7	248.6794	264	3533.6167	3536.7332
8	250.0123	266	3415.8352	3417.6275
9	250.8675	258	3847.7113	3852.8655
10	250.6795	265	3789.4868	3793.3117
11	250.2630	267	3669.7567	3674.9840
12	250.2421	258	3688.7233	3694.7384
13	250.6587	267	3671.5442	3674.4007
14	250.9087	263	3789.6035	3793.7115
15	250.2630	261	3650.1727	3655.3934
16	250.4081	266	3651.4547	3655.1316
17	250.3457	266	3533.2329	3536.7961
18	250.8458	263	3671.7231	3674.8752
19	250.2632	258	3810.2654	3813.2456
20	251.1578	263	3492.6860	3497.2526
21	250.2629	266	3652.0567	3655.4864
22	249.8671	259	3730.7248	3734.3982
23	249.9298	261	3571.5016	3576.3764
24	250.0548	262	3730.8350	3734.1921
25	250.2006	264	3709.3967	3714.2188
26	250.5544	261	3730.2467	3734.3158
27	250.0335	266	3692.6503	3694.7471
28	249.4504	265	3672.8585	3674.7913
29	250.7831	262	3710.2805	3714.3176
30	250.3674	259	3689.7466	3694.2461
31	248.4922	262	3334.8058	3339.0556
32	249.6173	260	3690.5096	3694.6637
33	250.2624	269	3651.8257	3655.8177
34	249.4305	263	3771.7802	3773.2834
35	251.2832	263	3728.4723	3734.2724
36	250.1796	258	3651.2948	3655.2364
37	250.3249	257	3573.1125	3576.0244
38	248.9093	260	3689.6891	3694.5790
39	250.8258	265	3888.6776	3891.8427
40	250.0548	262	3868.4314	3872.8136
41	249.7003	262	3652.0761	3654.9299
42	250.7208	263	3709.2761	3715.1053
43	249.4082	267	3471.5614	3477.1117
44	249.7835	260	3653.6917	3655.2755
45	250.7421	263	3731.5590	3734.0585
46	249.7836	264	3611.1739	3615.2985
47	250.1796	263	3569.7081	3576.5369
48	250.0963	266	3750.0211	3753.8279
49	250.0962	264	3553.7523	3556.6017
50	250.7415	264	3611.7223	3615.6054
51	249.8873	266	3592.2492	3596.3630
52	248.7836	261	3336.4750	3339.1359
53	249.8046	266	3692.7820	3693.8658
54	250.4915	264	3549.6245	3556.2888
55	250.2000	264	3592.9875	3595.5406
56	251.0746	259	3514.2851	3516.1869
57	249.5342	258	3709.8555	3714.6167
58	250.1170	265	3828.9379	3833.3815
59	250.6785	267	3415.1108	3417.8722
60	249.0967	260	3630.8952	3635.5037
61	250.2836	268	3770.9812	3774.2625
62	250.5965	265	3790.5065	3793.5518
63	248.9297	263	3710.7098	3713.7165
64	250.5133	265	3654.1431	3655.2484
65	247.7004	257	3454.0464	3457.4425
66	250.5133	259	3828.6235	3832.8539
67	249.0336	263	3553.3394	3556.4529
68	250.5961	267	3670.8808	3674.4992
69	250.2210	265	3670.9610	3674.4819
70	248.0139	260	3691.6799	3695.0035
71	251.5125	265	3751.2808	3754.0272
72	251.3242	264	3513.8808	3517.3245
73	250.1372	262	3493.4705	3496.6820
74	249.7215	263	3712.2638	3714.9946
75	249.5545	264	3631.6687	3635.5324
76	249.6586	264	3592.8886	3595.6756
77	250.2411	274	3573.2824	3576.5243
78	250.6384	267	3849.0504	3852.4062
79	250.8039	265	3571.5250	3576.0842
80	250.3044	266	3751.0198	3753.8166
81	249.3249	263	3551.3354	3556.2030
82	250.8254	262	3533.2733	3537.0930
83	250.7828	264	3612.4455	3615.5763
84	250.8657	267	3373.5929	3378.9121
85	250.3874	264	3651.8686	3655.8215
86	250.1583	260	3511.0165	3516.9936
87	250.3048	267	3769.5993	3773.5833
88	249.7413	263	3435.5179	3437.6788
89	250.2210	264	3531.3487	3536.4266
90	250.1374	265	3513.1425	3516.9830
91	250.6794	270	3728.3397	3734.1249
92	250.0135	265	3770.0386	3773.3635
93	249.5551	263	3669.5441	3675.2549
94	250.0542	261	3490.8771	3497.0960
95	250.7830	265	3592.7295	3595.8424
96	250.0959	262	3687.8951	3694.4283
97	250.9291	269	3789.4230	3793.2582
98	250.0334	263	3632.4778	3634.9127
99	248.2015	255	3770.8888	3773.5609
100	249.9717	269	3770.4716	3773.7283
101	249.2631	261	3473.8802	3477.0221
102	249.3883	265	3552.5773	3556.5181
103	250.6167	263	3672.0380	3675.0419
104	249.8461	264	3611.9495	3615.4254
105	250.2417	260	3710.9616	3714.9207
106	250.6787	265	3573.3678	3575.9297
107	250.0961	266	3533.3881	3536.4748
108	250.1371	271	3434.8700	3437.5445
109	250.9288	264	3590.0536	3595.7707
110	250.8876	264	3809.0797	3813.2435
111	250.4707	261	3673.8281	3674.9909
112	251.0125	260	3671.3328	3674.8362
113	250.4290	268	3513.3345	3516.5102
114	249.5326	266	3413.6091	3417.8701
115	249.4925	258	3690.1398	3694.5136
116	250.8244	265	3512.6345	3516.5860
117	250.2209	262	3671.2204	3675.1412
118	250.2009	259	3847.9360	3852.1815
119	250.4506	263	3810.3981	3813.4005
120	250.4502	258	3532.4531	3536.2941
121	249.3255	262	3592.9140	3595.8312
122	250.1378	261	3629.2016	3635.1540
123	250.6169	263	3651.0907	3655.1408
124	250.3884	261	3748.3411	3754.0103
125	250.0342	268	3807.0507	3813.2507
126	249.9709	267	3474.2717	3476.9531
127	250.3464	258	3689.4685	3694.4422
128	249.8246	268	3454.2380	3457.8978
129	249.1384	262	3769.7750	3773.0322
130	250.1588	266	3668.5651	3675.1223
131	250.9282	265	3492.5412	3497.0500
132	249.1586	260	3493.9704	3496.8616
133	250.5128	263	3610.4404	3614.9568
134	250.7008	264	3730.4664	3734.4639
135	250.5328	271	3651.4676	3654.9057
136	250.5964	259	3672.9170	3674.1949
137	250.8871	265	3612.0943	3615.4531
138	250.9084	261	3671.2059	3674.3873
139	250.8874	265	3631.9464	3634.6720
140	250.1588	270	3631.4466	3635.3157
141	250.1592	262	3808.9845	3813.1148
142	250.5961	263	3573.8004	3575.9298
143	250.5339	266	3747.7191	3753.9890
144	251.2832	266	3591.6643	3596.0547
145	250.7413	262	3571.1195	3575.7746
146	250.7212	268	3870.9141	3872.5183
147	250.5130	264	3671.4798	3674.6769
148	250.3885	261	4086.3905	4090.3099
149	250.8872	267	3691.0743	3694.3614
150	250.8033	268	3355.0571	3358.3625
151	250.8446	263	3333.5128	3338.9107
152	250.3664	265	3572.7466	3575.8763
153	250.3871	259	3512.2362	3517.1688
154	250.6162	265	3513.0876	3516.4592
155	250.6585	269	3709.6024	3714.8642
156	250.8045	259	3712.1366	3714.1783
157	250.2835	262	3594.3452	3595.8077
158	250.2419	267	3709.1743	3714.1987
159	250.0339	263	3869.1791	3872.4171
160	250.7837	264	3709.2546	3714.6396
161	250.1999	269	3475.4947	3476.6132
162	250.2214	262	3729.0372	3734.2088
163	251.3664	268	3632.3843	3634.5038
164	250.4506	265	3750.7961	3754.4136
165	249.3463	266	3511.4255	3516.9552
166	249.5342	261	3650.3729	3654.6126
167	250.4926	258	3789.9542	3793.5995
168	250.9287	266	3571.7391	3576.1268
169	250.1173	259	3650.0488	3654.2562
170	250.9082	262	3632.3791	3635.1823
171	250.4293	259	3650.7778	3655.4601
172	250.1371	262	3475.0933	3477.3198
173	250.8872	257	3590.2388	3595.8784
174	250.3674	263	3927.3650	3931.3722
175	250.6781	267	3236.9849	3239.7300
176	250.1376	259	3690.7622	3694.0902
177	250.0552	264	3869.7910	3872.3610
178	250.5124	257	3590.6367	3595.8147
179	249.8038	265	3534.4348	3536.6643
180	248.8675	264	3493.7662	3496.8655
181	250.5335	264	3648.0624	3654.4319
182	250.8041	259	3594.8760	3595.9520
183	250.3249	260	3513.4279	3517.5282
184	250.1792	263	3551.3086	3556.3072
185	250.5540	261	3512.5574	3516.8696
186	250.6367	267	3414.4872	3417.7377
187	249.8466	262	3809.6932	3813.4537
188	251.5758	264	3927.2911	3931.5029
189	250.3870	266	3535.2200	3536.5663
190	250.2212	260	3691.5537	3694.1248
191	250.2420	261	3808.1894	3813.1232
192	248.3048	268	3452.7592	3457.3920
193	250.3661	266	3434.4765	3437.7441
194	250.7002	268	3690.0051	3694.7611
195	250.3670	255	3571.9063	3575.8145
196	250.7624	262	3533.6159	3536.4298
197	250.0128	263	3731.9595	3734.2848
198	250.2214	255	3651.6089	3654.9659
199	250.6381	261	3769.5511	3774.0179
200	250.2613	271	3356.0002	3359.0757
201	250.8462	261	3788.6162	3793.3034
202	250.3870	265	3532.6076	3536.6887
203	250.7211	261	3810.1284	3813.2452
204	250.3252	265	3789.6195	3793.5483
205	249.7007	260	3692.3689	3694.7563
206	250.6169	259	3769.7719	3773.2894
207	250.7209	259	3710.7270	3713.9946
208	247.9507	263	3592.6709	3595.9501
209	250.5542	260	3749.9045	3753.8764
210	250.4499	262	3594.1982	3595.3083
211	250.0126	263	3691.2409	3694.5554
212	250.9280	265	3395.0581	3398.2930
213	250.1164	261	3454.6333	3457.2691
214	248.6171	260	3610.4163	3614.9612
215	250.4077	268	3713.3751	3714.5480
216	248.9301	264	3630.6573	3635.2688
217	250.4923	265	3749.3332	3754.2432
218	250.2210	268	3632.0434	3635.5730
219	249.5547	262	3728.3830	3734.0386
220	250.0962	263	3612.0296	3614.9973
221	250.5325	270	3510.6989	3516.7243
222	250.8877	261	3750.1635	3753.9754
223	251.0752	264	3789.9018	3793.1302
224	250.7837	261	3750.9106	3754.3660
225	250.1373	267	3572.4648	3576.3758
226	250.8253	256	3690.6623	3694.1264
227	250.7840	263	3867.8619	3872.0457
228	249.9921	264	3730.2706	3734.3286
229	250.8248	269	3613.0401	3615.3891
230	250.4706	267	3613.6267	3615.3418
231	249.2844	262	3886.0880	3892.4140
232	249.7628	265	3572.2963	3575.6256
233	246.5760	253	3473.0673	3477.2960
234	248.7422	265	3553.8235	3555.8924
235	250.7622	261	3650.0588	3655.2237
236	249.6377	261	3592.7219	3595.2987
237	250.7834	272	3669.6324	3674.8572
238	251.5953	265	3590.7366	3596.1102
239	250.2834	264	3651.9308	3655.3702
240	248.2427	263	3711.8648	3713.8513
241	247.3266	257	3750.0432	3753.4027
242	249.3256	263	3670.9671	3674.7492
243	250.7002	264	3770.4190	3773.9762
244	250.4711	267	3787.9350	3793.1797
245	250.6168	258	3692.7077	3694.5562
246	249.3466	262	3809.1053	3813.0790
247	250.6164	266	3592.8667	3596.2295
248	250.4928	262	3946.8879	3951.7788
249	250.8459	267	3573.3327	3576.7369
250	248.3887	259	3749.4668	3754.1024
251	250.6381	265	3768.5245	3773.9657
252	250.9077	268	3550.4589	3556.4449
253	250.1378	260	3689.7546	3694.5020
254	248.5347	267	3712.0487	3714.5682
255	250.5544	260	3710.5877	3714.5872
256	250.7631	262	3730.1728	3734.9752
257	250.4499	267	3711.1204	3714.1108
258	250.0132	260	3810.1412	3813.4555
259	250.0126	267	3552.2536	3556.7848
260	250.4502	262	3750.7000	3754.0294
261	250.4088	259	3670.1883	3674.7696
262	250.8666	269	3787.8570	3793.5184
263	250.1165	269	3532.3551	3536.8849
264	250.6374	264	3593.7172	3596.1240
265	249.8040	265	3473.2174	3476.8937
266	248.6390	261	3887.6804	3892.0097
267	250.4708	264	3708.2713	3714.3725
268	250.9280	263	3453.4654	3457.9332
269	250.0967	266	3629.5991	3635.0524
270	250.8870	267	3316.1309	3319.6253
271	249.4499	264	3513.8876	3516.1460
272	250.5130	265	3710.2615	3714.3216
273	251.4911	268	3553.0412	3556.4154
274	250.0742	267	3374.3608	3378.4550
275	250.4085	261	3749.1290	3753.6889
276	250.6376	266	3629.6448	3635.5433
277	249.5755	262	3573.6967	3575.5892
278	250.8870	261	3631.6465	3635.0920
279	250.0961	265	3670.8682	3674.8639
280	250.1593	261	3809.3710	3813.6506
281	250.8047	265	3907.5470	3911.7630
282	250.6582	266	3572.3677	3575.8885
283	250.2834	261	3689.5106	3693.8441
284	249.0552	263	3613.5536	3615.3772
285	250.6163	264	3610.5513	3615.4551
286	248.4300	266	3553.8145	3556.8196
287	249.9295	261	3572.2260	3575.8282
288	250.7422	261	3730.4884	3734.0836
289	250.5128	261	3749.0572	3753.8298
290	249.1170	264	3672.9101	3675.3406
291	250.3878	263	3651.4568	3655.2089
292	250.4504	254	3671.2657	3674.8718
293	250.4297	262	3750.7144	3753.3930
294	250.0963	260	3691.0875	3694.8175
295	250.4914	268	3553.5651	3556.3733
296	250.1168	260	3552.8614	3556.2715
297	249.9500	264	3650.7411	3655.0470
298	250.2420	262	3770.5275	3773.4926
299	250.0124	261	3533.0641	3536.5690
300	248.7836	263	3610.1335	3614.5717
301	250.9290	266	3572.1585	3575.9702
302	250.8666	260	3593.0124	3595.4550
303	250.6999	264	3513.4545	3516.6004
304	249.8463	262	3630.3102	3635.3142
305	250.8458	263	3590.4163	3596.1942
306	250.6369	269	3532.3612	3536.8795
307	249.7832	261	3612.2112	3615.6080
308	250.9924	266	3631.1249	3635.4038
309	249.8044	266	3610.9406	3615.6286
310	250.1787	261	3513.2113	3516.4076
311	250.4081	262	3552.0462	3556.5232
312	250.4712	260	3749.9502	3754.0363
313	250.3252	269	3549.1740	3555.5612
314	249.9093	254	3849.0236	3852.8419
315	248.3679	260	3808.7520	3813.1094
316	250.1582	261	3690.3904	3694.7791
317	249.9092	256	3846.9546	3852.7907
318	250.1794	264	3573.5786	3575.9169
319	250.2832	265	3493.3531	3496.8154
320	250.4081	268	3649.5036	3655.8457
321	249.5337	261	3533.7093	3536.6520
322	249.4296	257	3591.9090	3595.3967
323	250.1585	263	3649.1464	3654.8628
324	250.3879	260	3789.2317	3793.8350
325	250.4502	267	3709.1002	3714.5727
326	250.0121	265	3453.4504	3457.9375
327	248.5558	257	3965.7442	3971.6046
328	250.0335	263	3652.4389	3654.9509
329	250.7001	272	3810.7801	3813.5831
330	250.8457	260	3631.6828	3635.6618
331	250.2416	261	3553.0990	3556.4785
332	250.5129	266	3631.6721	3635.0480
333	249.1172	262	3653.0302	3654.7057
334	249.8048	263	3728.5542	3734.1886
335	249.8253	265	3688.9968	3694.8047
336	250.6793	261	3453.6014	3457.2091
337	250.3871	271	3434.3066	3437.9621
338	250.8449	269	3532.4764	3536.1915
339	250.2629	265	3790.4420	3793.5927
340	250.8449	278	3455.4855	3456.9622
341	250.6373	268	3531.5105	3536.5010
342	250.2220	262	3848.5691	3853.1617
343	250.0964	259	3770.5301	3773.6305
344	248.8470	264	3770.9819	3773.7462
345	249.8676	262	3769.3456	3773.7803
346	250.3461	276	3650.6575	3654.9786
347	250.9085	262	3747.8410	3754.2466
348	250.8254	264	3670.7725	3674.8140
349	250.8046	262	3809.2252	3813.8534
350	249.4089	265	3790.4150	3793.2887
351	250.2216	257	3749.6463	3754.2595
352	250.8865	269	3532.6295	3536.6088
353	250.5126	264	3788.6997	3793.7623
354	250.1999	265	3512.5631	3517.0948
355	250.1165	264	3589.7400	3595.8327
356	250.4921	266	3730.3743	3734.0988
357	251.6790	264	3770.8709	3773.3734
358	250.5330	265	3633.0061	3635.5298
359	250.5541	259	3592.8041	3595.5639
360	250.0959	266	3713.0216	3714.3777
361	250.1176	260	3828.7706	3833.2738
362	250.2832	260	3453.7326	3457.4559
363	250.5129	261	3752.0672	3753.1381
364	250.5751	266	3647.7739	3654.8866
365	250.1587	261	3788.1299	3792.9298
366	249.4089	264	3631.7908	3635.2266
367	250.7210	262	3869.5078	3871.7616
368	250.2625	267	3513.6574	3517.3033
369	250.4504	265	3729.8581	3734.2323
370	250.4083	259	3651.7845	3655.4131
371	250.0956	261	3594.1885	3595.2871
372	250.4918	267	3671.5436	3675.4526
373	250.1168	267	3531.6672	3537.2568
374	250.5542	259	3690.5371	3694.1954
375	250.0963	262	3691.3011	3694.7200
376	250.2832	264	3533.5147	3536.3192
377	249.8667	266	3570.6826	3576.1295
378	250.2007	264	3849.5706	3853.3945
379	249.4093	261	3769.4837	3774.2214
380	248.5754	261	3711.9689	3714.2108
381	247.4300	262	3554.2240	3556.4700
382	250.5959	263	3613.5668	3615.7502
383	249.9707	266	3496.4600	3497.0740
384	250.7208	258	3808.7093	3812.9122
385	249.9083	261	3512.3349	3517.1358
386	250.6157	270	3392.3927	3398.7095
387	250.7415	259	3532.2108	3536.3200
388	249.9719	263	3769.7706	3774.2609
389	249.4086	265	3593.9853	3596.2195
390	250.5749	264	3670.5792	3674.8672
391	250.9284	267	3610.5694	3615.8554
392	250.9077	271	3591.8954	3595.9088
393	250.6176	256	3948.5840	3952.0515
394	250.1998	266	3572.2412	3576.1587
395	249.4922	268	3571.2546	3576.6569
396	250.5955	267	3493.8838	3496.8913
397	250.8039	265	3572.5498	3575.6283
398	249.9087	262	3671.2549	3675.0628
399	250.7204	261	3494.1080	3497.1138
400	250.7835	264	3536.1084	3536.4505
401	249.1174	266	3671.9542	3674.8307
402	251.3870	270	3751.9569	3754.0023
403	250.2213	259	3630.0276	3635.8198
404	250.2833	257	3473.6790	3476.8982
405	250.2205	268	3415.8452	3417.8908
406	249.9715	253	3729.6951	3734.0554
407	250.3458	260	3592.0857	3595.6420
408	249.8871	269	3492.9853	3496.3754
409	250.6372	267	3650.0437	3655.1179
410	245.8056	255	3611.0814	3615.1542
411	250.9500	264	3849.3936	3852.9550
412	250.3038	271	3731.1188	3734.5355
413	250.9084	260	3650.6169	3655.3323
414	250.8038	267	3434.9453	3437.7967
415	250.0759	257	3828.4566	3833.1497
416	250.0548	258	3552.1079	3556.2004
417	250.9091	262	3790.0466	3793.2529
418	250.6169	261	3633.0255	3635.6650
419	250.3460	262	3534.1358	3536.4341
420	250.9292	270	3552.5321	3556.3888
421	249.9919	258	3670.8808	3674.7912
422	249.8877	261	3688.8834	3694.5340
423	250.0544	261	3609.0690	3615.7246
424	250.0753	265	3611.8320	3615.3170
425	249.6794	265	3515.3930	3517.2862
426	250.9088	264	3808.9084	3813.4482
427	250.7429	262	3906.1720	3912.0755
428	250.5532	269	3336.3295	3339.2081
429	249.3876	269	3593.2916	3595.2248
430	250.1789	263	3552.7694	3556.0572
431	250.7415	255	3631.5047	3635.4721
432	251.3661	266	3787.0660	3793.5072
433	249.8046	267	3650.8706	3654.9570
434	249.3464	263	3575.1541	3576.7025
435	249.9913	270	3493.2693	3497.0304
436	249.9500	263	3649.6321	3654.7333
437	249.2832	269	3394.5062	3398.5458
438	250.9073	271	3649.6715	3654.5942
439	250.7626	261	3709.8018	3714.7853
440	250.7002	265	3830.2961	3832.7072
441	250.9498	263	3552.3744	3556.1683
442	250.8881	262	3749.2601	3753.5916
443	249.8462	264	3670.8860	3674.7956
444	249.6583	264	3472.0395	3477.2528
445	249.4299	264	3731.4903	3733.7728
446	250.1585	268	3651.6258	3655.0221
447	250.9082	267	3649.6351	3655.1124
448	250.7416	269	3712.4372	3713.6233
449	247.6173	265	3611.2643	3615.6239
450	249.7627	255	3650.6374	3655.1289
451	250.0543	264	3670.4119	3674.8498
452	249.1801	265	3688.8603	3693.7188
453	250.9087	262	3849.1342	3852.3257
454	250.8456	261	3613.1622	3615.7949
455	250.3050	263	3709.4460	3714.1550
456	250.7199	269	3455.4001	3457.1962
457	250.8251	266	3650.0675	3654.7927
458	249.5552	254	3750.5413	3754.0624
459	250.5334	265	3631.6093	3635.6227
460	250.8658	269	3355.5043	3358.5269
461	250.5330	266	3571.4680	3576.1727
462	250.2006	263	3769.8789	3773.3041
463	248.9505	265	3612.5671	3615.1082
464	250.8451	267	3451.7242	3458.0264
465	250.4299	256	3747.7384	3753.6067
466	250.0336	261	3609.3263	3615.4384
467	249.3880	258	3553.1510	3556.6697
468	250.4497	262	3653.2188	3655.1411
469	250.2214	259	3789.1480	3793.3694
470	250.4706	261	3591.6295	3596.0803
471	250.8248	263	3649.5242	3654.8831
472	250.2417	266	3611.5301	3616.0373
473	250.3881	265	3767.9473	3773.1502
474	249.2841	261	3691.4096	3694.8442
475	250.7212	262	3630.4417	3635.4697
476	250.1783	265	3394.1928	3398.1525
477	250.7833	261	3671.2537	3675.1913
478	249.2632	265	3570.6231	3575.8580
479	249.4710	270	3570.6401	3575.8939
480	248.6589	266	3592.5013	3596.4145
481	247.9509	263	3689.5453	3694.4542
482	250.4924	262	3769.3504	3773.7103
483	249.4712	264	3653.4636	3655.1972
484	250.5959	263	3689.9348	3694.3031
485	250.2625	268	3573.9424	3576.0983
486	250.0544	266	3555.2250	3557.1992
487	250.7836	263	3593.2385	3595.5345
488	250.2217	260	3849.2370	3853.0176
489	250.4712	266	3573.6535	3576.2066
490	250.0963	262	3733.1559	3734.1180
491	250.8872	264	3551.7195	3556.1286
492	248.4712	265	3532.0859	3536.5635
493	246.7640	259	3512.9030	3516.8026
494	249.0757	260	3730.0340	3733.8431
495	249.3042	265	3514.5915	3517.0551
496	250.5546	261	3571.6130	3575.7796
497	249.0121	266	3453.4468	3457.5616
498	248.0347	261	3730.9672	3733.7680
499	251.5327	265	3515.1522	3516.7817
500	249.9080	259	3472.5378	3476.5040
501	249.4924	265	3651.7664	3655.3507
502	250.5961	263	3650.9441	3654.6649
503	250.4712	262	3691.1015	3694.4893
504	250.2000	266	3729.0349	3733.9586
505	250.8034	265	3494.8749	3497.3521
506	249.8260	262	3671.7484	3675.1936
507	249.5963	268	3652.5012	3655.2621
508	250.6801	257	3927.8389	3931.9532
509	250.4082	265	3531.9254	3536.4305
510	250.6575	266	3532.5508	3536.5204
511	249.8463	263	3612.9490	3615.4254
512	250.7412	267	3509.8034	3516.7169
513	249.6173	264	3592.1735	3596.1529
514	250.4500	265	3514.4967	3516.5887
515	250.4498	269	3434.9764	3437.9121
516	250.5340	259	3728.8592	3733.6863
517	250.2005	268	3750.7459	3754.2717
518	249.2418	263	3473.0597	3477.3030
519	250.6375	266	3672.3360	3675.0513
520	250.5545	266	3610.8619	3615.7233
521	250.8881	256	3947.3884	3951.9975
522	250.7208	267	3531.1517	3536.0971
523	250.3873	261	3551.8660	3556.0388
524	250.7205	266	3454.9291	3457.5863
525	250.4497	266	3414.2385	3418.1438
526	249.9085	265	3713.1522	3714.0201
527	250.3457	268	3553.8595	3556.3612
528	250.6367	262	3514.7089	3516.4130
529	250.2216	259	3690.5665	3694.6693
530	249.5129	263	3651.4359	3655.4486
531	246.6595	261	3631.7596	3634.7104
532	250.5542	267	3651.4294	3654.8038
533	250.4089	264	3966.0726	3971.8278
534	249.9079	268	3494.5636	3497.1856
535	250.1379	263	3789.6284	3793.1964
536	250.4083	258	3651.6036	3655.0964
537	250.2628	259	3868.8511	3872.4449
538	250.3873	266	3651.8906	3654.4090
539	249.0546	268	3514.0285	3517.1281
540	250.1790	266	3593.3328	3595.7658
541	250.0123	261	3394.2469	3398.2968
542	249.4918	258	3453.9677	3457.9218
543	250.3249	259	3511.7274	3516.5580
544	250.6797	261	3849.2826	3852.7086
545	250.7207	267	3708.9007	3714.2853
546	250.8666	264	3731.0378	3734.1204
547	250.3464	259	3768.5474	3773.3041
548	250.2628	262	3550.6450	3556.5337
549	250.9295	261	3748.8770	3753.5186
550	250.6579	263	3511.2864	3516.7305
551	250.2418	264	3670.2529	3674.3991
552	250.8871	266	3513.1861	3516.9063
553	249.8456	261	3591.5901	3596.1529
554	250.3879	262	3729.8522	3734.1315
555	250.0956	269	3670.1392	3675.2677
556	249.5541	265	3475.5603	3477.7081
557	249.6591	255	3594.5167	3595.7655
558	250.4913	266	3573.2957	3576.5158
559	250.4080	270	3493.4388	3496.4413
560	250.6577	262	3452.9884	3457.5978
561	250.0123	260	3533.0022	3536.4891
562	249.7212	262	3711.2960	3713.9803
563	249.9709	266	3613.0842	3615.0031
564	251.5123	269	3671.7607	3675.1836
565	250.7631	260	3769.6199	3774.2321
566	250.0128	259	3612.4368	3615.3674
567	249.8047	259	3711.8805	3714.1193
568	250.5958	264	3674.7069	3674.7150
569	250.8036	265	3454.1164	3457.7088
570	249.8667	267	3651.4294	3654.9687
571	250.3048	264	3889.5194	3892.8658
572	250.7625	260	3613.0433	3616.0264
573	250.1377	253	3532.9078	3536.6248
574	251.2618	262	3491.8300	3496.9258
575	250.7421	261	3769.3245	3773.6726
576	250.8456	264	3708.8020	3714.8108
577	248.4507	263	3511.1601	3516.6786
578	249.8046	266	3691.8775	3694.5054
579	250.6586	264	3789.0987	3793.3578
580	250.3255	258	3671.4343	3674.6075
581	250.2001	260	3729.9820	3734.2192
582	249.9927	259	3789.5477	3793.2885
583	250.1379	255	3652.6450	3655.1955
584	250.8251	266	3633.2086	3635.1783
585	250.6583	271	3553.3375	3556.0196
586	250.5755	258	3729.1097	3734.1228
587	250.6784	263	3473.3159	3477.9481
588	249.2836	260	3610.3335	3615.0508
589	250.7617	269	3317.8208	3319.2712
590	249.0135	262	3731.7213	3734.3661
591	250.2003	265	3651.6464	3655.0668
592	249.8261	262	3868.5331	3872.4496
593	249.9085	259	3612.7812	3615.3318
594	250.8660	263	3550.9237	3556.5070
595	249.4916	266	3375.7726	3378.3814
596	250.3876	263	3828.5970	3832.7185
597	250.3042	261	3750.1991	3753.6451
598	250.8670	266	3671.1525	3674.7509
599	249.9710	261	3610.8177	3614.9394
600	247.5973	265	3572.9662	3575.9232
601	250.1796	267	3611.9490	3615.7073
602	250.7829	263	3493.0715	3496.2560
603	250.5758	260	3926.8184	3931.4856
604	250.8250	265	3749.2092	3754.2471
605	250.3667	262	3613.9723	3615.2668
606	250.0544	257	3692.3710	3694.1267
607	250.6584	252	3611.6645	3615.5180
608	250.3452	274	3551.8579	3556.0839
609	250.7415	262	3591.6599	3596.0354
610	249.8049	262	3711.3394	3713.8830
611	250.8870	263	3452.8831	3457.5523
612	250.9286	270	3552.6275	3555.4507
613	250.6589	262	3827.2358	3832.7966
614	250.6581	269	3631.7624	3635.0212
615	250.0334	262	3691.5205	3694.9061
616	250.4501	259	3650.6835	3655.0900
617	247.8261	261	3747.5831	3753.7787
618	250.7005	263	3847.7849	3852.9414
619	249.0549	263	3632.9158	3635.4367
620	250.6788	268	3612.6824	3616.0988
621	250.8661	270	3611.8321	3615.4038
622	250.2204	271	3494.9308	3496.5630
623	249.0972	263	3929.2654	3931.6783
624	248.3880	258	3493.8788	3497.1888
625	250.3882	263	3632.4559	3634.7115
626	250.8042	268	3631.3390	3635.0037
627	250.4300	262	3788.7986	3792.9024
628	250.0125	263	3494.4427	3497.3535
629	250.4507	263	3708.3489	3714.6531
630	249.7003	266	3710.7135	3715.0629
631	249.6376	268	3513.8301	3516.6248
632	250.9288	261	3630.9974	3635.5949
633	249.4506	261	3732.0975	3734.7076
634	250.2213	261	3849.3118	3852.6137
635	250.5754	260	3731.2235	3734.3604
636	250.0747	263	3434.5401	3437.8142
637	250.0344	258	3848.9897	3852.3620
638	250.6375	267	3670.3392	3674.9513
639	250.8672	268	3789.4928	3793.4687
640	249.8257	266	3748.3521	3754.1356
641	250.8664	266	3631.9570	3634.7729
642	250.0747	268	3493.2078	3496.9191
643	248.7218	262	3772.9097	3773.4590
644	250.2618	263	3591.2144	3595.8112
645	250.0126	262	3512.0161	3517.2363
646	249.7833	265	3591.7894	3595.5785
647	250.1175	261	3888.3772	3891.6437
648	250.2634	263	3827.4866	3832.9716
649	249.3670	262	3612.1965	3615.6205
650	250.6795	263	3651.0570	3655.2340
651	250.3459	269	3652.1922	3654.5946
652	250.6583	267	3552.8986	3556.1522
653	249.7834	263	3571.7808	3576.1931
654	250.9300	268	3771.9908	3773.9130
655	250.7618	269	3533.2994	3536.5797
656	250.7836	259	3729.9758	3733.7443
657	250.6998	266	3572.4836	3576.9053
658	249.5956	264	3372.8428	3378.3988
659	248.9714	263	3493.7094	3496.5010
660	251.3867	274	3531.1918	3536.5616
661	250.4706	267	3555.0228	3555.6329
662	249.4087	266	3493.1703	3497.8372
663	249.5332	266	3394.0907	3398.0443
664	249.4290	266	3473.9101	3476.8839
665	250.5746	265	3551.6646	3556.5889
666	247.6591	259	3553.3852	3556.1969
667	250.1379	265	3810.7925	3813.1204
668	250.4292	271	3555.7773	3556.2943
669	250.4501	262	3611.0229	3615.4142
670	251.0752	265	3631.9801	3635.0693
671	250.6790	263	3550.1370	3556.5232
672	250.5961	257	3748.9486	3754.1960
673	250.5958	263	3531.8785	3535.9972
674	250.5125	260	3494.0678	3496.4914
675	250.0129	268	3728.1155	3733.5377
676	250.6999	267	3592.0867	3595.3227
677	250.4084	264	3612.0180	3615.4573
678	250.6170	267	3692.1772	3694.3566
679	250.4912	266	3452.7503	3457.2398
680	250.5966	264	3890.5704	3892.3258
681	249.5538	268	3533.3962	3536.9651
682	249.8662	261	3514.4824	3516.8803
683	250.9088	264	3769.3814	3773.9075
684	250.1369	266	3574.0008	3575.8408
685	250.0967	260	3811.3626	3813.8085
686	249.1179	263	3768.4905	3773.9300
687	250.2003	263	3752.7480	3754.1517
688	250.6165	265	3633.0734	3635.4059
689	250.0331	266	3513.4333	3517.0331
690	250.4503	262	3632.9013	3635.4393
691	250.1592	261	3847.7638	3852.8182
692	250.3251	264	3652.9482	3654.7975
693	249.1794	264	3456.0926	3457.9735
694	251.4084	268	3672.1796	3674.5461
695	249.9919	260	3670.0712	3674.8872
696	249.9504	264	3692.5516	3694.6799
697	250.0131	262	3791.0906	3792.6540
698	250.8037	263	3395.3806	3397.7456
699	250.8880	267	3830.0698	3833.0028
700	250.8457	261	3789.4736	3793.7140
701	248.3264	259	3732.5224	3733.7844
702	249.6590	259	3710.0367	3714.0929
703	247.9298	259	3651.6484	3655.2416
704	248.2006	269	3553.6433	3556.1302
705	246.9928	262	3551.8557	3556.3522
706	249.1168	266	3649.4402	3654.7240
707	250.2214	261	3870.8047	3872.5621
708	250.5961	260	3631.8847	3635.4677
709	251.1992	267	3571.4009	3575.8205
710	250.8262	262	3868.7888	3872.3297
711	250.3253	267	3691.5448	3694.6759
712	249.6377	268	3652.0585	3654.8277
713	250.3457	258	3709.8537	3714.4912
714	249.8467	264	3730.9384	3733.8155
715	250.2417	260	3574.1994	3575.1414
716	248.8667	261	3631.6490	3634.8394
717	250.0960	266	3592.3357	3595.9226
718	249.1587	265	3530.7813	3536.9042
719	250.7615	264	3318.0470	3319.6059
720	250.8873	264	3709.4809	3714.4726
721	248.6595	255	3632.4803	3635.7854
722	250.2210	266	3632.6145	3634.7172
723	250.0967	261	3769.8758	3772.8689
724	250.0758	255	3688.2657	3694.5337
725	250.7001	267	3868.9389	3872.0962
726	249.9288	265	3414.9565	3418.1531
727	250.4703	265	3652.4507	3655.0545
728	250.0964	264	3691.3146	3694.1796
729	250.2832	266	3630.7802	3634.9293
730	250.7211	265	3711.8071	3714.8655
731	250.2622	264	3592.6551	3596.4079
732	249.7215	261	3709.5814	3713.9876
733	248.7633	258	3767.8799	3773.7131
734	250.2211	266	3650.7740	3654.7290
735	249.5961	261	3533.2272	3536.9539
736	250.5753	261	3671.5907	3675.2089
737	249.5545	264	3433.6799	3437.2819
738	251.4287	264	3632.6589	3635.3131
739	249.4707	268	3513.1889	3516.8657
740	250.3874	260	3571.3498	3575.8500
741	249.5337	263	3652.6591	3655.3200
742	250.0330	261	3434.2006	3437.5302
743	249.5752	258	3651.0474	3655.0025
744	250.0960	267	3594.3759	3596.0161
745	250.1373	271	3612.1830	3615.9550
746	250.8460	260	3689.9363	3694.1785
747	250.7418	263	3670.3054	3674.9455
748	249.2629	265	3513.3136	3517.2761
749	249.0143	260	3868.6605	3871.8662
750	250.6785	263	3474.2071	3477.3653
751	250.7836	262	3888.5355	3892.3466
752	250.2201	267	3473.8333	3477.2077
753	249.7428	260	3908.0757	3911.8488
754	250.6379	269	3746.7820	3754.2771
755	250.0331	268	3589.8005	3595.8785
756	250.6380	265	3708.9272	3714.1922
757	250.5542	258	3670.8359	3675.1038
758	250.4300	264	3867.2854	3872.5981
759	250.8249	262	3533.5740	3536.5121
760	250.4711	262	3689.8608	3694.4124
761	249.2631	261	3552.7692	3556.3279
762	250.6994	268	3573.9137	3576.3886
763	248.9093	261	3649.6237	3656.0282
764	250.8453	264	3395.3225	3398.0363
765	250.0758	265	3749.5850	3753.4687
766	249.5545	262	3690.6149	3694.9116
767	250.5330	264	3534.2647	3536.0539
768	250.5542	262	3693.0973	3694.5963
769	249.4920	264	3632.3337	3635.0299
770	250.6588	264	3809.0000	3813.0499
771	249.8254	266	3591.8781	3595.9168
772	249.1587	257	3570.9631	3576.1163
773	248.4297	261	3494.7442	3497.7503
774	250.8662	265	3472.7461	3477.4457
775	249.8878	267	3609.9953	3615.8986
776	250.4089	265	3749.3397	3754.5028
777	250.7206	270	3555.2047	3556.4333
778	250.2207	268	3534.3539	3536.3282
779	250.1791	262	3668.8756	3675.2228
780	250.4924	265	4044.4994	4049.5893
781	250.6588	267	3649.8736	3654.7667
782	250.0333	262	3434.4596	3437.6251
783	250.0544	271	3629.1303	3635.1551
784	250.0326	267	3316.1213	3318.8732
785	249.7211	257	3729.2553	3734.0676
786	250.2003	258	3748.7200	3754.2026
787	250.9087	264	3788.5408	3793.2168
788	250.9295	263	3648.2645	3655.3649
789	250.6372	263	3531.3808	3536.4354
790	248.9302	259	3569.4983	3575.5601
791	250.6374	259	3629.9224	3634.7637
792	250.9290	265	3769.7219	3773.9412
793	249.8044	265	3809.6240	3813.3153
794	249.7835	263	3575.0725	3576.5642
795	250.5960	262	3632.3855	3635.8937
796	251.0749	262	3572.9952	3576.3000
797	250.5961	259	3572.7495	3576.0972
798	249.7004	267	3749.4117	3753.8783
799	250.6993	262	3475.6179	3476.6170
800	249.9921	261	3708.5500	3714.2302
801	250.6793	264	3473.4930	3477.0901
802	251.4716	263	3748.1396	3753.6993
803	250.3044	264	3612.6815	3615.7972
804	250.1996	266	3610.5269	3615.2083
805	250.7415	261	3532.8794	3537.2769
806	250.4919	267	3690.3293	3694.4610
807	250.1786	265	3535.2716	3537.0277
808	250.2005	259	3669.9848	3674.5823
809	250.7622	268	3610.3240	3615.5236
810	250.6375	264	3611.0861	3615.2426
811	250.7838	265	3849.6886	3853.0981
812	250.4084	261	3570.2946	3575.8756
813	250.2205	266	3514.5835	3516.5017
814	249.8870	265	3453.8529	3457.1723
815	250.6795	260	3691.1262	3694.9202
816	250.7837	264	3750.0601	3753.7412
817	250.8457	263	3652.1619	3655.3805
818	250.7630	260	3770.2327	3773.5731
819	250.7002	264	3770.7200	3774.2602
820	249.3466	256	3731.2486	3733.5564
821	249.3253	268	3572.7729	3576.0725
822	250.2417	268	3571.4012	3576.2041
823	249.3045	259	3670.7443	3674.7584
824	250.0754	261	3730.9332	3733.7954
825	250.1377	264	3652.9181	3655.5209
826	250.5545	259	3730.6898	3734.8672
827	250.9082	265	3493.3848	3496.9509
828	250.0759	265	3987.4078	3991.2533
829	249.2005	269	3572.5491	3575.8006
830	250.6372	265	3710.1470	3714.5239
831	248.6188	263	3788.4628	3793.3577
832	249.0337	270	3532.5755	3536.4964
833	250.3039	262	3572.9009	3575.6754
834	250.0545	263	3690.9152	3694.8821
835	250.6992	267	3609.7745	3615.5085
836	250.8038	268	3495.5528	3497.3960
837	250.5541	258	3591.2240	3595.7112
838	249.4719	264	3692.0084	3695.0958
839	250.1798	264	3693.0757	3694.6556
840	249.5961	262	3612.9300	3615.5312
841	250.3454	265	3551.7139	3555.8454
842	250.5745	266	3473.1517	3477.4098
843	250.0551	258	3907.4238	3912.1850
844	250.6382	264	3790.3591	3793.1122
845	249.8047	262	3707.8172	3715.0898
846	250.3255	261	3611.3342	3615.3373
847	250.0753	259	3612.6760	3616.4133
848	250.4924	267	3848.4370	3852.5171
849	250.6790	261	3611.4639	3615.8165
850	250.4917	265	3512.7672	3516.4520
851	250.1374	262	3633.0887	3635.2212
852	250.0335	262	3512.5807	3516.6836
853	250.3876	261	3669.4079	3674.7467
854	250.1381	261	3653.0545	3655.5465
855	250.7004	265	3869.0095	3872.5650
856	249.7629	263	3692.2224	3695.1191
857	249.5758	260	3609.9928	3615.8930
858	250.1378	262	3570.9682	3576.0281
859	250.3249	264	3611.4814	3615.2592
860	250.6995	269	3590.0378	3595.3552
861	250.4082	263	3570.4410	3576.0353
862	249.6792	267	3611.6017	3615.9140
863	250.6794	263	3690.1633	3694.1011
864	249.7418	261	3609.7588	3616.2752
865	250.3670	262	3788.2490	3793.2330
866	250.0953	264	3453.0410	3457.0893
867	251.3872	264	3690.0832	3693.9826
868	250.1583	261	3652.9050	3654.8968
869	250.0552	261	3789.8459	3793.0586
870	250.5966	263	3889.0339	3891.9052
871	250.1168	266	3789.8131	3793.4239
872	250.7832	268	3691.0638	3694.1690
873	249.7632	260	3829.2978	3832.7623
874	250.5538	261	3769.2166	3773.6456
875	250.5548	266	3927.0031	3932.0158
876	251.2209	266	3729.1187	3734.2590
877	250.3676	258	3886.9949	3891.7422
878	250.0962	256	3672.1683	3674.6271
879	251.3662	265	3612.0305	3616.0035
880	250.7623	263	3514.0894	3516.4413
881	250.4918	259	3591.6180	3595.7182
882	250.3671	265	3808.8844	3813.5393
883	250.2840	257	3788.4509	3793.1822
884	250.3466	262	3868.2964	3872.2757
885	249.9915	265	3492.2260	3497.1096
886	248.8467	262	3710.7975	3714.8999
887	249.8464	260	3632.6293	3635.1680
888	250.2210	263	3669.2557	3675.0765
889	250.8874	262	3572.5494	3575.5898
890	249.3672	259	3631.5623	3635.3433
891	250.9292	263	3591.3525	3595.5933
892	250.2205	265	3434.3103	3437.7683
893	250.0539	266	3454.3920	3457.5030
894	249.5346	257	3827.2628	3833.2425
895	250.2211	265	3690.4744	3694.4670
896	250.5750	264	3671.3202	3674.9513
897	249.3043	262	3474.9256	3476.8586
898	250.7208	264	3709.6898	3714.2049
899	249.8670	265	3672.7028	3674.6515
900	250.8257	269	3810.1832	3813.6488
901	249.4921	265	3472.9427	3477.8876
902	250.4709	273	3630.5306	3635.0481
903	250.8664	265	3610.6166	3615.1651
904	249.2837	265	3512.7504	3516.7285
905	250.3872	270	3452.5196	3457.3245
906	249.5548	265	3668.9381	3674.9307
907	250.0541	263	3492.6873	3496.5758
908	250.7832	262	3730.3496	3734.3969
909	249.6588	271	3632.3779	3635.6700
910	249.6167	267	3571.8661	3576.2345
911	250.3037	267	3496.2722	3496.5820
912	250.2422	267	3769.6030	3773.9217
913	249.4932	258	3966.3379	3971.1306
914	250.7211	266	3633.3484	3635.0203
915	251.5538	264	3552.9662	3557.1765
916	249.2839	258	3632.2000	3635.1896
917	250.2412	269	3591.9389	3596.0143
918	250.2626	262	3590.0514	3595.6583
919	250.3255	263	3771.3765	3773.7120
920	250.3461	267	3533.1862	3536.3117
921	250.6176	259	3830.8025	3832.3608
922	250.8874	263	3630.2057	3634.5694
923	249.2844	253	3572.4854	3576.2403
924	250.7624	261	3592.8865	3595.6885
925	250.3669	267	3673.5716	3675.0267
926	250.5538	263	3553.9966	3555.7404
927	250.4292	261	3709.7878	3714.6225
928	250.3250	265	3611.9070	3615.7158
929	250.3454	264	3612.5606	3615.4307
930	249.8046	268	3611.3809	3615.5324
931	250.1998	265	3652.2403	3655.4410
932	249.7203	269	3337.2068	3338.6417
933	250.5961	263	3631.9580	3635.2317
934	250.8250	269	3732.1966	3734.2251
935	248.2213	265	3610.7949	3615.3815
936	250.0548	261	3789.3543	3792.7928
937	250.4915	260	3591.5214	3596.5176
938	250.6580	265	3552.8253	3556.2709
939	250.5543	265	3649.0066	3655.0177
940	249.8255	265	3651.1026	3655.0828
941	250.4291	262	3648.2220	3654.7620
942	249.6589	259	3810.6660	3813.5274
943	249.4704	262	3374.2449	3378.6787
944	249.2838	256	3631.0498	3635.7656
945	250.5132	262	3611.8120	3615.6784
946	249.8461	269	3494.2137	3496.7965
947	250.2423	261	3870.9818	3872.6077
948	249.5959	258	3492.6156	3497.0883
949	250.6380	262	3808.5246	3812.6952
950	249.4919	267	3629.6188	3634.9561
951	250.5962	263	3924.8887	3931.9547
952	250.4083	264	3571.0169	3576.0701
953	250.4505	265	3728.8513	3734.5697
954	249.2638	255	3750.0074	3754.5061
955	250.5967	262	3690.6764	3694.6290
956	250.9299	264	3709.6779	3714.4789
957	250.6177	261	3908.4927	3911.6752
958	250.5334	264	3650.6944	3654.8955
959	249.9089	264	3770.5719	3773.5037
960	250.6170	267	3690.2001	3694.2961
961	251.1574	271	3532.9529	3536.8801
962	250.2216	258	3808.6073	3812.9745
963	251.4295	264	3828.9349	3832.5144
964	250.7210	263	3730.3965	3734.1585
965	250.1383	259	3766.8736	3773.0062
966	250.7417	263	3768.4204	3773.5627
967	250.1584	264	3631.0147	3635.7520
968	250.1993	267	3452.3015	3457.9823
969	250.0127	265	3554.0723	3556.1487
970	250.3659	265	3394.8385	3397.4373
971	250.8255	264	3788.4877	3793.2254
972	248.5552	260	3829.5866	3832.9851
973	251.3873	263	3629.4640	3635.2278
974	250.7627	264	3731.7234	3734.3755
975	250.1796	266	3750.8570	3753.9515
976	250.1592	255	3729.0942	3734.4138
977	250.5750	260	3612.1048	3615.3963
978	250.4292	270	3514.7393	3517.6830
979	249.3458	261	3335.4284	3339.0315
980	251.4081	264	3749.9009	3754.2094
981	250.6798	261	3808.7216	3813.4454
982	248.2421	263	3474.5806	3477.4314
983	250.1791	260	3652.5857	3655.3809
984	249.2840	262	3672.5937	3674.2943
985	250.1588	266	3691.3754	3694.4084
986	249.0123	263	3475.5966	3477.3328
987	249.8885	260	3827.1676	3832.7329
988	250.1169	260	3650.7451	3655.4275
989	248.4311	257	3906.1115	3911.6642
990	248.9088	266	3574.0506	3575.9010
991	249.6587	265	3533.7596	3536.9492
992	250.8041	265	3730.1843	3734.1891
993	250.0544	268	3552.5965	3555.8989
994	250.1581	265	3375.0864	3379.0208
995	249.5752	266	3554.1162	3556.5101
996	250.3665	267	3452.8153	3458.3968
997	250.4084	259	3592.3758	3595.8654
998	250.3046	261	3749.4258	3753.6249
999	250.2214	262	3729.8651	3733.9584
1000	250.8663	265	3669.9418	3674.7016
