1	251.0980	246	22
2	250.9105	247	24
3	250.5149	250	35
4	250.7648	246	27
5	250.7231	254	34
6	250.1400	246	22
7	250.8272	242	25
8	250.4528	239	19
9	250.4944	244	21
10	251.4937	245	25
11	250.2442	249	23
12	250.4108	250	26
13	250.1609	246	26
14	250.6815	245	25
15	250.0150	244	25
16	250.4736	238	19
17	250.5772	244	27
18	250.8688	249	28
19	250.5354	248	30
20	250.6606	246	25
21	250.4526	246	26
22	250.0774	247	26
23	250.0152	246	22
24	250.9312	251	28
25	250.6191	249	26
26	250.5148	247	24
27	250.0983	245	25
28	250.3275	248	23
29	250.8896	248	32
30	250.6190	246	24
31	250.6813	249	33
32	250.9103	246	31
33	250.1606	247	33
34	251.0770	243	28
35	251.4516	252	45
36	250.1815	253	30
37	250.2853	248	38
38	251.7021	248	26
39	250.6396	247	27
40	250.2230	243	31
41	251.3482	243	18
42	250.0357	249	31
43	250.2439	249	29
44	250.4732	251	29
45	250.4105	249	31
46	250.8061	248	35
47	250.4524	248	26
48	250.2648	250	33
49	250.8273	251	27
50	250.5563	246	28
51	250.3903	246	19
52	250.4316	248	22
53	250.1195	246	19
54	250.3898	246	31
55	251.4935	252	29
56	250.5148	246	29
57	250.0772	241	27
58	251.4313	242	24
59	250.9104	245	26
60	250.6814	247	27
61	250.0562	249	31
62	250.3690	249	33
63	251.4312	248	23
64	250.0152	247	23
65	250.5143	248	36
66	251.3689	244	23
67	250.6400	249	24
68	250.1405	249	24
69	250.0772	245	30
70	250.9108	244	22
71	250.1609	249	31
72	251.1391	247	35
73	250.2858	241	21
74	250.7229	249	27
75	250.5147	244	25
76	250.6397	249	35
77	250.7854	247	29
78	250.2648	246	26
79	250.8479	247	27
80	250.3070	244	23
81	250.6607	244	22
82	251.5562	248	24
83	250.8277	243	27
84	250.9724	250	40
85	250.7022	246	22
86	250.9106	242	26
87	250.6818	246	23
88	250.0565	246	30
89	250.6397	246	29
90	250.0981	243	28
91	250.2856	244	32
92	250.8686	252	29
93	250.2857	249	21
94	250.8267	251	37
95	250.6604	253	32
96	250.1809	252	42
97	250.4318	245	25
98	250.3896	247	30
99	250.8273	246	28
100	250.9105	242	33
101	250.8688	246	22
102	250.6400	244	18
103	251.2233	242	25
104	250.4100	254	44
105	250.3483	245	25
106	250.0360	249	24
107	250.1606	241	28
108	250.0563	248	33
109	250.4313	248	27
110	250.1192	248	24
111	250.1400	247	23
112	250.0567	247	29
113	251.3685	248	27
114	250.7230	248	25
115	250.7852	249	33
116	250.5147	251	35
117	251.4519	247	23
118	250.5771	252	27
119	250.8064	248	33
120	250.4107	243	26
121	251.0352	248	29
122	251.4724	248	30
123	250.5355	247	32
124	251.6813	248	18
125	251.6597	251	41
126	250.8268	250	31
127	250.6399	245	33
128	250.9106	248	30
129	250.4524	247	25
130	250.1815	244	29
131	250.6607	248	25
132	250.5564	246	31
133	250.4939	248	28
134	250.4938	247	28
135	250.5359	250	24
136	250.4523	251	26
137	250.0978	249	32
138	251.5767	249	28
139	250.0569	244	17
140	250.7854	250	25
141	250.3277	241	19
142	250.1403	241	23
143	250.4731	244	28
144	250.6604	250	27
145	250.8483	244	17
146	250.2651	244	22
147	250.2443	246	19
148	250.3691	247	23
149	250.1193	243	26
150	250.6605	246	30
151	250.5146	250	31
152	250.4107	248	29
153	250.3691	248	24
154	250.7232	246	25
155	250.0565	246	26
156	250.2858	247	22
157	250.5145	254	39
158	250.6816	244	22
159	250.8690	245	28
160	250.6813	253	30
161	250.7025	246	24
162	250.3274	251	26
163	250.9941	248	31
164	250.8480	250	28
165	250.7233	244	19
166	250.9310	249	31
167	250.1817	243	24
168	250.4940	246	22
169	250.6188	243	37
170	250.6604	250	30
171	250.2858	248	26
172	250.9316	248	26
173	250.3274	248	28
174	250.2647	250	30
175	250.2441	249	30
176	250.5148	248	24
177	250.8477	244	30
178	250.3898	249	27
179	250.9316	247	25
180	250.8269	246	31
181	250.8682	250	38
182	250.7645	249	32
183	250.2028	245	23
184	250.5982	241	26
185	250.8476	251	36
186	250.2649	247	22
187	250.3278	248	28
188	250.3067	245	28
189	250.3274	246	30
190	250.3899	245	26
191	250.0978	252	34
192	250.8274	246	26
193	250.4523	249	24
194	250.8475	246	33
195	250.6189	247	29
196	250.2647	246	27
197	250.1610	246	29
198	250.1195	249	28
199	251.2225	254	38
200	250.3688	251	33
201	250.5976	249	37
202	250.4313	254	40
203	250.0355	249	33
204	250.6187	244	28
205	250.2229	246	34
206	250.9312	250	28
207	250.1813	244	28
208	251.3479	253	33
209	250.3896	247	26
210	250.6399	250	27
211	250.5983	253	31
212	250.4315	247	29
213	250.2232	242	21
214	250.1816	245	30
215	250.7018	248	42
216	250.7853	249	32
217	251.6393	247	27
218	250.3694	245	23
219	250.7230	246	27
220	250.8478	246	30
221	250.0567	246	24
222	250.7023	244	20
223	250.4105	250	25
224	250.2858	243	26
225	250.3482	248	25
226	250.9104	251	31
227	250.8689	249	28
228	250.2855	248	37
229	250.5361	248	24
230	250.9314	249	21
231	250.3688	248	34
232	250.3271	247	30
233	250.1402	243	22
234	250.3900	243	20
235	250.2857	249	28
236	250.4110	239	19
237	250.1606	245	28
238	250.7441	253	30
239	250.7026	243	20
240	250.1403	250	27
241	250.9314	246	22
242	250.2233	246	24
243	250.0981	246	27
244	250.2026	244	21
245	250.5561	246	30
246	250.7648	248	25
247	250.4730	250	26
248	250.3691	247	27
249	250.9937	244	26
250	250.2647	250	34
251	250.3895	253	40
252	250.9317	246	20
253	250.3276	242	21
254	250.4107	245	26
255	250.8066	244	20
256	250.7229	246	31
257	250.9106	247	26
258	250.5772	246	28
259	250.8690	245	23
260	250.2022	250	33
261	250.0151	252	31
262	250.2858	251	24
263	250.2231	255	33
264	250.0567	243	18
265	250.6814	241	25
266	250.8480	250	25
267	250.4522	247	26
268	250.6812	252	29
269	250.8483	248	27
270	250.0146	250	34
271	250.1816	245	27
272	250.7645	246	25
273	250.0773	246	30
274	251.0771	249	29
275	250.0147	244	33
276	250.8480	249	24
277	250.3071	239	16
278	250.3690	244	25
279	250.7232	243	23
280	250.3272	248	33
281	250.2651	245	23
282	250.6607	250	34
283	250.2651	246	20
284	250.9314	245	25
285	250.8688	247	27
286	250.8063	246	28
287	250.2862	243	23
288	251.2023	248	27
289	250.7858	244	24
290	250.4109	250	22
291	250.3481	252	29
292	250.4106	244	27
293	250.6190	248	32
294	250.4731	245	29
295	250.2434	253	40
296	250.2652	243	16
297	250.0559	252	44
298	250.0154	243	15
299	250.6606	245	31
300	251.1604	242	28
301	250.6814	247	22
302	250.4941	242	24
303	250.9309	246	30
304	250.4104	246	30
305	250.3902	241	17
306	250.1607	247	28
307	250.6608	247	20
308	251.1395	246	24
309	250.4938	244	30
310	250.1188	249	35
311	250.2027	244	23
312	250.6394	247	32
313	250.8271	247	26
314	250.9310	248	31
315	250.7857	243	20
316	250.7229	249	30
317	250.2025	251	28
318	250.4734	251	31
319	250.3901	246	25
320	250.5983	246	22
321	250.2233	248	29
322	250.7647	250	27
323	250.2228	248	33
324	250.8684	247	34
325	251.5972	250	32
326	250.3900	252	27
327	251.0776	247	18
328	250.2024	244	26
329	251.6809	250	31
330	250.5361	245	22
331	250.8893	247	30
332	250.3485	242	21
333	250.4529	246	20
334	250.8481	250	28
335	250.3692	245	24
336	250.7855	249	30
337	250.7234	243	18
338	250.6397	243	27
339	250.5354	248	30
340	250.3064	245	26
341	250.2441	246	24
342	250.0774	246	26
343	250.4108	243	21
344	250.2651	244	22
345	250.0570	243	19
346	251.6603	249	32
347	250.1194	247	28
348	250.5981	248	26
349	250.7643	244	32
350	250.2650	243	26
351	250.5357	242	26
352	250.5984	243	19
353	250.4526	245	18
354	250.2441	244	26
355	250.7229	244	29
356	250.8483	245	18
357	250.0150	244	26
358	251.3684	250	29
359	250.1813	250	29
360	250.5557	250	40
361	250.5353	249	28
362	250.0147	249	33
363	250.0151	243	28
364	250.5358	247	29
365	250.6814	243	27
366	250.1399	244	25
367	250.3480	247	29
368	250.1610	245	20
369	251.2853	252	28
370	250.0147	246	35
371	250.3275	245	21
372	250.6813	248	29
373	250.5979	248	28
374	250.0358	245	27
375	250.8896	247	23
376	250.8064	248	29
377	250.5981	244	26
378	250.2439	247	23
379	250.2442	242	20
380	250.1607	247	21
381	250.4944	243	20
382	250.5980	248	35
383	251.2644	245	26
384	251.0563	246	25
385	250.3275	245	25
386	250.4733	249	27
387	250.2647	251	27
388	250.3275	242	26
389	250.3276	249	23
390	250.1818	245	21
391	250.5982	246	27
392	250.5980	247	26
393	250.6398	244	27
394	250.2022	246	30
395	250.5146	250	35
396	250.7647	251	32
397	250.6610	247	22
398	250.2232	253	34
399	250.5143	251	35
400	251.2437	248	30
401	251.6605	248	28
402	250.0983	246	18
403	250.4313	243	31
404	250.5359	249	33
405	250.6604	243	28
406	250.7022	247	24
407	250.5771	251	30
408	250.5356	248	25
409	250.5149	245	25
410	250.8897	247	30
411	251.6606	247	16
412	250.0357	247	22
413	250.5774	244	25
414	250.3480	250	31
415	250.7647	246	20
416	250.7649	246	25
417	250.2024	242	25
418	251.1814	247	24
419	250.7227	247	34
420	250.2858	246	28
421	250.3059	254	45
422	250.0148	247	27
423	250.5562	247	37
424	250.5771	247	29
425	250.5563	248	34
426	250.7233	240	19
427	250.6397	253	31
428	250.7022	241	22
429	250.5354	251	37
430	250.4527	247	19
431	250.4730	246	30
432	250.1189	247	32
433	250.2437	248	34
434	250.6604	247	28
435	250.2442	252	29
436	250.6818	247	19
437	250.3898	247	29
438	250.5564	247	28
439	250.1396	248	30
440	250.6605	252	34
441	250.4518	248	38
442	250.7646	245	27
443	250.4732	247	22
444	250.7441	243	22
445	250.2234	248	21
446	250.0148	248	27
447	250.4523	249	28
448	250.2236	243	22
449	250.5148	245	26
450	250.6814	246	25
451	250.7441	244	23
452	250.5149	246	26
453	250.0777	247	20
454	250.6396	249	36
455	250.0982	248	24
456	251.5768	247	30
457	250.5559	251	42
458	250.4522	247	23
459	250.2439	245	29
460	250.0983	244	20
461	250.7441	250	28
462	250.8063	247	29
463	250.2859	247	28
464	250.0568	248	29
465	250.3483	245	25
466	250.6394	250	35
467	250.2238	246	20
468	250.4318	244	21
469	250.8062	247	26
470	250.2233	247	25
471	251.0356	250	27
472	250.6811	258	41
473	250.2856	247	28
474	250.9730	251	28
475	250.6608	243	21
476	250.8478	243	32
477	250.7230	250	29
478	250.7854	245	32
479	250.5353	249	32
480	250.7650	247	22
481	250.2233	246	27
482	250.4318	240	17
483	250.1811	253	40
484	250.0565	245	29
485	250.0150	243	25
486	250.8483	249	24
487	250.5980	244	23
488	250.5775	248	23
489	250.5150	251	32
490	250.1816	248	32
491	250.7854	251	29
492	250.5978	248	32
493	250.7648	245	18
494	250.5771	251	33
495	251.0981	247	22
496	250.9941	244	24
497	250.5979	245	29
498	250.8689	245	24
499	250.2649	247	30
500	250.0977	252	36
501	250.4940	251	29
502	251.0562	249	29
503	251.2650	242	18
504	250.3278	243	20
505	250.6605	246	25
506	250.1191	246	27
507	250.4940	245	25
508	251.3272	246	25
509	250.4316	249	22
510	250.8064	247	25
511	250.6606	245	24
512	250.8270	248	28
513	250.7647	245	34
514	250.7231	248	28
515	250.2859	246	21
516	250.3689	248	31
517	250.5569	241	19
518	250.4523	250	33
519	251.0772	246	28
520	250.5563	246	29
521	250.1189	252	30
522	250.4733	244	26
523	250.4526	247	23
524	250.0984	243	26
525	250.1192	245	25
526	250.2860	246	19
527	250.5773	244	22
528	250.3271	245	28
529	250.4317	248	21
530	250.5565	248	24
531	250.7648	248	25
532	250.3902	246	21
533	250.0564	244	33
534	250.2026	247	30
535	250.7231	247	27
536	250.2440	250	36
537	251.5980	243	19
538	250.8483	244	21
539	250.1813	250	29
540	250.7855	246	27
541	250.0148	246	25
542	250.0156	247	27
543	250.0149	244	23
544	250.7021	247	28
545	250.2231	251	33
546	250.5977	251	35
547	250.9104	251	28
548	250.5563	242	28
549	250.1813	247	31
550	250.4734	248	21
551	250.7441	244	27
552	250.8269	253	40
553	251.4105	249	25
554	250.0359	247	24
555	251.1811	249	28
556	250.2029	245	15
557	250.7023	247	26
558	250.3272	242	24
559	250.3696	243	23
560	250.8275	245	25
561	250.7854	243	26
562	251.2644	250	34
563	250.0775	247	26
564	250.0979	248	30
565	250.7647	246	24
566	250.2025	249	29
567	250.3900	248	24
568	250.0152	245	21
569	250.5981	251	28
570	250.6817	246	19
571	250.2647	242	27
572	250.7856	248	25
573	250.0152	246	23
574	251.1190	244	27
575	250.5151	250	30
576	250.7439	247	24
577	250.5983	246	26
578	250.8897	246	26
579	250.7859	243	19
580	250.0566	246	25
581	250.8276	243	15
582	250.1191	244	28
583	250.4527	244	20
584	250.1815	247	30
585	250.5566	246	26
586	250.5979	252	34
587	250.5980	248	31
588	250.3896	252	35
589	250.1608	241	22
590	251.3270	247	24
591	250.4731	247	31
592	251.1813	242	28
593	250.1396	244	31
594	250.3277	248	25
595	250.5981	250	24
596	250.1606	249	31
597	250.3690	249	26
598	250.0359	243	28
599	250.6396	247	31
600	250.2021	249	25
601	250.3899	250	27
602	250.8690	245	23
603	250.7023	241	25
604	251.0983	246	23
605	250.0566	248	27
606	250.2023	246	29
607	250.4524	246	21
608	250.2435	253	39
609	250.6400	246	23
610	250.9309	252	31
611	250.3898	243	25
612	250.0565	249	25
613	250.3692	242	22
614	250.5977	245	34
615	250.2023	248	27
616	250.8478	251	28
617	250.6605	248	31
618	250.1606	249	34
619	250.5563	250	31
620	250.0988	242	21
621	250.1191	243	24
622	250.0776	252	26
623	250.0774	250	29
624	250.4316	246	27
625	250.6398	244	23
626	250.2858	250	28
627	250.7231	245	22
628	250.0773	248	29
629	250.3690	244	30
630	250.7648	244	25
631	250.4313	249	28
632	250.1610	246	28
633	250.4523	249	28
634	250.2856	252	31
635	250.6188	244	28
636	250.5142	246	35
637	250.8480	246	29
638	250.1608	245	18
639	250.7645	246	29
640	250.0569	244	21
641	250.4941	243	22
642	250.5147	248	29
643	250.8480	244	24
644	250.3271	248	30
645	250.3895	254	37
646	250.8897	246	26
647	250.1396	248	30
648	250.1816	247	25
649	250.2229	249	33
650	250.5356	249	29
651	250.1398	247	28
652	250.7019	248	31
653	250.8479	246	30
654	250.6817	248	25
655	250.0777	246	20
656	250.4731	247	27
657	250.3482	246	33
658	250.5150	245	27
659	250.0150	250	31
660	250.8274	248	24
661	250.2859	248	29
662	250.9520	247	29
663	250.5149	245	21
664	250.0779	247	19
665	250.7646	245	27
666	250.4111	245	20
667	250.8272	248	26
668	250.4521	245	26
669	250.6811	249	34
670	250.4528	243	15
671	250.3275	247	29
672	250.0567	249	27
673	250.4521	240	25
674	250.9516	251	36
675	250.2234	250	26
676	250.5565	248	24
677	250.1193	245	31
678	250.5150	245	20
679	250.4731	251	26
680	250.9938	249	27
681	250.7859	242	21
682	250.0983	248	28
683	250.1818	244	21
684	250.7648	242	26
685	250.4524	248	26
686	250.6815	243	22
687	250.3271	248	31
688	250.7229	249	27
689	250.8272	247	28
690	250.0983	246	26
691	250.2441	245	31
692	250.7230	249	33
693	250.0150	243	29
694	250.2234	247	24
695	250.5565	248	25
696	250.8689	244	27
697	250.3481	245	30
698	250.6817	246	23
699	250.8484	244	24
700	250.4520	249	30
701	250.9104	249	26
702	250.2230	248	32
703	250.0566	247	27
704	250.4730	249	29
705	250.5977	247	28
706	250.5149	246	26
707	250.4732	245	28
708	250.7235	245	22
709	250.5146	248	26
710	251.4312	247	29
711	250.6189	244	30
712	250.3063	249	34
713	250.9729	244	26
714	250.4110	246	21
715	250.8475	249	32
716	250.0989	245	12
717	251.2854	249	24
718	250.7856	249	25
719	250.1604	250	33
720	251.0354	247	33
721	250.0570	246	25
722	250.3271	247	30
723	250.8269	250	26
724	250.8688	246	26
725	250.4731	247	27
726	250.0359	247	28
727	250.8686	248	33
728	250.5146	253	32
729	251.0561	248	24
730	250.4106	249	32
731	250.6400	249	25
732	251.1816	245	23
733	250.3481	243	28
734	250.6602	247	33
735	250.3066	248	27
736	250.7856	245	26
737	251.5979	247	20
738	250.1819	243	26
739	250.1190	247	31
740	250.2023	249	32
741	250.3274	244	21
742	250.4731	247	27
743	251.2648	238	20
744	251.1609	245	22
745	250.4520	247	32
746	250.4105	246	33
747	250.1816	247	24
748	250.3065	252	30
749	251.6808	250	35
750	250.6190	246	24
751	250.0984	247	29
752	250.6818	246	22
753	250.8064	248	22
754	250.7024	247	25
755	250.6810	248	30
756	250.0362	245	24
757	250.6815	246	28
758	250.1816	242	27
759	251.5977	246	28
760	250.4733	244	19
761	250.6191	247	20
762	250.2647	253	36
763	250.7020	249	35
764	250.9315	248	23
765	250.1403	241	19
766	250.8067	248	26
767	251.2229	249	31
768	250.1395	250	33
769	250.8896	251	34
770	250.2857	248	27
771	250.8895	249	33
772	250.4316	242	27
773	250.4943	245	22
774	250.5982	252	28
775	250.8273	249	27
776	250.1193	247	22
777	250.3274	241	26
778	250.8688	247	26
779	250.1402	245	20
780	250.1192	245	25
781	250.2020	251	32
782	250.2651	249	30
783	250.7856	246	24
784	250.1397	246	28
785	250.0982	248	24
786	250.3064	246	27
787	250.3067	243	26
788	250.9314	245	22
789	250.9523	245	22
790	250.2232	245	24
791	251.3687	249	25
792	251.6184	247	31
793	250.7230	248	29
794	251.3063	248	23
795	250.0358	250	35
796	250.4314	247	26
797	250.0363	243	18
798	250.4318	244	24
799	250.2233	241	23
800	250.5151	249	23
801	250.2440	248	27
802	250.0149	245	28
803	250.3895	250	30
804	250.7855	242	25
805	250.7854	246	28
806	250.4943	246	20
807	250.1397	250	28
808	250.5563	247	32
809	251.2435	253	33
810	250.3272	246	32
811	250.8480	243	30
812	250.5563	246	32
813	250.4731	248	27
814	250.4113	242	16
815	250.1606	249	35
816	250.4521	249	30
817	250.8273	248	21
818	250.5981	252	33
819	250.7857	249	26
820	250.3688	252	27
821	250.6814	251	33
822	250.6397	248	30
823	250.0362	250	21
824	250.3277	242	20
825	250.1400	246	22
826	250.5356	250	27
827	250.2443	247	24
828	250.7852	252	31
829	250.3275	244	23
830	250.9316	249	26
831	250.6399	246	27
832	251.4312	250	24
833	250.3686	249	33
834	250.6814	246	26
835	250.7648	244	25
836	250.0773	245	26
837	251.3895	246	24
838	251.1814	247	27
839	250.0563	245	31
840	250.4944	240	14
841	250.8479	249	29
842	250.2235	244	24
843	250.1404	248	24
844	250.8066	248	28
845	250.4318	244	21
846	250.5355	250	28
847	250.2650	248	29
848	251.4932	250	37
849	250.7855	247	29
850	250.9106	252	27
851	250.2438	246	34
852	251.2645	248	31
853	250.5149	243	27
854	250.0780	239	15
855	250.4941	245	27
856	250.0151	247	28
857	250.4941	243	22
858	250.3692	246	29
859	250.0357	245	25
860	250.7229	249	30
861	250.2444	242	19
862	250.8897	245	25
863	250.3482	255	38
864	250.5148	248	28
865	250.3899	246	24
866	250.4522	251	34
867	250.0983	246	26
868	250.4941	247	26
869	250.0983	247	27
870	250.7021	246	27
871	250.3905	238	12
872	250.6187	252	35
873	251.3271	247	26
874	251.0356	242	27
875	250.0152	252	27
876	250.4315	245	28
877	250.7856	242	20
878	250.5359	248	19
879	250.8483	249	18
880	250.3692	250	25
881	250.3275	246	25
882	250.4314	250	33
883	250.5354	245	32
884	250.5774	241	25
885	250.4730	246	35
886	250.4727	250	32
887	250.3482	248	28
888	250.9105	251	33
889	250.7857	246	23
890	251.1396	244	25
891	250.7232	245	27
892	250.2444	248	23
893	251.7020	248	26
894	250.7018	242	34
895	250.4103	251	35
896	250.5568	241	20
897	250.5773	249	29
898	250.7858	242	22
899	251.1811	249	32
900	250.2650	249	27
901	250.0149	251	29
902	250.0775	244	23
903	250.4523	251	33
904	251.0776	242	25
905	250.5563	246	28
906	250.5358	247	33
907	250.7229	245	31
908	250.2231	241	25
909	250.8063	247	34
910	250.3694	242	17
911	250.3477	246	35
912	250.5351	251	35
913	250.7855	243	25
914	250.5771	248	30
915	250.5143	244	36
916	250.7026	247	23
917	250.3270	249	31
918	250.4736	246	21
919	250.6188	249	28
920	250.5356	249	26
921	250.7025	247	21
922	250.5358	247	26
923	250.4108	253	28
924	250.5566	247	26
925	250.4318	244	20
926	250.3691	243	24
927	250.7857	246	23
928	250.7228	249	31
929	251.1395	248	26
930	250.0360	240	26
931	250.3483	241	22
932	250.5561	249	32
933	250.5772	243	25
934	250.3902	239	18
935	251.4311	251	26
936	250.6608	247	21
937	250.2233	246	24
938	250.8480	245	28
939	250.2024	250	28
940	250.5981	243	26
941	250.6397	242	22
942	250.3692	245	21
943	250.9107	246	21
944	250.6812	250	27
945	250.9311	248	30
946	250.6400	248	24
947	250.0986	246	23
948	250.8480	250	21
949	250.3689	243	30
950	250.3272	242	28
951	250.4109	244	21
952	250.1818	248	27
953	251.2854	249	28
954	250.6393	250	35
955	250.6817	249	25
956	250.6603	248	33
957	250.6605	246	30
958	250.3275	246	21
959	250.6191	242	23
960	250.9312	247	25
961	251.1185	247	29
962	250.0771	243	25
963	250.8481	245	20
964	250.6817	246	20
965	250.1193	249	30
966	250.5564	250	26
967	250.3064	253	25
968	250.5355	251	32
969	250.8067	248	23
970	251.4939	244	22
971	250.5149	248	30
972	250.4521	246	27
973	250.8894	253	34
974	250.5148	251	30
975	250.7023	244	24
976	250.9313	246	23
977	250.2652	245	21
978	250.1818	245	25
979	250.0986	242	20
980	250.2645	253	34
981	250.8063	252	33
982	250.8273	247	21
983	250.7437	243	25
984	250.8478	241	26
985	250.3896	248	27
986	250.9728	247	33
987	250.2648	247	19
988	250.2028	240	20
989	250.5354	241	31
990	250.4523	245	28
991	250.6818	243	20
992	250.3065	253	28
993	250.0362	248	23
994	250.5145	248	30
995	251.4310	246	30
996	250.6810	251	37
997	250.0773	250	30
998	250.1614	240	20
999	250.5357	250	25
1000	250.1812	246	37
