1	251.0980	246	4414.0916	4424.3170
2	250.9105	247	4404.4509	4404.6194
3	250.5149	250	4241.5605	4246.4388
4	250.7648	246	4324.4228	4325.4243
5	250.7231	254	4340.9530	4345.2749
6	250.1400	246	4416.3558	4424.2579
7	250.8272	242	4279.7027	4286.1861
8	249.8697	238	4341.9551	4345.1005
9	250.4944	244	4396.4894	4404.6473
10	249.9318	244	4341.5313	4345.5787
11	250.2442	249	4464.5681	4464.0660
12	250.4108	250	4419.2086	4424.4135
13	250.1609	246	4341.3682	4345.3267
14	250.6815	245	4340.3885	4344.9614
15	250.0150	244	4321.6996	4325.6527
16	250.4736	238	4320.6619	4325.5808
17	250.5772	244	4284.8645	4285.9895
18	250.8688	249	4361.3534	4364.9242
19	250.5354	248	4303.3238	4305.2321
20	250.6606	246	4361.2356	4365.0642
21	250.4526	246	4341.6286	4345.1576
22	250.0774	247	4364.3354	4365.0146
23	250.0152	246	4420.1874	4424.4073
24	250.9312	251	4403.9616	4404.6450
25	250.6191	249	4398.6421	4404.5035
26	250.5148	247	4400.1547	4404.6721
27	250.0983	245	4342.0991	4345.4556
28	250.3275	248	4439.1157	4444.0493
29	250.8896	248	4262.5670	4266.5607
30	250.6190	246	4377.9774	4384.7104
31	250.6813	249	4262.0645	4265.9107
32	250.9103	246	4244.4725	4246.8688
33	250.1606	247	4220.0346	4226.7649
34	251.0770	243	4244.4759	4246.7264
35	251.4516	252	4082.6984	4088.5151
36	250.1815	253	4399.7338	4404.5190
37	250.2853	248	4143.8477	4147.8750
38	251.7021	248	4379.5599	4384.5642
39	250.6396	247	4338.6590	4345.1604
40	250.2230	243	4182.1253	4187.2207
41	251.3482	243	4441.6769	4443.6351
42	250.0357	249	4298.6308	4305.7220
43	250.2439	249	4338.2533	4344.9596
44	250.4732	251	4379.3556	4384.6164
45	250.4105	249	4300.7029	4305.6266
46	250.8061	248	4203.2419	4206.8944
47	249.8693	247	4380.4954	4384.9737
48	250.2648	250	4280.0984	4285.5741
49	249.8485	250	4423.9297	4424.0321
50	250.5563	246	4300.8096	4305.5989
51	250.3903	246	4476.7119	4483.7707
52	250.4316	248	4458.5638	4463.7567
53	250.1195	246	4479.2575	4483.2692
54	249.8067	245	4241.9937	4246.5785
55	251.4935	252	4397.0239	4404.4492
56	250.5148	246	4279.8916	4286.2718
57	250.0772	241	4223.3878	4226.8393
58	251.4313	242	4302.6791	4305.9986
59	250.9104	245	4327.3285	4325.2708
60	250.6814	247	4339.4392	4345.3267
61	250.0562	249	4303.6128	4305.6974
62	250.3690	249	4258.6982	4266.2851
63	251.4312	248	4440.4773	4444.2498
64	250.0152	247	4417.4120	4424.3808
65	250.5143	248	4184.4179	4187.3685
66	251.3689	244	4359.6280	4365.2546
67	249.8069	247	4421.9500	4424.0343
68	250.1405	249	4437.4748	4444.1983
69	250.0772	245	4243.9853	4246.6284
70	250.9108	244	4378.8963	4384.7417
71	250.1609	249	4303.8766	4305.6043
72	251.1391	247	4184.4313	4186.9897
73	250.2858	241	4339.5144	4345.1086
74	249.9524	248	4380.4094	4384.7865
75	250.5147	244	4318.2274	4325.4387
76	250.6397	249	4220.7202	4226.5530
77	250.7854	247	4305.7815	4305.6547
78	250.2648	246	4341.9684	4344.8267
79	250.8479	247	4344.4792	4345.3583
80	250.3070	244	4362.3090	4365.1237
81	250.6607	244	4381.4053	4384.8072
82	251.5562	248	4420.8421	4424.1670
83	249.9946	241	4241.3427	4246.1899
84	250.9724	250	4141.2360	4147.5821
85	249.9317	245	4424.5377	4424.5244
86	250.9106	242	4262.5501	4266.4308
87	250.6818	246	4400.9441	4404.4814
88	250.0565	246	4262.1209	4266.3376
89	250.6397	246	4282.3216	4286.1154
90	250.0981	243	4242.8363	4246.4639
91	250.2856	244	4183.5932	4186.7493
92	250.8686	252	4402.6980	4404.5090
93	250.2857	249	4500.3402	4503.1775
94	250.8267	251	4221.6274	4226.6515
95	250.6604	253	4359.5297	4365.0786
96	250.1809	252	4145.8711	4147.4634
97	250.4318	245	4343.8303	4345.3518
98	250.3896	247	4285.8821	4286.0183
99	250.8273	246	4301.0182	4305.5013
100	250.9105	242	4121.9581	4128.0866
101	250.8688	246	4423.1393	4424.3295
102	250.6400	244	4456.4851	4463.8955
103	251.2233	242	4278.7083	4286.0559
104	250.4100	254	4142.5416	4147.5869
105	250.3483	245	4343.0753	4345.0490
106	249.2029	247	4422.6384	4424.4602
107	250.1606	241	4202.3646	4207.2023
108	249.4732	247	4244.1731	4246.3480
109	250.4313	248	4361.8050	4364.8650
110	250.1192	248	4419.8794	4424.1928
111	250.1400	247	4418.6787	4424.0680
112	250.0567	247	4302.8019	4305.6921
113	251.3685	248	4359.6443	4364.9540
114	250.7230	248	4402.7200	4404.4638
115	250.7852	249	4264.1021	4266.0046
116	250.5147	251	4260.8192	4266.2430
117	251.4519	247	4417.7870	4424.0867
118	248.2447	250	4439.9596	4444.1077
119	250.8064	248	4243.5073	4246.4343
120	250.4107	243	4283.1300	4286.0587
121	251.0352	248	4318.4970	4325.7477
122	251.4724	248	4301.0272	4305.5462
123	250.5355	247	4242.2767	4246.6674
124	251.6813	248	4536.4280	4542.4813
125	251.6597	251	4142.4935	4147.6253
126	250.8268	250	4318.8355	4325.8388
127	250.6399	245	4183.0615	4187.2018
128	250.9106	248	4299.9166	4305.6679
129	250.4524	247	4382.0180	4384.9855
130	249.4110	243	4243.0059	4246.2192
131	250.6607	248	4400.8469	4404.4347
132	250.5564	246	4240.0528	4246.6573
133	250.4939	248	4340.9475	4345.3644
134	250.4938	247	4320.7636	4325.5755
135	250.5359	250	4454.2197	4463.8166
136	250.4523	251	4439.2736	4444.1919
137	250.0978	249	4286.0187	4285.7320
138	251.5767	249	4361.1587	4364.9503
139	250.0569	244	4478.4213	4483.5819
140	250.7854	250	4442.9470	4444.0551
141	250.3277	241	4382.0872	4384.3998
142	250.1403	241	4304.7003	4305.6375
143	250.4731	244	4263.6858	4266.0602
144	250.6604	250	4402.0909	4404.6579
145	250.8483	244	4476.3424	4483.5691
146	250.2651	244	4380.1218	4384.8003
147	250.2443	246	4476.2358	4483.7037
148	250.3691	247	4422.2280	4424.3466
149	250.1193	243	4278.9978	4285.9432
150	250.6605	246	4256.7898	4266.4863
151	250.5146	250	4320.2141	4325.3236
152	250.4107	248	4320.6397	4325.1874
153	250.3691	248	4421.3673	4424.1852
154	250.7232	246	4358.8588	4364.9865
155	250.0565	246	4340.1469	4345.2076
156	250.2858	247	4438.5595	4443.9862
157	250.5145	254	4243.7271	4246.5206
158	250.6816	244	4380.1458	4384.5557
159	250.8690	245	4282.4776	4286.0428
160	250.6813	253	4398.8057	4404.5723
161	250.7025	246	4380.2072	4384.2731
162	250.3274	251	4441.5242	4443.8776
163	250.9941	248	4280.0008	4286.0193
164	250.8480	250	4380.9176	4384.5219
165	250.7233	244	4437.9216	4443.6525
166	250.9310	249	4303.7417	4305.8535
167	250.1817	243	4320.3211	4325.6890
168	250.4940	246	4417.1589	4424.2516
169	250.6188	243	4065.3847	4068.6216
170	250.6604	250	4341.3085	4345.2581
171	250.2858	248	4381.5532	4384.6716
172	250.9316	248	4382.5063	4384.7616
173	250.3274	248	4341.8489	4345.3063
174	250.2647	250	4338.7095	4345.0430
175	250.2441	249	4323.5524	4325.3662
176	250.5148	248	4420.2544	4424.2158
177	250.8477	244	4222.0700	4226.4191
178	250.3898	249	4382.8718	4384.9173
179	249.5571	246	4384.4100	4384.6958
180	250.8269	246	4238.8856	4246.4145
181	250.8682	250	4186.0360	4187.0949
182	250.7645	249	4282.6698	4286.0434
183	250.2028	245	4382.1429	4384.7687
184	250.5982	241	4242.7605	4246.2783
185	250.8476	251	4245.1125	4246.3372
186	250.2649	247	4438.6743	4444.1097
187	250.3278	248	4341.0880	4345.0221
188	250.3067	245	4281.2104	4286.2895
189	250.3274	246	4258.2477	4266.3231
190	250.3899	245	4324.7118	4325.3943
191	250.0978	252	4300.7379	4305.6241
192	250.8274	246	4339.0833	4345.3691
193	249.8692	248	4439.2072	4443.6737
194	250.8475	246	4207.8124	4207.4556
195	249.8484	246	4303.9487	4305.6204
196	250.2647	246	4323.5402	4325.3011
197	250.1610	246	4282.3598	4285.8824
198	250.1195	249	4361.8747	4365.1979
199	251.2225	254	4267.2530	4266.2693
200	250.3688	251	4301.7680	4305.5935
201	250.5976	249	4181.4089	4186.9942
202	248.8694	253	4224.3894	4226.9338
203	250.0355	249	4264.1498	4266.1278
204	250.6187	244	4265.2137	4266.0869
205	250.2229	246	4184.2728	4187.4589
206	250.9312	250	4378.4456	4385.0406
207	250.1813	244	4264.8463	4266.4864
208	251.3479	253	4341.2404	4345.3620
209	250.3896	247	4360.5948	4364.8574
210	250.6399	250	4399.1183	4404.6607
211	249.8278	252	4384.5954	4384.4954
212	250.4315	247	4300.4456	4305.8121
213	250.2232	242	4362.7920	4365.1536
214	250.1816	245	4243.5935	4246.3542
215	249.9313	247	4064.7461	4068.4988
216	250.7853	249	4281.2242	4286.0730
217	251.6393	247	4341.6572	4344.9453
218	249.7863	244	4383.9382	4385.2073
219	250.7230	246	4321.8865	4325.6430
220	250.8478	246	4260.2761	4266.4423
221	250.0567	246	4379.6840	4384.7414
222	250.7023	244	4422.1901	4424.0151
223	250.4105	250	4438.7430	4443.8901
224	250.2858	243	4283.3732	4285.6532
225	250.3482	248	4397.1926	4404.1169
226	250.9104	251	4338.3534	4345.2664
227	250.8689	249	4362.4808	4364.9702
228	250.2855	248	4159.5149	4167.8149
229	250.5361	248	4421.0823	4424.4809
230	250.9314	249	4496.2217	4503.1573
231	250.3688	248	4219.6509	4226.6946
232	249.5566	246	4283.1632	4285.9254
233	250.1402	243	4360.3301	4365.0608
234	250.3900	243	4398.4139	4404.3778
235	249.3069	248	4360.5126	4364.7666
236	250.4110	239	4342.5077	4345.5159
237	250.1606	245	4279.9239	4286.1010
238	250.7441	253	4402.1913	4404.5285
239	250.7026	243	4399.3440	4404.2965
240	250.1403	250	4398.7070	4404.5909
241	250.9314	246	4417.4259	4424.3636
242	250.2233	246	4373.9561	4384.8162
243	248.7236	245	4318.0528	4325.5239
244	250.2026	244	4400.3482	4404.7034
245	250.5561	246	4264.5997	4266.2841
246	250.7648	248	4397.4963	4404.5781
247	250.4730	250	4421.1652	4424.3386
248	250.3691	247	4340.2999	4345.2330
249	250.9937	244	4299.6364	4305.5952
250	250.2647	250	4261.8262	4266.2426
251	250.3895	253	4202.6566	4206.6937
252	250.9317	246	4461.1075	4463.7935
253	249.5571	241	4362.7055	4364.9489
254	250.4107	245	4322.5914	4325.6417
255	250.8066	244	4419.5102	4424.4263
256	250.7229	246	4240.6553	4246.8840
257	250.9106	247	4364.2793	4365.1742
258	249.5984	245	4301.3982	4305.2798
259	250.8690	245	4381.8962	4384.8436
260	250.2022	250	4281.5327	4286.0651
261	250.0151	252	4364.6856	4364.9201
262	250.2858	251	4477.3764	4483.1579
263	250.2231	255	4380.8453	4384.7312
264	250.0567	243	4439.5896	4443.8833
265	250.6814	241	4261.8706	4266.3477
266	250.8480	250	4438.3035	4443.5658
267	250.4522	247	4361.3160	4364.8140
268	250.6812	252	4399.8324	4404.2318
269	250.8483	248	4361.1698	4364.7280
270	250.0146	250	4260.1187	4266.2472
271	250.1816	245	4301.8190	4305.7712
272	250.7645	246	4359.1355	4365.0652
273	250.0773	246	4260.4792	4266.0714
274	251.0771	249	4342.0484	4345.3068
275	250.0147	244	4166.0274	4167.4243
276	250.8480	249	4438.8702	4444.0432
277	250.3071	239	4402.3732	4404.5081
278	250.3690	244	4325.5718	4325.6181
279	250.7232	243	4339.2890	4345.5048
280	250.3272	248	4242.9200	4246.2475
281	250.2651	245	4379.3340	4384.6234
282	250.6607	250	4262.5441	4266.5822
283	250.2651	246	4458.4132	4463.9182
284	250.9314	245	4342.5548	4345.2862
285	250.8688	247	4341.7290	4345.2732
286	250.8063	246	4298.1292	4305.8512
287	249.7031	242	4343.2460	4345.5267
288	251.2023	248	4361.5569	4364.8752
289	250.7858	244	4342.0003	4345.2874
290	250.4109	250	4501.4327	4503.6687
291	250.3481	252	4398.5393	4404.4180
292	249.8275	243	4283.3023	4285.9788
293	249.7859	246	4244.4650	4246.5325
294	250.4731	245	4259.4948	4266.6225
295	250.2434	253	4203.2658	4207.3054
296	249.4947	242	4479.9527	4483.5843
297	249.2854	251	4103.5521	4108.2755
298	250.0154	243	4499.1810	4503.2889
299	250.6606	245	4225.1925	4226.8715
300	251.1604	242	4219.2366	4226.7863
301	250.6814	247	4443.3266	4443.6525
302	250.4941	242	4300.5038	4305.4872
303	250.9309	246	4260.1034	4266.3222
304	250.4104	246	4264.4281	4266.1374
305	250.3902	241	4422.2535	4424.0786
306	250.1607	247	4319.6118	4325.5668
307	250.6608	247	4479.0814	4483.7903
308	251.1395	246	4380.2911	4384.4193
309	250.4938	244	4220.8280	4226.6410
310	250.1188	249	4219.8519	4226.5656
311	250.2027	244	4359.0417	4364.8510
312	250.6394	247	4243.2467	4246.9285
313	250.8271	247	4360.6673	4364.8413
314	250.9310	248	4278.6823	4285.8755
315	250.7857	243	4398.5403	4404.8663
316	250.7229	249	4321.7921	4325.2820
317	250.2025	251	4400.6048	4404.2709
318	250.4734	251	4336.5383	4345.0397
319	250.3901	246	4358.6339	4365.0576
320	250.5983	246	4424.9917	4423.7626
321	250.2233	248	4324.2837	4325.2707
322	250.7647	250	4398.9866	4404.5793
323	249.4523	247	4239.9080	4246.5741
324	250.8684	247	4203.4981	4207.1515
325	251.5972	250	4301.8753	4305.8227
326	250.3900	252	4443.5724	4443.9874
327	251.0776	247	4520.6529	4523.0660
328	248.0574	242	4305.1323	4305.8978
329	251.6809	250	4319.0276	4325.6075
330	249.9530	244	4401.2208	4404.3343
331	250.8893	247	4281.7149	4286.0733
332	249.7654	241	4364.3591	4364.7707
333	250.4529	246	4459.9546	4464.0996
334	250.8481	250	4379.8877	4384.8123
335	249.5987	244	4361.7470	4365.1367
336	250.7855	249	4324.8421	4325.2741
337	250.7234	243	4439.2206	4443.7506
338	250.6397	243	4260.2422	4266.6187
339	250.5354	248	4301.9706	4305.8160
340	250.3064	245	4323.8786	4325.4377
341	250.2441	246	4383.2000	4384.9644
342	250.0774	246	4343.9147	4345.4898
343	250.4108	243	4378.5103	4384.4239
344	250.2651	244	4379.2236	4384.7505
345	250.0570	243	4417.3093	4424.4061
346	251.6603	249	4280.2592	4285.7986
347	250.1194	247	4320.5007	4325.2204
348	250.5981	248	4382.0732	4384.8189
349	250.7643	244	4183.7689	4187.0201
350	250.2650	243	4279.7766	4286.1025
351	249.9526	241	4263.3022	4266.4253
352	250.5984	243	4419.8782	4424.2919
353	250.4526	245	4479.2008	4483.2982
354	250.2441	244	4299.7679	4305.8413
355	250.7229	244	4243.3043	4246.4735
356	250.8483	245	4480.1180	4483.2625
357	250.0150	244	4302.9494	4305.5952
358	251.3684	250	4362.2882	4365.2411
359	250.1813	250	4365.5407	4364.9222
360	250.5557	250	4145.9668	4147.8452
361	250.5353	249	4362.1716	4365.2073
362	250.0147	249	4261.7998	4266.4025
363	250.0151	243	4242.2850	4246.3324
364	250.5358	247	4304.7061	4305.2739
365	250.6814	243	4258.1538	4265.9822
366	250.1399	244	4324.0138	4325.5849
367	249.5775	246	4300.2201	4305.5463
368	249.5779	244	4439.7470	4444.0381
369	251.2853	252	4420.0898	4423.9370
370	250.0147	246	4165.5852	4167.5828
371	250.3275	245	4420.6861	4424.0766
372	250.6813	248	4323.2895	4325.7297
373	250.5979	248	4340.9389	4345.2660
374	250.0358	245	4304.3284	4305.8030
375	250.8896	247	4422.2875	4424.1811
376	250.8064	248	4325.6749	4325.5622
377	250.5981	244	4298.2503	4305.6533
378	250.2439	247	4420.1936	4424.4171
379	250.2442	242	4382.8862	4384.7440
380	250.1607	247	4463.2317	4463.8291
381	250.4944	243	4400.9784	4404.5204
382	250.5980	248	4204.9438	4206.8678
383	251.2644	245	4321.0203	4325.8623
384	251.0563	246	4360.3819	4364.8919
385	249.3487	244	4343.1488	4345.2430
386	250.4733	249	4383.7443	4384.6369
387	249.2859	250	4419.5265	4424.1704
388	250.3275	242	4260.7743	4266.0741
389	250.3276	249	4461.8638	4463.7587
390	250.1818	245	4421.1651	4424.1896
391	249.8277	245	4322.9906	4325.3122
392	250.5980	247	4357.4369	4365.3500
393	250.6398	244	4281.6429	4286.2537
394	249.6191	245	4264.4510	4266.3530
395	250.5146	250	4244.5824	4246.6964
396	250.7647	251	4321.9042	4325.4700
397	250.6610	247	4440.4762	4444.1839
398	250.2232	253	4320.6533	4325.3406
399	250.5143	251	4262.4695	4266.2113
400	251.2437	248	4302.0167	4305.2723
401	251.6605	248	4342.4469	4345.1269
402	250.0983	246	4502.3195	4503.3410
403	248.8694	242	4183.5644	4187.4001
404	250.5359	249	4264.6543	4266.2241
405	250.6604	243	4240.6773	4246.6516
406	250.7022	247	4399.7482	4404.7787
407	249.8066	250	4358.8717	4365.0815
408	250.5356	248	4400.6307	4404.5077
409	250.5149	245	4341.1481	4344.7911
410	250.8897	247	4285.1947	4286.1916
411	251.6606	247	4559.1919	4562.3010
412	250.0357	247	4441.1443	4444.2494
413	250.5774	244	4320.4293	4325.5389
414	250.3480	250	4318.8755	4325.3609
415	250.7647	246	4461.0564	4463.4728
416	250.7649	246	4359.0165	4365.1625
417	250.2024	242	4279.0958	4285.6752
418	251.1814	247	4401.2453	4404.2705
419	250.7227	247	4202.0953	4207.0394
420	250.2858	246	4300.2986	4306.0607
421	250.3059	254	4122.0171	4127.6081
422	250.0148	247	4341.8392	4344.8481
423	250.5562	247	4143.5068	4147.9645
424	250.5771	247	4299.7379	4305.7441
425	250.5563	248	4223.0024	4226.8186
426	249.9528	239	4362.0567	4364.7129
427	250.6397	253	4382.9401	4384.7076
428	250.7022	241	4322.2336	4325.6458
429	249.7649	250	4223.2531	4226.9154
430	250.4527	247	4499.9135	4503.3227
431	250.4730	246	4260.5902	4266.5653
432	250.1189	247	4240.6633	4246.4046
433	250.2437	248	4224.5865	4226.4521
434	250.6604	247	4324.4018	4326.1632
435	250.2442	252	4402.1381	4404.3908
436	250.6818	247	4497.1279	4503.1306
437	250.3898	247	4302.2596	4306.1142
438	250.5564	247	4318.9966	4325.6299
439	250.1396	248	4299.6174	4305.6261
440	250.6605	252	4301.7619	4305.4401
441	249.6813	247	4142.5960	4147.5978
442	250.7646	245	4300.3744	4306.0184
443	250.4732	247	4440.7945	4443.7209
444	250.7441	243	4360.0480	4365.1305
445	250.2234	248	4480.8613	4483.2641
446	250.0148	248	4364.5556	4365.3746
447	250.4523	249	4364.4895	4365.4465
448	250.2236	243	4363.0564	4365.0468
449	250.5148	245	4322.8809	4325.4214
450	250.6814	246	4360.1948	4365.0335
451	250.7441	244	4360.0275	4365.1141
452	250.5149	246	4340.6625	4345.4086
453	250.0777	247	4478.5042	4483.3811
454	250.6396	249	4199.8714	4206.9027
455	250.0982	248	4421.6704	4424.4892
456	251.5768	247	4281.6588	4285.9774
457	250.5559	251	4125.8107	4127.8041
458	250.4522	247	4420.8886	4424.3982
459	248.6820	244	4260.8894	4266.2562
460	250.0983	244	4418.3866	4424.4109
461	250.7441	250	4385.4716	4384.9523
462	250.8063	247	4300.9945	4305.5755
463	250.2859	247	4324.0775	4325.1663
464	250.0568	248	4321.8915	4325.5764
465	250.3483	245	4339.5081	4345.5488
466	250.6394	250	4241.8207	4246.5124
467	250.2238	246	4461.5944	4463.6416
468	250.4318	244	4402.4795	4404.0827
469	250.8062	247	4362.6497	4364.8093
470	250.2233	247	4382.7293	4384.5804
471	251.0356	250	4396.6757	4404.5966
472	249.8480	256	4260.5307	4265.8827
473	250.2856	247	4320.1315	4325.2779
474	249.9942	250	4401.8789	4404.5327
475	250.6608	243	4380.3636	4384.9382
476	250.8478	243	4166.0616	4167.3236
477	250.7230	250	4363.1015	4365.0455
478	250.7854	245	4203.8157	4206.6100
479	250.5353	249	4283.7679	4285.9194
480	250.7650	247	4444.6475	4444.2262
481	250.2233	246	4322.0250	4325.4593
482	250.4318	240	4401.5290	4404.7865
483	250.1811	253	4200.0398	4206.9539
484	250.0565	245	4261.6412	4266.3847
485	250.0150	243	4301.4457	4305.6148
486	250.8483	249	4439.6729	4444.1063
487	250.5980	244	4358.5671	4365.2495
488	250.5775	248	4437.6863	4444.2797
489	250.5150	251	4318.3694	4325.5673
490	250.1816	248	4259.8083	4266.0528
491	250.7854	251	4382.7496	4384.7570
492	250.5978	248	4260.5319	4266.2576
493	250.7648	245	4480.7132	4483.4428
494	250.5771	251	4300.5442	4305.9102
495	251.0981	247	4441.3185	4443.9274
496	250.9941	244	4339.7172	4345.1924
497	250.5979	245	4261.6212	4266.0795
498	250.8689	245	4362.3025	4365.3312
499	250.2649	247	4285.0984	4286.0849
500	250.0977	252	4263.8838	4266.2416
501	250.4940	251	4382.5880	4384.5718
502	249.6817	248	4339.3364	4344.6320
503	251.2650	242	4419.8202	4424.1012
504	250.3278	243	4401.8517	4404.8413
505	250.6605	246	4363.8185	4364.8334
506	250.1191	246	4320.0381	4325.1254
507	250.4940	245	4338.9832	4345.1117
508	251.3272	246	4359.7947	4365.0752
509	250.4316	249	4479.0999	4483.1964
510	250.8064	247	4380.2131	4384.8838
511	250.6606	245	4361.3834	4365.3382
512	250.8270	248	4340.1340	4345.5005
513	250.7647	245	4163.8476	4167.6213
514	250.7231	248	4337.8849	4345.6322
515	250.2859	246	4439.3212	4443.8479
516	250.3689	248	4282.7351	4286.0332
517	250.5569	241	4377.9089	4384.7420
518	250.4523	250	4282.7107	4285.8476
519	251.0772	246	4302.4210	4305.7851
520	250.5563	246	4279.7768	4286.0546
521	249.3484	251	4381.9621	4384.8157
522	250.4733	244	4298.7828	4305.4627
523	250.4526	247	4423.4335	4423.8186
524	250.0984	243	4280.9636	4285.7759
525	250.1192	245	4341.9109	4345.2465
526	250.2860	246	4479.8625	4483.3195
527	250.5773	244	4381.5269	4384.4846
528	250.3271	245	4282.8068	4286.0058
529	250.4317	248	4481.5254	4483.6393
530	250.5565	248	4416.9869	4424.3183
531	250.7648	248	4404.1048	4404.6241
532	250.3902	246	4440.1568	4443.6814
533	250.0564	244	4162.6514	4167.0191
534	250.2026	247	4284.7354	4286.0910
535	250.7231	247	4342.6860	4345.1717
536	250.2440	250	4222.7129	4226.3162
537	251.5980	243	4418.6522	4424.2360
538	250.8483	244	4399.4851	4404.3113
539	250.1813	250	4358.6235	4364.9360
540	250.7855	246	4325.6718	4325.4053
541	249.4317	245	4363.3061	4365.0680
542	250.0156	247	4339.3774	4345.1716
543	250.0149	244	4361.1397	4364.7612
544	249.1402	246	4320.2485	4325.4285
545	250.2231	251	4303.9394	4306.0165
546	250.5977	251	4263.9910	4266.3507
547	250.9104	251	4397.8293	4404.3148
548	250.5563	242	4219.5591	4226.7117
549	250.1813	247	4258.0250	4266.2033
550	250.4734	248	4480.0291	4483.0842
551	250.7441	244	4282.8015	4285.9910
552	250.8269	253	4204.1336	4206.8593
553	251.4105	249	4415.5471	4424.2069
554	250.0359	247	4399.8499	4404.2132
555	251.1811	249	4360.7055	4365.0869
556	250.2029	245	4538.1297	4542.8287
557	250.7023	247	4360.6214	4365.2335
558	250.3272	242	4305.8056	4305.8902
559	250.3696	243	4343.9996	4345.2698
560	250.8275	245	4341.6719	4345.1514
561	250.7854	243	4280.6085	4286.2306
562	251.2644	250	4262.4066	4266.3444
563	250.0775	247	4363.7499	4364.7777
564	250.0979	248	4302.7730	4305.9255
565	250.7647	246	4382.8451	4384.7833
566	250.2025	249	4339.9206	4345.4100
567	250.3900	248	4422.8478	4424.3639
568	250.0152	245	4423.9012	4424.1041
569	250.5981	251	4397.6327	4403.9731
570	250.6817	246	4480.4015	4483.7564
571	250.2647	242	4243.4225	4246.6155
572	250.7856	248	4400.6655	4404.4424
573	250.0152	246	4399.6774	4404.6323
574	251.1190	244	4283.9687	4286.0016
575	250.5151	250	4339.0930	4345.3856
576	250.7439	247	4402.4157	4404.5203
577	250.5983	246	4340.4147	4344.9864
578	250.8897	246	4340.6097	4344.9336
579	250.7859	243	4418.1862	4424.1877
580	249.4735	245	4363.9598	4365.0653
581	250.8276	243	4499.2585	4503.4353
582	250.1191	244	4258.9719	4266.2268
583	249.6822	243	4422.6580	4424.0877
584	249.5984	246	4280.8036	4286.2148
585	250.5566	246	4342.9631	4345.1875
586	250.5979	252	4300.8922	4305.3694
587	249.6192	247	4282.7927	4285.7415
588	250.3896	252	4284.7853	4286.0678
589	250.1608	241	4321.7596	4325.3770
590	251.3270	247	4402.5416	4404.5863
591	249.8900	246	4262.5758	4266.1811
592	251.1813	242	4220.9714	4226.8231
593	250.1396	244	4201.0208	4206.8076
594	250.3277	248	4401.1864	4403.9122
595	250.5981	250	4461.7424	4463.6670
596	249.5775	248	4302.0615	4306.1028
597	250.3690	249	4401.6863	4404.5116
598	250.0359	243	4242.5494	4246.3202
599	250.6396	247	4255.8501	4265.9695
600	250.2021	249	4418.3251	4424.0726
601	250.3899	250	4400.1504	4404.7419
602	250.8690	245	4380.3203	4384.7177
603	250.7023	241	4263.6942	4266.2309
604	251.0983	246	4407.2259	4404.4652
605	250.0566	248	4359.0479	4365.1018
606	250.2023	246	4283.5467	4285.9665
607	250.4524	246	4439.2617	4443.7289
608	250.2435	253	4224.9389	4226.5879
609	250.6400	246	4400.3949	4404.6402
610	250.9309	252	4361.5330	4365.0560
611	249.8067	242	4300.0528	4305.5531
612	250.0565	249	4419.8344	4424.2469
613	250.3692	242	4342.8018	4345.2791
614	250.5977	245	4164.4844	4167.6063
615	250.2023	248	4362.2236	4364.6794
616	250.8478	251	4402.9895	4404.5180
617	250.6605	248	4287.8897	4285.8172
618	250.1606	249	4240.8446	4246.2117
619	250.5563	250	4320.5389	4325.2722
620	250.0988	242	4362.3257	4365.0162
621	250.1191	243	4317.7263	4325.4252
622	250.0776	252	4461.2616	4463.7301
623	250.0774	250	4362.4841	4365.4140
624	250.4316	246	4320.3946	4325.6317
625	250.6398	244	4359.5377	4365.2568
626	250.2858	250	4381.4627	4384.6697
627	250.7231	245	4402.5489	4404.5702
628	250.0773	248	4321.6002	4325.6729
629	250.3690	244	4224.4903	4227.0363
630	250.7648	244	4318.8405	4325.5963
631	250.4313	249	4365.1976	4364.8695
632	249.5779	245	4302.8044	4305.9632
633	250.4523	249	4359.1605	4364.9463
634	250.2856	252	4360.9548	4364.9029
635	250.6188	244	4263.8745	4266.0581
636	250.5142	246	4164.4787	4167.7490
637	250.8480	246	4282.7965	4286.2332
638	250.1608	245	4482.2642	4483.5778
639	250.7645	246	4283.8034	4285.8796
640	250.0569	244	4402.3233	4404.5272
641	250.4941	243	4358.5306	4364.7422
642	250.5147	248	4319.5070	4325.4656
643	250.8480	244	4338.3503	4344.9887
644	249.5566	247	4302.0996	4306.0046
645	250.3895	254	4282.0558	4286.3484
646	250.8897	246	4341.4515	4345.2440
647	249.3691	247	4305.2471	4305.1924
648	250.1816	247	4384.2714	4384.9320
649	250.2229	249	4265.9287	4266.3798
650	250.5356	249	4339.8155	4345.3960
651	250.1398	247	4323.0151	4325.0390
652	250.7019	248	4281.7134	4286.2343
653	250.8479	246	4260.1367	4266.3969
654	250.6817	248	4402.0994	4404.1133
655	250.0777	246	4456.8621	4463.6874
656	250.4731	247	4339.2987	4345.2459
657	250.3482	246	4203.5663	4206.8974
658	250.5150	245	4300.0787	4305.9259
659	250.0150	250	4317.6591	4325.5008
660	250.8274	248	4418.7031	4424.3517
661	250.2859	248	4322.1314	4325.7026
662	249.3901	246	4303.8636	4305.4391
663	250.5149	245	4420.0870	4424.1578
664	250.0779	247	4497.9834	4503.2536
665	250.7646	245	4299.5701	4305.6271
666	250.4111	245	4441.1939	4444.1529
667	250.8272	248	4379.3169	4384.9565
668	249.6816	244	4325.0521	4325.7171
669	250.6811	249	4241.6926	4246.2529
670	250.4528	243	4498.5744	4503.3605
671	250.3275	247	4304.1051	4306.3664
672	250.0567	249	4386.2785	4384.7071
673	250.4521	240	4244.4498	4246.6397
674	250.9516	251	4246.5910	4246.4833
675	250.2234	250	4422.6043	4424.2979
676	250.5565	248	4418.3593	4424.2693
677	250.1193	245	4219.0446	4226.6077
678	250.5150	245	4435.7483	4444.2191
679	249.7026	250	4439.4789	4444.1011
680	250.9938	249	4381.3736	4384.6898
681	250.7859	242	4360.0034	4365.0980
682	250.0983	248	4340.9587	4345.3204
683	250.1818	244	4399.0377	4404.5057
684	250.7648	242	4262.5428	4266.0189
685	250.4524	248	4380.9757	4384.5402
686	250.6815	243	4361.4328	4364.8590
687	250.3271	248	4280.6030	4286.2684
688	250.7229	249	4380.4553	4384.6560
689	250.8272	247	4319.8123	4325.3149
690	250.0983	246	4342.0983	4345.5116
691	250.2441	245	4219.4132	4226.4931
692	250.7230	249	4264.1046	4265.9747
693	250.0150	243	4220.9679	4226.6127
694	250.2234	247	4399.5715	4404.5483
695	250.5565	248	4403.4171	4404.6517
696	250.8689	244	4280.7481	4285.5598
697	250.3481	245	4245.2647	4246.5103
698	250.6817	246	4402.0950	4404.7195
699	250.8484	244	4341.1011	4345.1964
700	249.6815	248	4319.3597	4325.5222
701	250.9104	249	4402.4291	4404.7582
702	250.2230	248	4263.6412	4266.2252
703	249.2861	246	4342.8696	4345.0221
704	249.8899	248	4342.3070	4345.3113
705	250.5977	247	4323.4992	4325.6267
706	250.5149	246	4341.3468	4345.2936
707	250.4732	245	4281.8198	4286.0533
708	250.7235	245	4399.6386	4404.5883
709	250.5146	248	4382.4167	4384.8992
710	251.4312	247	4306.8878	4305.8626
711	250.6189	244	4223.0091	4226.7283
712	250.3063	249	4244.8830	4246.5868
713	250.9729	244	4298.5237	4305.4990
714	250.4110	246	4437.2967	4444.1890
715	249.2856	248	4284.2484	4286.4611
716	250.0989	245	4598.7296	4601.7263
717	251.2854	249	4444.5411	4443.7741
718	250.7856	249	4418.3938	4423.8788
719	250.1604	250	4283.7111	4285.9170
720	251.0354	247	4222.8725	4226.4584
721	250.0570	246	4362.0612	4364.9675
722	250.3271	247	4280.5924	4286.1002
723	250.8269	250	4421.2322	4424.3682
724	250.8688	246	4339.3394	4345.2715
725	250.4731	247	4342.6991	4345.0181
726	250.0359	247	4321.9577	4325.4013
727	250.8686	248	4240.6647	4246.2196
728	250.5146	253	4360.7531	4364.7860
729	251.0561	248	4418.6889	4424.3884
730	250.4106	249	4282.8887	4285.9843
731	250.6400	249	4421.6497	4424.1900
732	251.1816	245	4376.3999	4384.5733
733	250.3481	243	4239.4727	4246.3884
734	250.6602	247	4224.4354	4226.6900
735	250.3066	248	4363.0097	4365.1265
736	250.7856	245	4321.2230	4325.2988
737	251.5979	247	4481.1914	4483.1866
738	250.1819	243	4282.3029	4286.1153
739	250.1190	247	4265.4815	4266.4962
740	250.2023	249	4277.8593	4285.8981
741	250.3274	244	4397.3974	4404.3442
742	250.4731	247	4346.7531	4345.1018
743	249.7029	237	4300.2221	4305.8686
744	251.1609	245	4398.2325	4404.0890
745	250.4520	247	4244.7666	4246.2575
746	248.6612	243	4207.1451	4206.7950
747	250.1816	247	4397.4098	4404.3127
748	249.4734	250	4360.5464	4365.0161
749	251.6808	250	4240.4886	4246.1221
750	250.6190	246	4378.8053	4384.9440
751	250.0984	247	4304.8388	4305.6721
752	250.6818	246	4423.5457	4424.3565
753	250.8064	248	4463.6511	4463.6107
754	250.7024	247	4379.2310	4384.8366
755	250.6810	248	4304.6010	4305.7725
756	250.0362	245	4362.3996	4365.1363
757	250.6815	246	4301.0505	4305.6247
758	250.1816	242	4245.5660	4246.5492
759	251.5977	246	4305.0293	4305.5286
760	250.4733	244	4436.5719	4444.3272
761	250.6191	247	4480.6508	4483.4573
762	250.2647	253	4281.7581	4286.0483
763	250.7020	249	4224.6929	4226.8696
764	250.9315	248	4441.1446	4443.9575
765	250.1403	241	4384.9234	4384.5071
766	250.8067	248	4382.3051	4384.7421
767	251.2229	249	4301.5707	4305.9464
768	250.1395	250	4282.1896	4286.3754
769	249.9108	250	4282.7396	4285.9530
770	250.2857	248	4361.7458	4364.9919
771	250.8895	249	4263.4521	4265.9621
772	250.4316	242	4241.3445	4246.4117
773	250.4943	245	4399.4268	4404.6068
774	250.5982	252	4423.7184	4424.0542
775	250.8273	249	4383.4618	4385.2011
776	250.1193	247	4441.6871	4443.9200
777	250.3274	241	4243.7577	4246.3549
778	250.8688	247	4365.0788	4365.2247
779	250.1402	245	4439.4659	4443.5470
780	250.1192	245	4340.9037	4345.2735
781	250.2020	251	4323.0304	4325.7170
782	250.2651	249	4322.7093	4325.7078
783	250.7856	246	4380.0128	4384.6592
784	249.3692	245	4304.4637	4305.7763
785	250.0982	248	4423.5834	4424.0252
786	250.3064	246	4321.1866	4325.0848
787	250.3067	243	4283.5333	4286.0113
788	250.9314	245	4403.0994	4404.2405
789	250.9523	245	4400.9217	4404.6111
790	249.6401	244	4362.0521	4364.6623
791	251.3687	249	4423.8069	4424.4110
792	251.6184	247	4262.7741	4266.3529
793	250.7230	248	4322.2988	4325.2399
794	251.3063	248	4442.1233	4444.0953
795	250.0358	250	4242.9522	4246.3759
796	250.4314	247	4362.7802	4364.9429
797	250.0363	243	4438.6844	4443.9015
798	250.4318	244	4343.7030	4344.7317
799	250.2233	241	4300.2410	4305.6048
800	250.5151	249	4461.3234	4463.5133
801	250.2440	248	4357.6381	4365.0528
802	250.0149	245	4283.5000	4285.6000
803	249.6190	249	4339.4894	4345.2315
804	250.7855	242	4286.4116	4286.1962
805	250.7854	246	4301.1583	4305.4147
806	250.4943	246	4465.4314	4463.7887
807	250.1397	250	4382.9551	4384.9658
808	250.5563	247	4244.1034	4246.2829
809	249.6816	252	4339.0286	4345.1503
810	250.3272	246	4221.1939	4226.7503
811	250.8480	243	4203.1968	4207.4474
812	250.5563	246	4223.8652	4227.0699
813	250.4731	248	4361.8013	4365.3652
814	250.4113	242	4459.8283	4463.9536
815	250.1606	249	4224.0518	4226.7135
816	250.4521	249	4320.6873	4325.9275
817	250.8273	248	4481.9600	4483.5318
818	250.5981	252	4322.8953	4325.5866
819	250.7857	249	4398.7459	4404.9600
820	250.3688	252	4440.4348	4444.1668
821	250.6814	251	4302.7842	4306.1338
822	250.6397	248	4304.8575	4305.6011
823	250.0362	250	4517.9283	4522.8675
824	250.3277	242	4378.0321	4384.8447
825	250.1400	246	4419.5792	4424.3917
826	250.5356	250	4400.4714	4404.3763
827	250.2443	247	4399.3207	4404.1327
828	250.7852	252	4361.1393	4364.6384
829	250.3275	244	4358.1387	4365.0493
830	250.9316	249	4401.5094	4404.8163
831	250.6399	246	4322.2655	4325.4077
832	251.4312	250	4459.5024	4464.1403
833	250.3686	249	4264.2249	4266.3920
834	250.6814	246	4340.8302	4345.6969
835	250.7648	244	4322.3256	4325.4769
836	250.0773	245	4323.2092	4325.5092
837	251.3895	246	4378.1629	4384.8269
838	251.1814	247	4336.6970	4345.2448
839	249.2858	244	4222.0214	4226.4226
840	250.4944	240	4464.3946	4463.8898
841	250.8479	249	4341.7619	4345.4229
842	250.2235	244	4343.7121	4345.3934
843	249.5573	247	4417.4380	4424.1428
844	250.8066	248	4340.4113	4344.9892
845	250.4318	244	4400.3532	4404.4006
846	250.5355	250	4384.1237	4384.7364
847	250.2650	248	4322.9847	4325.4922
848	251.4932	250	4206.5274	4207.0140
849	250.7855	247	4302.2161	4305.4906
850	250.9106	252	4443.4326	4443.9798
851	250.2438	246	4182.0479	4187.0703
852	251.2645	248	4279.1820	4286.0944
853	250.5149	243	4259.0398	4266.0844
854	250.0780	239	4421.8247	4424.1668
855	250.4941	245	4299.4070	4305.9567
856	250.0151	247	4320.3570	4325.6349
857	250.4941	243	4360.5171	4364.6078
858	250.3692	246	4281.6626	4286.1510
859	249.2652	244	4340.9145	4345.4809
860	250.7229	249	4322.6798	4325.7583
861	249.6613	241	4401.8975	4404.3862
862	250.8897	245	4338.7810	4345.4789
863	250.3482	255	4280.4107	4285.8379
864	250.5148	248	4337.5287	4345.2525
865	250.3899	246	4378.9006	4384.5786
866	250.4522	251	4284.7502	4286.1146
867	250.0983	246	4341.6157	4345.4029
868	250.4941	247	4361.4329	4365.2065
869	249.3278	246	4343.4658	4345.3112
870	250.7021	246	4320.4226	4325.5780
871	250.3905	238	4459.9739	4463.8488
872	250.6187	252	4280.4187	4285.8733
873	249.7652	246	4358.8351	4365.2044
874	251.0356	242	4245.4196	4246.4455
875	250.0152	252	4437.7966	4443.8910
876	250.4315	245	4284.8251	4285.6621
877	250.7856	242	4381.2611	4384.5466
878	250.5359	248	4518.3604	4522.9045
879	250.8483	249	4559.7897	4562.4137
880	250.3692	250	4436.5468	4443.9132
881	250.3275	246	4355.2297	4364.8476
882	249.8483	249	4281.2875	4286.1170
883	250.5354	245	4205.5918	4206.9708
884	250.5774	241	4264.2612	4266.1383
885	250.4730	246	4161.5293	4167.3985
886	250.4727	250	4300.9180	4305.8736
887	250.3482	248	4341.6933	4345.3385
888	250.9105	251	4301.1853	4305.6764
889	250.7857	246	4399.7107	4404.5678
890	251.1396	244	4322.6523	4325.5568
891	250.7232	245	4300.2011	4305.5291
892	250.2444	248	4441.1072	4444.1739
893	251.7020	248	4381.5965	4384.8091
894	250.7018	242	4101.7758	4108.0349
895	250.4103	251	4264.3100	4266.3687
896	250.5568	241	4361.8372	4364.9376
897	250.5773	249	4340.7917	4345.0554
898	250.7858	242	4337.9710	4345.3628
899	251.1811	249	4286.5429	4286.2161
900	250.2650	249	4381.9494	4384.6558
901	250.0149	251	4381.3449	4384.6711
902	250.0775	244	4361.1775	4364.7952
903	249.8692	250	4304.4974	4305.7394
904	251.0776	242	4281.4830	4286.0110
905	250.5563	246	4304.2559	4305.4735
906	249.9527	246	4224.7240	4226.6782
907	250.7229	245	4222.9410	4226.8800
908	250.2231	241	4264.0075	4266.3841
909	250.8063	247	4203.9467	4206.8792
910	250.3694	242	4439.5174	4443.8357
911	250.3477	246	4163.8570	4167.4885
912	250.5351	251	4263.6512	4266.1048
913	250.7855	243	4301.2788	4305.7678
914	249.7440	246	4280.2851	4286.2113
915	249.7438	243	4104.1130	4108.1870
916	250.7026	247	4418.8712	4423.8497
917	250.3270	249	4301.3116	4306.3793
918	250.4736	246	4443.1322	4443.8032
919	250.6188	249	4362.8052	4364.9767
920	250.5356	249	4403.0104	4404.5601
921	250.7025	247	4458.4067	4463.9551
922	250.5358	247	4363.4041	4364.8277
923	250.4108	253	4439.8101	4444.0015
924	250.5566	247	4357.2940	4365.2718
925	250.4318	244	4418.7650	4424.6546
926	250.3691	243	4319.8140	4325.2228
927	250.7857	246	4399.2300	4404.6249
928	250.7228	249	4301.8691	4305.5585
929	251.1395	248	4380.5809	4384.6530
930	250.0360	240	4223.9301	4226.9218
931	249.7652	240	4322.5207	4325.1224
932	250.5561	249	4285.0970	4285.9527
933	250.5772	243	4302.3945	4305.8753
934	250.3902	239	4362.0968	4365.1712
935	251.4311	251	4441.0304	4444.2435
936	250.6608	247	4462.5717	4463.5886
937	250.2233	246	4378.9831	4384.9631
938	250.8480	245	4281.2347	4286.1906
939	250.2024	250	4381.7451	4385.0640
940	250.5981	243	4281.9836	4285.6236
941	250.6397	242	4341.7284	4345.2351
942	250.3692	245	4418.9552	4424.3028
943	250.9107	246	4438.8177	4444.0191
944	250.6812	250	4399.2378	4404.6980
945	250.9311	248	4299.3506	4305.6841
946	250.6400	248	4421.0742	4423.9991
947	250.0986	246	4400.1057	4404.7877
948	250.8480	250	4518.9184	4523.2766
949	250.3689	243	4205.2517	4206.5568
950	250.3272	242	4222.3903	4226.5518
951	250.4109	244	4399.3379	4404.2184
952	250.1818	248	4364.3062	4365.0543
953	249.7235	248	4361.0499	4364.6490
954	250.6393	250	4242.9613	4246.3580
955	250.6817	249	4416.3966	4424.2035
956	250.6603	248	4243.5892	4246.1492
957	250.6605	246	4261.6253	4265.9351
958	250.3275	246	4439.5351	4443.8636
959	250.6191	242	4320.1310	4325.5200
960	250.9312	247	4383.0466	4385.1081
961	251.1185	247	4301.3354	4305.8162
962	250.0771	243	4302.2749	4305.7056
963	250.8481	245	4438.5221	4444.1081
964	250.6817	246	4462.2893	4463.8726
965	250.1193	249	4321.1439	4325.7872
966	250.5564	250	4419.6284	4424.2092
967	250.3064	253	4500.0289	4502.9790
968	250.5355	251	4321.8831	4325.8642
969	250.8067	248	4443.7972	4443.9036
970	251.4939	244	4380.2849	4384.9585
971	249.6818	246	4282.4766	4286.1084
972	250.4521	246	4318.8451	4325.4742
973	250.8894	253	4323.4934	4325.5294
974	250.5148	251	4364.8456	4364.9526
975	250.7023	244	4343.2246	4345.2609
976	250.9313	246	4398.5908	4404.5068
977	250.2652	245	4420.4481	4424.1928
978	250.1818	245	4341.0935	4345.4085
979	250.0986	242	4380.1903	4384.9490
980	250.2645	253	4321.5596	4325.2416
981	250.8063	252	4318.1990	4325.6703
982	250.8273	247	4458.4930	4463.3326
983	250.7437	243	4301.9599	4305.5815
984	250.8478	241	4241.6649	4246.4233
985	250.3896	248	4364.0440	4364.9017
986	249.4109	246	4221.8189	4226.4861
987	250.2648	247	4500.9902	4503.0338
988	250.2028	240	4338.5866	4345.3748
989	250.5354	241	4143.1146	4147.9252
990	250.4523	245	4283.1979	4285.9130
991	250.6818	243	4401.9404	4404.4844
992	250.3065	253	4443.1686	4444.2350
993	250.0362	248	4440.0633	4443.9564
994	250.5145	248	4302.3337	4305.7086
995	251.4310	246	4266.8744	4266.3620
996	250.6810	251	4220.5676	4226.7527
997	250.0773	250	4340.1637	4345.0730
998	250.1614	240	4342.9320	4345.1070
999	250.5357	250	4441.5988	4443.8045
1000	250.1812	246	4122.4874	4127.7995
