1	250.7025	248	21
2	250.7436	245	32
3	250.7227	250	33
4	250.3689	248	26
5	250.2859	243	21
6	250.0357	247	26
7	250.4523	247	29
8	250.3482	245	26
9	251.6810	251	31
10	250.7855	245	23
11	251.3477	249	27
12	250.7438	244	30
13	250.4105	243	30
14	250.5564	244	26
15	250.5357	246	26
16	250.7024	247	28
17	250.6400	245	22
18	250.8689	252	30
19	251.1185	246	28
20	250.2651	246	20
21	250.2025	249	22
22	250.8895	247	28
23	250.1817	248	28
24	250.5148	251	27
25	250.0774	247	30
26	250.6813	249	26
27	250.0980	247	32
28	250.5565	248	32
29	250.2645	249	27
30	250.4521	245	33
31	250.5356	246	30
32	250.4940	255	33
33	250.0775	246	28
34	251.2021	244	26
35	250.2440	246	26
36	250.2858	245	27
37	250.9313	250	27
38	250.7228	248	30
39	250.6399	247	28
40	250.4106	247	29
41	250.4105	249	29
42	250.2851	247	35
43	250.3900	250	22
44	250.5146	252	33
45	250.8686	247	32
46	250.1815	253	30
47	250.3273	248	29
48	250.0771	247	37
49	250.1608	248	28
50	250.7645	249	32
51	250.2024	247	28
52	250.1188	250	35
53	250.8064	252	29
54	250.7853	245	32
55	250.7020	246	32
56	250.2024	245	27
57	250.3063	246	31
58	250.0148	245	29
59	250.3271	247	29
60	250.8060	249	37
61	250.4730	252	28
62	250.5771	250	32
63	250.4940	244	31
64	250.7440	246	26
65	250.7440	249	29
66	250.6606	246	29
67	250.3483	245	29
68	250.1193	247	28
69	250.4939	251	34
70	250.3691	242	23
71	250.4108	251	27
72	250.1612	245	18
73	250.5357	243	24
74	250.4941	244	23
75	250.4523	246	32
76	250.6604	248	28
77	250.5358	249	27
78	250.7440	248	27
79	250.0775	250	28
80	250.9108	248	22
81	250.0359	245	28
82	250.4527	241	18
83	250.8690	248	29
84	250.4314	247	33
85	250.6397	246	25
86	250.9312	251	28
87	250.6816	242	17
88	250.7228	250	32
89	250.8065	247	24
90	250.3268	247	36
91	251.2438	248	26
92	250.9314	249	28
93	250.0984	244	26
94	250.8476	248	34
95	250.7437	254	43
96	250.0356	248	32
97	250.0565	249	29
98	250.1612	242	20
99	250.7649	245	25
100	250.8899	248	19
101	250.7437	245	27
102	250.6188	251	37
103	250.3484	243	23
104	250.3063	247	32
105	250.2236	241	21
106	250.5149	247	27
107	250.5774	249	29
108	250.2853	252	37
109	250.2024	248	30
110	250.1191	247	27
111	250.1609	245	21
112	250.5983	251	26
113	250.1399	246	27
114	250.5149	248	23
115	251.4520	248	33
116	250.5567	244	16
117	250.7437	246	31
118	250.4105	251	37
119	251.2646	249	24
120	250.3067	246	29
121	250.6398	245	28
122	250.0982	244	28
123	250.0983	245	25
124	250.2024	247	32
125	250.8479	252	27
126	251.4312	252	26
127	250.7437	249	35
128	250.1189	249	30
129	251.2229	250	28
130	250.5985	249	20
131	250.2439	244	28
132	250.5774	245	22
133	250.8485	242	25
134	250.0357	247	27
135	250.5980	244	31
136	250.7228	247	30
137	251.6186	250	24
138	250.8273	241	23
139	250.6813	245	29
140	250.8480	251	33
141	250.7228	250	28
142	250.8062	253	28
143	250.0985	244	22
144	250.9522	251	33
145	250.4938	249	30
146	250.7022	240	21
147	250.5771	248	35
148	250.8274	245	22
149	250.8689	246	32
150	250.0359	243	26
151	250.0773	246	27
152	250.5773	245	26
153	250.7230	248	25
154	250.7646	243	33
155	250.8268	248	34
156	250.2026	245	21
157	250.3692	250	25
158	250.2649	248	30
159	250.2442	241	23
160	251.0567	237	18
161	250.6810	249	32
162	250.0152	245	22
163	250.4941	241	21
164	250.0356	249	29
165	250.3689	249	31
166	250.4936	251	37
167	250.7022	246	23
168	250.0981	247	28
169	250.2024	247	25
170	250.8066	249	31
171	250.2024	249	27
172	250.3481	245	23
173	250.5353	246	33
174	251.7223	254	37
175	250.4101	253	38
176	250.6190	246	24
177	250.2644	249	32
178	250.0360	246	23
179	250.8269	244	29
180	250.1818	246	26
181	250.9104	248	29
182	250.5148	249	31
183	250.5151	248	25
184	250.0986	244	25
185	250.8899	244	22
186	250.5359	242	21
187	251.3685	245	28
188	250.1609	243	27
189	250.9106	244	23
190	250.6814	241	25
191	250.8271	249	24
192	250.9316	252	18
193	250.3903	248	22
194	250.0153	243	23
195	250.9311	246	28
196	251.6604	244	19
197	250.4109	242	19
198	251.3060	246	24
199	250.4940	243	23
200	250.5565	250	26
201	250.9102	249	35
202	250.1814	252	34
203	250.5354	248	34
204	250.2027	243	20
205	250.3270	255	41
206	250.1189	241	31
207	250.4309	249	44
208	250.2858	244	27
209	250.7226	252	32
210	251.3063	244	23
211	250.0984	245	23
212	250.5564	247	28
213	251.0355	244	23
214	250.5141	248	41
215	250.9314	248	28
216	250.0148	249	29
217	250.6816	245	20
218	250.0361	247	26
219	250.0149	253	31
220	250.3686	250	37
221	250.6187	250	26
222	250.0149	244	27
223	250.9316	250	24
224	250.8684	249	31
225	250.8473	254	38
226	250.3065	246	27
227	250.5147	243	32
228	250.8061	247	31
229	250.7853	251	31
230	250.7648	248	25
231	250.5768	250	38
232	250.6810	250	39
233	251.6396	246	20
234	250.3481	244	26
235	250.8272	244	27
236	250.2649	251	33
237	250.3271	249	34
238	250.2442	247	25
239	250.6190	244	26
240	250.2438	248	29
241	250.6812	247	32
242	250.6816	244	22
243	250.1192	245	21
244	250.9311	246	28
245	250.4320	245	20
246	250.4734	247	21
247	250.1192	246	25
248	250.7231	247	24
249	250.4316	243	25
250	250.7025	245	16
251	250.3065	248	25
252	250.1606	252	37
253	250.0147	249	33
254	250.2234	244	25
255	250.7856	246	27
256	251.5353	248	21
257	250.5151	252	28
258	250.6397	246	25
259	250.8688	250	33
260	250.3903	247	21
261	250.6815	247	22
262	250.8062	246	33
263	251.2644	252	31
264	251.5559	246	29
265	250.8695	248	17
266	250.1403	245	26
267	250.8899	244	19
268	250.5772	249	31
269	251.4311	245	24
270	250.5566	253	28
271	250.0774	250	25
272	250.0153	244	20
273	250.2650	250	24
274	250.9106	243	23
275	250.2856	248	24
276	250.3895	250	34
277	251.6811	245	29
278	250.6610	245	17
279	250.4938	250	30
280	250.4735	238	16
281	250.3692	244	20
282	250.2648	249	28
283	250.4111	249	23
284	250.7228	247	33
285	250.3482	250	37
286	251.0148	247	23
287	250.2647	246	30
288	250.2855	256	36
289	250.4104	251	31
290	250.2647	246	27
291	250.2650	242	24
292	250.0985	244	15
293	250.5354	249	35
294	250.0565	250	29
295	250.8269	249	36
296	250.2232	244	23
297	250.1812	251	38
298	250.8894	250	32
299	250.9937	251	29
300	250.5977	246	34
301	250.8272	247	25
302	250.3899	247	28
303	250.3062	253	38
304	250.5148	248	28
305	250.8273	252	29
306	251.0355	246	32
307	250.2859	250	24
308	250.5146	251	32
309	250.5984	244	23
310	250.1819	245	20
311	250.2440	252	30
312	250.7443	245	21
313	250.3064	246	31
314	250.4102	249	30
315	250.1400	249	25
316	250.7022	247	23
317	250.4940	248	31
318	250.7023	250	25
319	250.8063	247	26
320	250.5150	251	29
321	250.8060	249	33
322	250.9104	251	28
323	250.0357	246	26
324	250.5566	245	25
325	250.5774	253	35
326	250.1814	248	33
327	250.7649	245	25
328	250.3276	242	22
329	250.0151	245	23
330	250.6398	244	23
331	250.5356	243	28
332	250.7437	246	32
333	250.5149	249	32
334	251.4726	247	32
335	251.3061	246	27
336	250.8478	249	33
337	250.2650	248	29
338	250.8899	243	18
339	250.7856	249	26
340	250.7433	252	41
341	250.4314	247	27
342	250.2021	241	29
343	250.2858	243	30
344	250.5148	247	27
345	250.6815	246	25
346	250.4940	249	28
347	250.7024	248	23
348	250.0569	247	26
349	250.8689	251	29
350	250.7438	253	26
351	250.3692	247	24
352	250.0772	251	39
353	250.2858	241	21
354	251.3060	246	28
355	250.7439	246	19
356	250.2652	246	26
357	250.5979	247	26
358	250.1606	241	23
359	250.0773	241	26
360	251.1813	244	22
361	250.4106	246	29
362	250.5151	247	21
363	250.0356	245	29
364	250.6604	246	30
365	250.1813	249	39
366	250.0150	248	22
367	250.5982	246	23
368	250.5148	249	25
369	250.7230	249	30
370	250.8684	250	32
371	250.0567	250	28
372	250.3689	250	24
373	251.3270	247	24
374	250.8270	251	30
375	250.3485	248	22
376	250.0566	248	30
377	250.6189	241	24
378	250.4728	249	27
379	250.0150	243	29
380	250.0150	244	22
381	250.2442	242	24
382	250.8684	254	39
383	250.8065	246	19
384	250.9313	248	24
385	250.2648	246	37
386	250.2442	248	25
387	250.0981	247	31
388	250.8898	240	19
389	250.4106	247	29
390	250.5980	247	30
391	250.5352	245	37
392	250.0776	249	30
393	251.5145	248	24
394	250.0773	248	25
395	250.4526	245	22
396	250.6187	247	31
397	250.4316	247	25
398	250.4318	245	21
399	250.2441	248	23
400	250.2859	250	24
401	250.1191	248	27
402	250.0352	248	35
403	250.5352	250	34
404	250.6811	247	29
405	250.2859	245	20
406	250.7022	249	29
407	250.9315	245	25
408	250.6817	251	23
409	250.6604	245	34
410	250.3690	249	25
411	250.5355	252	33
412	250.9519	252	34
413	250.7855	249	35
414	250.7018	244	36
415	250.3065	250	37
416	250.2232	243	22
417	250.5980	249	31
418	250.2234	245	19
419	250.8484	242	26
420	250.2439	245	32
421	250.2646	250	35
422	251.2647	247	21
423	250.1196	242	18
424	250.7858	244	24
425	250.4734	244	25
426	250.3065	248	28
427	250.7233	246	24
428	250.7649	249	27
429	251.1398	247	22
430	250.0776	251	32
431	250.0777	243	21
432	250.8273	248	21
433	250.0358	247	33
434	250.3899	249	26
435	250.3483	247	19
436	250.2857	246	22
437	250.5566	245	25
438	250.1814	247	29
439	250.3484	243	23
440	250.8272	246	28
441	250.4732	250	25
442	250.7441	245	24
443	250.7441	250	28
444	250.6188	249	28
445	250.1191	246	26
446	250.4105	242	26
447	250.8896	245	29
448	250.8896	244	29
449	250.5149	247	27
450	251.2647	243	18
451	250.6602	246	32
452	250.7857	244	25
453	250.3272	246	27
454	250.4108	247	23
455	251.5140	254	37
456	250.7233	241	21
457	250.4524	243	22
458	250.8067	244	24
459	250.6607	244	27
460	250.3067	249	23
461	250.3273	248	32
462	251.1188	252	32
463	250.3065	251	30
464	250.3278	242	23
465	250.9105	250	29
466	250.2853	251	36
467	251.6807	253	36
468	250.1610	247	25
469	250.9315	249	24
470	250.4733	250	27
471	250.0359	242	24
472	250.3693	246	24
473	250.5359	249	22
474	250.3483	246	26
475	250.8272	243	26
476	250.6193	243	22
477	251.4104	245	27
478	250.8893	248	30
479	250.3483	246	25
480	250.7443	247	21
481	250.6394	245	34
482	251.0355	244	30
483	251.3267	248	27
484	250.5565	243	24
485	250.4108	246	20
486	250.6603	247	32
487	250.9103	247	25
488	250.4938	242	28
489	251.7014	249	36
490	250.7024	246	24
491	250.8272	246	21
492	250.3689	253	33
493	250.5360	245	16
494	250.5775	246	22
495	250.3065	242	23
496	250.4111	243	25
497	250.8891	247	38
498	250.8477	246	31
499	250.1609	244	21
500	250.7437	253	34
501	250.7019	250	33
502	250.2232	247	25
503	250.8683	246	33
504	250.8689	249	24
505	251.3689	244	31
506	250.1397	248	30
507	250.0775	247	33
508	250.3483	247	23
509	250.2645	246	36
510	250.6194	250	24
511	250.4735	242	19
512	250.8687	251	30
513	250.6606	247	29
514	251.6600	248	33
515	250.8687	246	23
516	250.0148	253	39
517	250.6815	248	27
518	250.8271	239	23
519	250.4523	251	33
520	250.8481	245	23
521	251.0981	243	22
522	250.3894	247	36
523	250.6196	241	14
524	250.2024	247	25
525	250.0982	252	28
526	250.1609	246	22
527	250.4523	250	33
528	250.6191	251	34
529	250.8057	247	38
530	250.6396	246	33
531	250.2854	245	27
532	251.5559	244	31
533	250.5356	250	26
534	250.3694	248	22
535	250.3481	249	27
536	251.5142	250	28
537	251.7229	255	24
538	250.3271	256	40
539	250.6191	243	21
540	250.6814	249	32
541	250.1400	246	26
542	250.0773	250	29
543	250.1812	249	29
544	250.5973	248	40
545	250.7440	245	25
546	250.0357	246	25
547	250.7854	251	33
548	250.0362	248	23
549	250.0569	249	32
550	250.7229	245	27
551	250.0151	249	29
552	250.9107	245	23
553	250.4944	244	21
554	251.5146	244	20
555	251.4728	248	28
556	250.4731	245	29
557	250.4939	252	31
558	250.0146	247	35
559	250.7647	250	31
560	250.7857	243	27
561	250.0568	245	30
562	250.0982	249	29
563	250.3898	250	31
564	251.1812	247	29
565	250.4730	245	29
566	250.7230	253	29
567	250.9105	247	27
568	250.3480	244	27
569	250.7025	248	22
570	250.0771	250	39
571	250.8691	244	22
572	250.0358	253	27
573	250.2648	248	31
574	250.5151	251	25
575	250.3061	247	30
576	250.0568	242	28
577	250.4943	243	24
578	250.0564	247	35
579	250.5981	248	30
580	250.7439	243	28
581	250.0150	245	27
582	250.1397	249	31
583	250.8271	246	26
584	251.2228	250	32
585	250.7024	249	20
586	250.2858	243	23
587	250.7857	242	23
588	250.3271	247	29
589	250.5777	239	22
590	250.7441	246	29
591	250.3273	242	31
592	250.1603	250	34
593	250.1605	250	32
594	250.2227	248	41
595	250.6186	247	36
596	250.3481	247	25
597	250.7857	245	26
598	250.4941	245	31
599	250.7231	252	30
600	250.7438	244	29
601	250.5151	246	23
602	250.9106	247	26
603	250.3480	251	32
604	250.3481	248	32
605	250.1815	252	25
606	250.5149	245	25
607	250.8477	246	31
608	250.7228	242	29
609	250.4944	240	17
610	250.7231	247	27
611	250.0773	246	23
612	250.8688	245	25
613	250.5355	243	29
614	250.0355	247	28
615	250.8478	246	34
616	250.4102	246	39
617	250.9105	246	30
618	250.0775	246	26
619	250.4107	245	23
620	250.7021	251	27
621	250.0775	250	33
622	250.5564	243	25
623	250.7855	244	26
624	250.7226	244	32
625	250.4520	249	34
626	250.9522	245	29
627	250.4314	248	27
628	250.4105	245	24
629	250.2232	247	29
630	250.8482	247	21
631	250.7438	248	29
632	250.3898	252	36
633	250.3271	248	38
634	250.6604	247	31
635	250.1194	240	22
636	251.0976	251	36
637	250.0569	243	16
638	251.4936	247	31
639	250.5773	249	30
640	250.6190	248	22
641	250.2651	247	21
642	250.9105	248	27
643	250.2441	247	32
644	250.2230	249	29
645	250.3062	250	36
646	250.0771	252	34
647	250.0150	241	24
648	250.7858	248	23
649	250.3065	253	32
650	250.5774	252	31
651	250.0150	248	29
652	250.3900	246	23
653	250.4316	246	27
654	250.5979	250	30
655	250.9732	245	24
656	250.6397	254	25
657	250.2021	246	37
658	250.4939	244	25
659	250.5148	247	27
660	250.3273	243	24
661	250.2647	247	28
662	250.5566	247	27
663	251.1188	250	29
664	250.7437	249	27
665	250.0568	238	21
666	250.2646	253	40
667	250.2855	251	28
668	250.0775	247	29
669	250.3685	250	31
670	250.1399	247	34
671	250.2024	249	30
672	250.1813	246	37
673	250.5149	246	22
674	250.6188	251	33
675	250.3066	246	33
676	250.7229	251	28
677	250.4941	244	23
678	250.0358	243	26
679	250.2649	247	29
680	250.2651	241	23
681	251.3685	247	30
682	250.4106	247	33
683	250.1400	249	32
684	250.4942	244	19
685	250.7024	248	23
686	251.1815	250	28
687	250.4940	245	21
688	250.0990	244	18
689	250.2232	245	28
690	250.3065	250	25
691	250.1606	244	30
692	250.6605	249	29
693	250.4315	244	23
694	250.2648	250	33
695	250.5772	247	25
696	250.8691	247	21
697	251.6393	247	26
698	250.5773	246	28
699	250.5978	251	38
700	250.3276	246	29
701	250.3063	247	32
702	250.4315	248	26
703	250.6188	247	26
704	251.0355	244	23
705	250.3689	244	37
706	250.0152	240	21
707	250.8481	250	28
708	250.0978	250	33
709	251.5770	245	23
710	250.3479	249	28
711	251.5767	249	28
712	250.8066	246	29
713	250.6606	247	30
714	250.5771	249	32
715	250.8267	256	37
716	250.9318	246	15
717	250.6814	246	26
718	251.5144	246	23
719	250.0983	246	22
720	250.5149	247	29
721	250.6401	242	15
722	250.8689	244	27
723	250.3064	247	28
724	250.2226	254	39
725	250.3897	247	30
726	250.6606	244	24
727	250.1193	247	18
728	250.5569	246	23
729	251.4516	247	33
730	251.6601	246	22
731	250.5361	246	22
732	250.9313	245	26
733	250.7026	247	20
734	251.1606	242	19
735	250.6189	248	26
736	250.1193	243	23
737	251.3266	251	33
738	250.5149	243	23
739	250.6816	253	22
740	250.0359	248	21
741	250.7649	243	23
742	250.3274	252	27
743	250.2023	245	24
744	250.5983	245	22
745	251.0770	242	27
746	250.3476	249	34
747	250.8060	249	33
748	250.1398	245	31
749	251.5773	249	20
750	250.3482	244	29
751	250.6187	246	30
752	250.4525	249	29
753	250.8476	254	35
754	250.6192	246	22
755	250.5151	246	24
756	250.5149	245	21
757	250.6607	244	22
758	250.4522	247	23
759	250.0149	248	30
760	250.4938	245	34
761	250.7026	247	23
762	250.3896	251	34
763	250.7855	251	29
764	250.6811	250	28
765	251.4933	249	32
766	251.0142	247	32
767	250.3896	249	32
768	250.5567	245	17
769	250.5357	241	25
770	250.8479	246	33
771	250.2024	244	26
772	250.3900	244	25
773	251.3478	251	31
774	250.4735	245	18
775	250.1605	250	33
776	250.2027	246	18
777	250.8063	246	28
778	250.2023	249	31
779	250.2857	244	24
780	250.8688	250	36
781	250.6401	248	23
782	250.7858	246	26
783	250.1398	246	27
784	250.2854	253	34
785	250.8900	246	20
786	250.2857	246	33
787	250.0150	243	28
788	250.7438	245	30
789	251.2232	246	18
790	250.0358	243	22
791	250.5145	247	33
792	251.3476	251	33
793	250.5770	248	32
794	250.1607	251	28
795	250.3900	242	23
796	250.5776	245	24
797	250.6400	241	22
798	250.7231	245	26
799	250.7643	248	39
800	250.8478	247	31
801	251.5139	248	37
802	250.0563	247	32
803	250.7850	246	36
804	250.0983	250	29
805	250.8480	246	29
806	250.0360	248	25
807	250.7443	242	23
808	250.6391	245	36
809	250.4733	246	21
810	250.1399	249	33
811	250.4105	243	27
812	250.7653	241	15
813	250.3064	244	32
814	250.3484	252	26
815	250.0150	243	29
816	250.1608	245	26
817	250.8897	244	28
818	250.4526	247	24
819	250.0360	248	22
820	250.2440	251	26
821	250.8897	246	26
822	251.5348	250	34
823	250.3067	244	19
824	250.7648	245	18
825	250.7438	247	32
826	250.3695	246	19
827	250.4316	241	23
828	251.4933	249	35
829	250.7233	244	19
830	250.7231	248	28
831	250.2024	245	23
832	250.0777	247	20
833	251.4728	247	26
834	250.1195	248	20
835	250.5360	243	21
836	251.2855	242	21
837	250.8063	253	34
838	250.9520	244	26
839	251.2435	248	32
840	250.2228	251	37
841	250.0771	254	42
842	250.6608	248	22
843	250.1191	251	34
844	251.3893	249	28
845	250.7853	250	33
846	250.5768	247	36
847	250.4108	249	26
848	250.6400	247	24
849	250.8071	241	18
850	250.6397	249	32
851	250.2231	249	32
852	250.0150	243	29
853	250.8064	250	28
854	250.7435	248	32
855	250.2858	246	29
856	251.5978	244	26
857	250.4523	245	24
858	250.1608	248	21
859	250.7861	244	17
860	250.4942	246	24
861	250.1607	248	29
862	250.7024	247	22
863	250.2857	249	31
864	250.9103	252	36
865	250.2439	247	31
866	250.6817	244	18
867	250.3692	245	25
868	250.2028	239	22
869	250.9522	244	28
870	250.3687	246	30
871	251.6814	247	24
872	250.6606	245	32
873	250.9310	253	35
874	250.7648	242	23
875	250.5564	249	26
876	250.5566	243	20
877	250.3271	248	31
878	250.5983	242	26
879	250.3275	247	30
880	250.2440	247	33
881	250.0983	246	26
882	250.9106	242	22
883	250.8481	243	33
884	250.6813	244	25
885	250.1603	250	26
886	250.0772	248	29
887	250.9106	246	25
888	250.5982	247	24
889	251.3062	246	23
890	250.6186	247	28
891	250.8689	248	30
892	250.7231	244	20
893	250.3477	249	36
894	250.8692	244	17
895	250.3065	244	31
896	250.0354	251	32
897	250.8271	247	26
898	250.2022	245	29
899	250.2852	245	37
900	250.2858	244	27
901	250.0564	249	30
902	250.7444	244	28
903	250.1402	242	25
904	250.1605	247	29
905	250.3069	246	12
906	250.4939	245	29
907	250.4526	245	22
908	250.2442	247	31
909	250.1816	247	23
910	250.4518	250	35
911	250.7026	240	18
912	250.1818	245	28
913	250.2232	247	33
914	250.4314	245	28
915	250.4732	245	20
916	250.4108	245	26
917	250.7440	247	27
918	250.6188	246	33
919	251.4725	249	30
920	250.0568	250	34
921	250.4106	247	29
922	250.3064	246	27
923	250.6187	253	32
924	251.4523	246	23
925	250.0568	249	30
926	250.5148	239	24
927	250.6814	246	30
928	250.1184	249	38
929	250.2857	244	28
930	250.4521	250	34
931	251.2434	249	34
932	250.9315	248	23
933	250.3483	248	23
934	250.2649	245	25
935	250.4733	246	24
936	250.7234	245	23
937	250.7233	247	25
938	250.7023	249	24
939	250.9317	248	21
940	250.3276	245	31
941	250.5563	247	29
942	250.5359	242	24
943	250.1813	252	38
944	250.4526	247	24
945	250.6816	249	30
946	250.6184	257	45
947	250.7439	246	23
948	250.5570	243	16
949	250.2228	249	34
950	250.7854	246	25
951	251.3475	248	35
952	250.8270	251	30
953	250.8062	248	28
954	250.5148	249	32
955	250.2236	239	23
956	250.8688	248	28
957	250.1189	247	32
958	250.3483	247	26
959	251.3479	248	28
960	250.6192	248	20
961	250.4730	247	28
962	250.1818	247	26
963	250.9311	246	29
964	250.8901	243	20
965	250.2439	246	22
966	250.9101	250	37
967	250.7650	244	19
968	251.2229	247	25
969	250.0355	245	26
970	250.4314	250	36
971	250.1607	252	29
972	250.8900	250	27
973	250.2652	246	19
974	250.8690	251	25
975	250.8481	239	22
976	250.1189	250	36
977	250.7856	246	27
978	250.1186	247	35
979	250.6190	247	28
980	250.5150	246	31
981	250.1819	244	16
982	250.0776	248	26
983	250.4732	243	23
984	250.3274	254	36
985	250.5561	245	33
986	250.5145	244	27
987	251.2857	246	23
988	250.4318	247	23
989	250.6815	245	24
990	250.4728	245	27
991	250.3272	245	30
992	250.3897	246	29
993	250.4518	247	34
994	250.4108	249	29
995	250.4107	252	29
996	250.3274	251	30
997	250.2858	243	22
998	250.3275	253	31
999	250.2857	244	24
1000	251.0145	250	32
