1	245.0796	243	245.0796	0.0668	0.1816	33.0000
2	244.1835	239	244.1835	0.1291	0.1974	38.0000
3	247.1407	247	247.1407	0.1095	0.2553	34.0000
4	242.4968	240	242.4968	0.0505	0.1289	33.0000
5	246.1832	240	246.1832	0.0326	0.2269	36.0000
6	245.9331	244	245.9331	0.0125	0.1289	33.0000
7	243.8922	241	243.8922	0.0803	0.1081	37.0000
8	246.5996	242	246.5996	0.0048	0.1013	37.0000
9	250.3898	251	250.3898	0.1265	0.1816	35.0000
10	248.5572	244	248.5572	0.2455	0.3905	35.0000
11	250.0565	249	250.0565	0.0016	0.0434	33.0000
12	244.1837	238	244.1837	0.0944	0.1289	40.0000
13	249.2860	243	249.2860	0.0039	0.0434	40.0000
14	240.3936	234	240.3936	0.0428	0.1510	37.0000
15	249.2445	246	249.2445	0.0260	0.0434	35.0000
16	250.3067	246	250.3067	0.0886	0.2696	38.0000
17	245.6001	241	245.6001	0.1375	0.1816	36.0000
18	243.9547	246	243.9547	0.2699	0.3133	33.0000
19	249.8274	246	249.8274	0.0205	0.1771	36.0000
20	239.9563	236	239.9563	0.1330	0.1979	34.0000
21	247.2037	247	247.2037	0.0063	0.1289	30.0000
22	240.2267	237	240.2267	0.0971	0.2736	35.0000
23	243.4342	242	243.4342	0.0955	0.2506	35.0000
24	243.9547	245	243.9547	0.3156	0.3422	32.0000
25	244.2670	242	244.2670	0.0310	0.1013	35.0000
26	239.6020	238	239.6020	0.0693	0.1013	32.0000
27	245.0582	243	245.0582	0.1521	0.1557	37.0000
28	247.3910	246	247.3910	0.4177	0.4306	37.0000
29	240.8929	240	240.8929	0.0322	0.0434	29.0000
30	246.3495	242	246.3495	0.0056	0.0434	39.0000
31	239.2897	235	239.2897	0.0110	0.0728	37.0000
32	245.8082	251	245.8082	0.0247	0.1985	31.0000
33	247.8492	245	247.8492	0.2908	0.3133	36.0000
34	249.9110	244	249.9110	0.1279	0.1289	38.0000
35	248.0156	245	248.0156	0.0315	0.1289	34.0000
36	244.6629	240	244.6629	0.0052	0.2777	37.0000
37	242.1428	242	242.1428	0.3259	0.3549	32.0000
38	249.4317	248	249.4317	0.2294	0.2999	35.0000
39	248.4116	246	248.4116	0.1647	0.2736	36.0000
40	249.1195	247	249.1195	0.2806	0.3553	36.0000
41	248.3488	248	248.3488	0.0151	0.2915	33.0000
42	245.2453	243	245.2453	0.1397	0.1816	35.0000
43	245.3502	246	245.3502	0.1895	0.2459	30.0000
44	246.4119	249	246.4119	0.1684	0.2470	32.0000
45	248.6403	246	248.6403	0.0740	0.1816	36.0000
46	247.7241	251	247.7241	0.1873	0.2548	29.0000
47	247.5159	246	247.5159	0.1074	0.2736	34.0000
48	245.0373	243	245.0373	0.0452	0.1621	39.0000
49	248.0991	247	248.0991	0.2048	0.4010	35.0000
50	248.5361	248	248.5361	0.0588	0.0728	35.0000
51	247.9324	245	247.9324	0.1510	0.2920	35.0000
52	248.0572	249	248.0572	0.0322	0.1289	35.0000
53	241.4140	242	241.4140	0.2001	0.3833	31.0000
54	246.0995	241	246.0995	0.0680	0.2548	39.0000
55	244.7250	241	244.7250	0.0775	0.1013	38.0000
56	248.1408	244	248.1408	0.1193	0.1343	38.0000
57	246.2037	243	246.2037	0.2749	0.3513	37.0000
58	243.4547	239	243.4547	0.0834	0.1816	38.0000
59	245.0583	242	245.0583	0.0084	0.1013	34.0000
60	241.4344	240	241.4344	0.0317	0.1816	38.0000
61	247.3075	250	247.3075	0.2222	0.3549	30.0000
62	246.4745	247	246.4745	0.0263	0.1557	33.0000
63	245.4542	240	245.4542	0.0095	0.0434	40.0000
64	246.8080	243	246.8080	0.1809	0.3052	37.0000
65	242.3095	241	242.3095	0.0026	0.0728	35.0000
66	249.3694	246	249.3694	0.0848	0.1974	37.0000
67	243.9549	239	243.9549	0.1499	0.1557	39.0000
68	247.8493	245	247.8493	0.0020	0.1186	37.0000
69	249.0153	250	249.0153	0.0303	0.2506	34.0000
70	247.3703	240	247.3703	0.0892	0.2417	39.0000
71	245.7251	247	245.7251	0.1234	0.1816	32.0000
72	248.8701	245	248.8701	0.0899	0.2691	34.0000
73	243.9756	237	243.9756	0.0744	0.1289	38.0000
74	249.2030	244	249.2030	0.2063	0.2836	37.0000
75	244.4753	241	244.4753	0.0556	0.2068	39.0000
76	247.4949	246	247.4949	0.0718	0.2691	33.0000
77	245.8500	245	245.8500	0.0596	0.3008	34.0000
78	248.5157	247	248.5157	0.0744	0.1013	35.0000
79	245.9748	247	245.9748	0.0627	0.0728	32.0000
80	244.9338	243	244.9338	0.1491	0.1816	33.0000
81	242.7053	238	242.7053	0.1972	0.3214	39.0000
82	244.8297	236	244.8297	0.0032	0.0447	38.0000
83	247.7035	246	247.7035	0.0468	0.1771	37.0000
84	248.2030	246	248.2030	0.1633	0.2023	37.0000
85	249.3486	246	249.3486	0.3319	0.3386	34.0000
86	248.7028	250	248.7028	0.1234	0.2999	31.0000
87	247.5161	240	247.5161	0.0923	0.1557	35.0000
88	245.6830	246	245.6830	0.0768	0.2311	34.0000
89	249.5153	247	249.5153	0.1263	0.2696	34.0000
90	241.8923	239	241.8923	0.1737	0.3427	36.0000
91	249.9526	248	249.9526	0.1184	0.3095	34.0000
92	249.0572	248	249.0572	0.0130	0.1816	34.0000
93	248.8073	244	248.8073	0.1851	0.2177	38.0000
94	247.6821	246	247.6821	0.0615	0.1013	35.0000
95	249.4525	254	249.4525	0.1465	0.1974	37.0000
96	248.7444	248	248.7444	0.1712	0.1816	34.0000
97	246.8910	247	246.8910	0.0411	0.1557	33.0000
98	247.9329	241	247.9329	0.0506	0.2311	38.0000
99	240.9975	235	240.9975	0.1441	0.1510	38.0000
100	246.9539	245	246.9539	0.0220	0.1289	31.0000
101	244.1419	238	244.1419	0.1465	0.1974	36.0000
102	242.9341	244	242.9341	0.0922	0.1081	37.0000
103	244.5380	238	244.5380	0.0780	0.1289	37.0000
104	246.5577	244	246.5577	0.0379	0.0728	36.0000
105	247.9952	240	247.9952	0.0188	0.1719	39.0000
106	248.0991	245	248.0991	0.0068	0.0192	37.0000
107	247.4119	247	247.4119	0.2127	0.2969	35.0000
108	241.4968	244	241.4968	0.0439	0.1013	34.0000
109	248.3282	247	248.3282	0.0618	0.1186	36.0000
110	242.9551	240	242.9551	0.2919	0.3214	34.0000
111	243.2468	239	243.2468	0.0563	0.2777	34.0000
112	247.3911	248	247.3911	0.2867	0.3422	31.0000
113	246.0372	243	246.0372	0.0153	0.1557	35.0000
114	239.8521	238	239.8521	0.0172	0.2311	32.0000
115	250.1609	248	250.1609	0.0296	0.1557	40.0000
116	244.5797	239	244.5797	0.0790	0.2311	33.0000
117	248.6821	245	248.6821	0.0872	0.2464	37.0000
118	245.1832	246	245.1832	0.0575	0.1241	36.0000
119	249.9734	249	249.9734	0.0196	0.1816	33.0000
120	244.3297	241	244.3297	0.2283	0.3712	38.0000
121	248.4114	244	248.4114	0.2030	0.2881	38.0000
122	247.8699	243	247.8699	0.0173	0.0728	37.0000
123	243.1841	239	243.1841	0.0927	0.0963	35.0000
124	247.0369	245	247.0369	0.1416	0.2548	38.0000
125	238.0193	238	238.0193	0.0124	0.0434	29.0000
126	250.1400	252	250.1400	0.0013	0.1137	30.0000
127	241.3721	240	241.3721	0.0664	0.1816	36.0000
128	237.3320	236	237.3320	0.1003	0.1828	33.0000
129	249.9317	250	249.9317	0.0197	0.2960	33.0000
130	249.3073	249	249.3073	0.0566	0.0906	31.0000
131	246.1412	241	246.1412	0.1212	0.2068	37.0000
132	242.8927	238	242.8927	0.0455	0.1013	35.0000
133	247.6830	240	247.6830	0.0395	0.0728	43.0000
134	239.3728	237	239.3728	0.0835	0.1510	33.0000
135	238.9980	233	238.9980	0.0984	0.1081	39.0000
136	248.4944	246	248.4944	0.0902	0.3867	35.0000
137	250.3274	250	250.3274	0.0276	0.2650	31.0000
138	248.5990	240	248.5990	0.1520	0.1557	40.0000
139	249.3901	245	249.3901	0.1032	0.3712	37.0000
140	248.0366	249	248.0366	0.0311	0.1816	36.0000
141	244.7458	245	244.7458	0.3146	0.3312	31.0000
142	240.4974	243	240.4974	0.0158	0.2182	29.0000
143	245.9958	241	245.9958	0.1847	0.2604	36.0000
144	249.6611	251	249.6611	0.2213	0.2960	35.0000
145	249.2026	249	249.2026	0.0478	0.0728	34.0000
146	240.9765	231	240.9765	0.0139	0.2311	39.0000
147	250.0357	248	250.0357	0.0334	0.1409	38.0000
148	244.8504	240	244.8504	0.0221	0.1013	35.0000
149	248.6405	245	248.6405	0.0465	0.1343	40.0000
150	244.2255	238	244.2255	0.0059	0.0786	38.0000
151	247.0785	244	247.0785	0.1208	0.1974	35.0000
152	249.0987	244	249.0987	0.0653	0.1457	38.0000
153	246.6203	245	246.6203	0.1420	0.1557	32.0000
154	246.6619	240	246.6619	0.1568	0.2177	42.0000
155	248.5984	247	248.5984	0.0198	0.1355	36.0000
156	247.3912	243	247.3912	0.1460	0.2548	34.0000
157	242.6222	242	242.6222	0.2300	0.2459	32.0000
158	248.9738	248	248.9738	0.1364	0.1673	36.0000
159	248.3700	240	248.3700	0.1517	0.1816	40.0000
160	249.7655	237	249.7655	0.1440	0.1557	43.0000
161	243.7668	243	243.7668	0.0659	0.3095	33.0000
162	242.1638	238	242.1638	0.0860	0.0906	34.0000
163	242.6427	234	242.6427	0.1557	0.3422	38.0000
164	246.8701	247	246.8701	0.1783	0.2548	33.0000
165	247.0160	246	247.0160	0.0762	0.1241	35.0000
166	247.1407	248	247.1407	0.1439	0.2068	34.0000
167	249.4110	246	249.4110	0.0102	0.2459	33.0000
168	238.0400	234	238.0400	0.0449	0.0963	34.0000
169	247.2036	245	247.2036	0.0613	0.1289	33.0000
170	247.6411	247	247.6411	0.0417	0.1186	38.0000
171	246.2664	246	246.2664	0.1566	0.1719	32.0000
172	238.7481	234	238.7481	0.1932	0.4415	33.0000
173	247.3698	244	247.3698	0.1320	0.2035	39.0000
174	250.4311	254	250.4311	0.0361	0.1816	33.0000
175	247.5987	251	247.5987	0.1473	0.1929	31.0000
176	241.9972	238	241.9972	0.0110	0.2311	36.0000
177	245.3912	245	245.3912	0.0744	0.1771	33.0000
178	248.7448	246	248.7448	0.1045	0.1289	34.0000
179	249.5358	244	249.5358	0.1914	0.2269	38.0000
180	246.0791	243	246.0791	0.0779	0.1301	37.0000
181	242.8093	240	242.8093	0.2064	0.3747	35.0000
182	247.3493	247	247.3493	0.1136	0.2777	35.0000
183	245.4752	244	245.4752	0.1231	0.2548	34.0000
184	247.8703	243	247.8703	0.0792	0.2311	39.0000
185	245.2670	239	245.2670	0.1794	0.2177	37.0000
186	245.4961	238	245.4961	0.0198	0.2311	38.0000
187	250.0773	245	250.0773	0.0625	0.1974	37.0000
188	247.9326	242	247.9326	0.1242	0.3422	40.0000
189	243.9965	238	243.9965	0.0548	0.1557	37.0000
190	247.6826	239	247.6826	0.1047	0.1289	40.0000
191	241.1014	240	241.1014	0.3557	0.3833	30.0000
192	247.7661	250	247.7661	0.2070	0.3589	27.0000
193	248.1619	247	248.1619	0.0511	0.3358	33.0000
194	248.7241	243	248.7241	0.0232	0.0618	39.0000
195	244.5377	240	244.5377	0.2215	0.2311	35.0000
196	250.3692	244	250.3692	0.0617	0.0728	35.0000
197	249.1197	242	249.1197	0.0781	0.2311	36.0000
198	250.0148	246	250.0148	0.0608	0.1013	34.0000
199	246.3913	240	246.3913	0.1152	0.1457	36.0000
200	241.1642	241	241.1642	0.0414	0.0741	32.0000
201	248.6818	248	248.6818	0.0776	0.2736	37.0000
202	238.3524	240	238.3524	0.0478	0.2068	33.0000
203	248.3070	247	248.3070	0.0859	0.1409	37.0000
204	239.5398	233	239.5398	0.0562	0.1343	37.0000
205	240.6013	246	240.6013	0.2898	0.4789	33.0000
206	245.0791	237	245.0791	0.0182	0.1013	41.0000
207	248.2025	248	248.2025	0.0426	0.1013	39.0000
208	243.5383	238	243.5383	0.0531	0.1468	39.0000
209	243.8084	246	243.8084	0.0396	0.1289	29.0000
210	250.0152	244	250.0152	0.0311	0.0963	37.0000
211	239.6022	235	239.6022	0.0608	0.0728	35.0000
212	249.2652	247	249.2652	0.0201	0.2417	35.0000
213	249.7444	244	249.7444	0.0756	0.1510	36.0000
214	247.3486	246	247.3486	0.0579	0.3905	37.0000
215	245.8915	244	245.8915	0.2202	0.3624	36.0000
216	245.9121	246	245.9121	0.1525	0.1974	34.0000
217	244.8713	240	244.8713	0.1090	0.2999	35.0000
218	246.8289	244	246.8289	0.2156	0.3214	36.0000
219	242.5176	246	242.5176	0.1581	0.1816	30.0000
220	246.2659	247	246.2659	0.0443	0.1013	34.0000
221	245.7456	246	245.7456	0.1384	0.1719	30.0000
222	244.0379	239	244.0379	0.1287	0.1510	37.0000
223	246.8289	247	246.8289	0.2830	0.3100	32.0000
224	246.7658	246	246.7658	0.0752	0.3598	32.0000
225	244.2872	248	244.2872	0.0291	0.0434	30.0000
226	249.0153	246	249.0153	0.1160	0.3307	36.0000
227	246.4120	240	246.4120	0.0108	0.0321	41.0000
228	249.5149	247	249.5149	0.0254	0.2604	35.0000
229	244.8083	246	244.8083	0.0763	0.2220	33.0000
230	247.5993	246	247.5993	0.1871	0.2464	34.0000
231	244.5998	245	244.5998	0.0577	0.1355	35.0000
232	245.5580	245	245.5580	0.0407	0.1241	37.0000
233	250.3484	246	250.3484	0.1355	0.2548	34.0000
234	244.3711	239	244.3711	0.0324	0.1241	38.0000
235	245.7873	240	245.7873	0.1312	0.1557	40.0000
236	248.9321	250	248.9321	0.1052	0.2459	34.0000
237	246.3911	246	246.3911	0.0076	0.3185	35.0000
238	244.2672	242	244.2672	0.1252	0.1557	35.0000
239	245.9333	240	245.9333	0.1521	0.2459	38.0000
240	247.2450	246	247.2450	0.0376	0.1289	34.0000
241	243.1423	239	243.1423	0.1957	0.2128	37.0000
242	249.5571	244	249.5571	0.1575	0.2079	36.0000
243	245.8292	241	245.8292	0.0417	0.0434	35.0000
244	248.7028	245	248.7028	0.0512	0.3100	36.0000
245	246.4960	242	246.4960	0.0273	0.2459	37.0000
246	248.4117	246	248.4117	0.0496	0.1522	34.0000
247	248.7864	245	248.7864	0.0277	0.2311	36.0000
248	247.5576	245	247.5576	0.1460	0.2279	34.0000
249	249.1405	243	249.1405	0.1099	0.2220	39.0000
250	243.9550	239	243.9550	0.1942	0.2999	32.0000
251	237.7693	236	237.7693	0.1330	0.2317	33.0000
252	241.3721	244	241.3721	0.1131	0.2691	34.0000
253	244.3918	244	244.3918	0.1132	0.2068	34.0000
254	244.4131	239	244.4131	0.0378	0.2068	38.0000
255	247.7868	244	247.7868	0.1319	0.1468	37.0000
256	250.2442	248	250.2442	0.1189	0.1457	31.0000
257	242.6638	245	242.6638	0.1158	0.2691	33.0000
258	248.5781	245	248.5781	0.0458	0.0741	35.0000
259	242.7884	242	242.7884	0.0329	0.1186	35.0000
260	243.4761	241	243.4761	0.0619	0.1025	34.0000
261	247.5160	245	247.5160	0.1873	0.1878	33.0000
262	249.5150	246	249.5150	0.1976	0.2370	39.0000
263	249.9733	252	249.9733	0.1720	0.1771	32.0000
264	250.2647	246	250.2647	0.0797	0.1557	37.0000
265	244.8925	243	244.8925	0.1617	0.2311	33.0000
266	244.5174	240	244.5174	0.1118	0.3133	39.0000
267	248.6616	243	248.6616	0.0697	0.2311	35.0000
268	242.8926	242	242.8926	0.1318	0.2359	36.0000
269	250.1400	245	250.1400	0.1241	0.2691	36.0000
270	240.0604	243	240.0604	0.0298	0.1457	30.0000
271	238.8315	239	238.8315	0.0782	0.1013	30.0000
272	249.0782	244	249.0782	0.0048	0.2068	35.0000
273	237.1240	237	237.1240	0.2481	0.2915	31.0000
274	244.9336	238	244.9336	0.1170	0.2311	38.0000
275	243.3715	242	243.3715	0.0002	0.0434	33.0000
276	241.5803	241	241.5803	0.0066	0.3138	34.0000
277	250.3899	245	250.3899	0.0500	0.1557	41.0000
278	248.4327	244	248.4327	0.0009	0.0728	34.0000
279	240.1850	240	240.1850	0.0372	0.3820	33.0000
280	243.5593	232	243.5593	0.0197	0.0728	40.0000
281	248.1409	243	248.1409	0.1094	0.1510	35.0000
282	241.6430	241	241.6430	0.0007	0.1457	32.0000
283	242.5597	242	242.5597	0.1260	0.1719	33.0000
284	239.1228	236	239.1228	0.0395	0.0434	36.0000
285	247.1827	248	247.1827	0.1362	0.2220	38.0000
286	249.7237	247	249.7237	0.0424	0.1013	34.0000
287	242.7674	239	242.7674	0.1105	0.1557	36.0000
288	244.3085	251	244.3085	0.0056	0.1013	29.0000
289	247.2032	248	247.2032	0.1989	0.3786	32.0000
290	247.0992	244	247.0992	0.0609	0.3589	35.0000
291	237.7279	230	237.7279	0.0812	0.1816	40.0000
292	245.9958	241	245.9958	0.1144	0.2999	31.0000
293	245.4955	245	245.4955	0.0291	0.2960	36.0000
294	248.7237	249	248.7237	0.0780	0.1013	32.0000
295	243.4546	241	243.4546	0.2314	0.2650	37.0000
296	243.3091	238	243.3091	0.0564	0.2920	36.0000
297	247.9529	250	247.9529	0.1479	0.2691	34.0000
298	246.0163	246	246.0163	0.2378	0.3786	33.0000
299	249.7025	251	249.7025	0.0980	0.1974	32.0000
300	249.3066	246	249.3066	0.0459	0.2068	38.0000
301	247.6617	245	247.6617	0.0940	0.1289	35.0000
302	245.3501	243	245.3501	0.2370	0.4419	35.0000
303	247.1407	251	247.1407	0.1732	0.2023	35.0000
304	244.8711	243	244.8711	0.1033	0.2068	34.0000
305	248.5572	250	248.5572	0.1933	0.2782	33.0000
306	249.7443	246	249.7443	0.0214	0.2691	41.0000
307	248.0575	249	248.0575	0.1463	0.2317	32.0000
308	248.6403	250	248.6403	0.0856	0.2177	32.0000
309	249.6613	244	249.6613	0.0206	0.2068	38.0000
310	247.9536	244	247.9536	0.1407	0.3214	34.0000
311	248.0157	251	248.0157	0.0557	0.1985	30.0000
312	239.3110	234	239.3110	0.0646	0.0728	37.0000
313	249.0153	246	249.0153	0.1336	0.3095	37.0000
314	243.4960	243	243.4960	0.0104	0.3386	31.0000
315	245.1002	245	245.1002	0.2309	0.3712	32.0000
316	243.7881	241	243.7881	0.0973	0.1253	33.0000
317	246.5580	244	246.5580	0.0538	0.2311	36.0000
318	240.2061	240	240.2061	0.2543	0.3422	32.0000
319	242.1845	239	242.1845	0.2068	0.3307	35.0000
320	249.2238	251	249.2238	0.0207	0.1289	34.0000
321	246.7033	246	246.7033	0.1387	0.3214	34.0000
322	245.8705	247	245.8705	0.0329	0.2220	32.0000
323	245.9330	243	245.9330	0.1630	0.2311	36.0000
324	249.2654	245	249.2654	0.1736	0.2220	37.0000
325	245.5376	249	245.5376	0.0628	0.2691	35.0000
326	244.2044	243	244.2044	0.0812	0.1510	36.0000
327	249.4737	245	249.4737	0.2209	0.2359	37.0000
328	246.3916	239	246.3916	0.0931	0.1771	39.0000
329	243.4550	239	243.4550	0.0075	0.1816	35.0000
330	240.1437	234	240.1437	0.1495	0.2068	37.0000
331	249.2445	243	249.2445	0.1942	0.2506	39.0000
332	240.4142	236	240.4142	0.0793	0.1510	38.0000
333	244.8919	244	244.8919	0.0522	0.1253	36.0000
334	250.1815	247	250.1815	0.0915	0.1013	38.0000
335	250.0149	246	250.0149	0.0584	0.1929	36.0000
336	241.8095	240	241.8095	0.0235	0.0728	35.0000
337	246.1623	245	246.1623	0.1778	0.2322	36.0000
338	241.1642	234	241.1642	0.0425	0.1241	35.0000
339	244.8086	244	244.8086	0.0432	0.2417	32.0000
340	249.4521	252	249.4521	0.3406	0.3637	33.0000
341	245.2041	242	245.2041	0.0589	0.1510	36.0000
342	247.0366	239	247.0366	0.1327	0.1979	40.0000
343	248.9946	243	248.9946	0.1429	0.1816	42.0000
344	247.5159	245	247.5159	0.2569	0.2777	34.0000
345	248.4115	244	248.4115	0.0907	0.1289	36.0000
346	241.6432	240	241.6432	0.1858	0.4206	34.0000
347	239.1024	237	239.1024	0.0289	0.1289	33.0000
348	243.1428	241	243.1428	0.0686	0.1557	36.0000
349	249.5777	251	249.5777	0.1664	0.2846	33.0000
350	244.1214	246	244.1214	0.1650	0.2068	27.0000
351	247.2037	245	247.2037	0.0462	0.2068	34.0000
352	248.7861	251	248.7861	0.0567	0.1289	37.0000
353	244.6628	236	244.6628	0.0367	0.1013	37.0000
354	250.0149	246	250.0149	0.0908	0.2311	36.0000
355	249.4528	246	249.4528	0.2833	0.3349	32.0000
356	246.3292	243	246.3292	0.0819	0.3052	38.0000
357	247.4324	245	247.4324	0.1495	0.2226	33.0000
358	242.8300	234	242.8300	0.0599	0.0728	37.0000
359	244.4337	236	244.4337	0.2283	0.3549	40.0000
360	249.8901	244	249.8901	0.0595	0.2068	36.0000
361	244.4336	241	244.4336	0.1057	0.1771	36.0000
362	246.4124	244	246.4124	0.0851	0.1816	33.0000
363	246.6827	242	246.6827	0.0192	0.0631	37.0000
364	243.8712	239	243.8712	0.0208	0.2068	37.0000
365	247.3491	247	247.3491	0.0583	0.1457	38.0000
366	245.1418	244	245.1418	0.0317	0.1013	30.0000
367	244.7878	241	244.7878	0.0148	0.1510	34.0000
368	245.8291	245	245.8291	0.0447	0.2023	33.0000
369	248.4947	248	248.4947	0.0932	0.2023	35.0000
370	249.5773	250	249.5773	0.1620	0.3176	32.0000
371	245.3709	246	245.3709	0.0630	0.1557	33.0000
372	242.6842	243	242.6842	0.0403	0.2417	29.0000
373	250.0358	247	250.0358	0.1543	0.2269	34.0000
374	245.7872	247	245.7872	0.0938	0.2311	32.0000
375	249.0573	248	249.0573	0.1640	0.1816	32.0000
376	243.1425	242	243.1425	0.0213	0.1289	36.0000
377	247.4534	239	247.4534	0.2434	0.3214	39.0000
378	240.7471	240	240.7471	0.0331	0.2604	30.0000
379	244.0380	238	244.0380	0.0048	0.0434	40.0000
380	244.0380	239	244.0380	0.0386	0.1289	36.0000
381	247.8285	240	247.8285	0.0543	0.2548	40.0000
382	245.4122	249	245.4122	0.0295	0.0434	32.0000
383	242.0180	238	242.0180	0.0186	0.3624	33.0000
384	241.2057	239	241.2057	0.1242	0.2311	33.0000
385	248.0365	245	248.0365	0.1162	0.1719	41.0000
386	244.6212	243	244.6212	0.0518	0.1557	33.0000
387	246.9326	245	246.9326	0.1149	0.1557	35.0000
388	243.2052	233	243.2052	0.0848	0.2311	39.0000
389	247.2451	245	247.2451	0.0934	0.1719	36.0000
390	241.5804	238	241.5804	0.1672	0.1771	35.0000
391	245.0789	240	245.0789	0.0688	0.0728	40.0000
392	248.7864	249	248.7864	0.0373	0.1289	35.0000
393	250.2234	248	250.2234	0.0335	0.2459	34.0000
394	246.9118	246	246.9118	0.0864	0.3673	31.0000
395	245.5794	241	245.5794	0.0839	0.1816	36.0000
396	247.2242	244	247.2242	0.0218	0.0494	36.0000
397	241.2267	238	241.2267	0.0252	0.1457	34.0000
398	249.1407	245	249.1407	0.0105	0.2311	36.0000
399	245.2043	244	245.2043	0.0656	0.2777	33.0000
400	239.9771	240	239.9771	0.0173	0.0434	30.0000
401	248.0575	247	248.0575	0.2315	0.3943	34.0000
402	246.8697	246	246.8697	0.0806	0.3176	34.0000
403	244.7249	245	244.7249	0.0336	0.0676	32.0000
404	245.6413	243	245.6413	0.0113	0.2506	34.0000
405	247.1204	243	247.1204	0.1294	0.1621	34.0000
406	242.0803	241	242.0803	0.0439	0.0728	34.0000
407	247.7660	243	247.7660	0.0918	0.3307	37.0000
408	246.5790	248	246.5790	0.1179	0.2068	31.0000
409	247.4949	243	247.4949	0.0748	0.1013	40.0000
410	243.8089	243	243.8089	0.2050	0.3422	32.0000
411	245.4957	248	245.4957	0.2639	0.2831	32.0000
412	249.6608	252	249.6608	0.0620	0.3436	33.0000
413	249.4943	249	249.4943	0.0887	0.2322	38.0000
414	248.4734	243	248.4734	0.0321	0.0434	40.0000
415	248.0782	249	248.0782	0.0037	0.1557	37.0000
416	242.3719	236	242.3719	0.0361	0.1289	36.0000
417	249.3069	249	249.3069	0.0616	0.1979	35.0000
418	247.9950	244	247.9950	0.0662	0.3133	32.0000
419	248.6201	241	248.6201	0.0466	0.1289	42.0000
420	249.1194	245	249.1194	0.0588	0.0728	39.0000
421	244.6417	245	244.6417	0.0014	0.1719	35.0000
422	249.9735	247	249.9735	0.0994	0.1816	33.0000
423	245.2465	238	245.2465	0.3047	0.3176	38.0000
424	246.6831	241	246.6831	0.0355	0.0728	38.0000
425	248.2034	242	248.2034	0.0198	0.1069	39.0000
426	240.5808	239	240.5808	0.1940	0.2696	35.0000
427	246.6206	243	246.6206	0.0321	0.0728	36.0000
428	244.7879	244	244.7879	0.0819	0.1301	35.0000
429	249.8486	247	249.8486	0.0129	0.2548	35.0000
430	241.8098	243	241.8098	0.0889	0.1013	35.0000
431	246.9122	241	246.9122	0.1196	0.2777	36.0000
432	244.2672	242	244.2672	0.0003	0.1816	32.0000
433	239.5396	237	239.5396	0.0666	0.3629	38.0000
434	241.6014	241	241.6014	0.1144	0.1974	32.0000
435	248.2866	246	248.2866	0.0512	0.3549	30.0000
436	247.1202	244	247.1202	0.0723	0.1013	33.0000
437	249.2654	245	249.2654	0.1460	0.1510	37.0000
438	243.2673	241	243.2673	0.1295	0.1816	34.0000
439	247.5369	241	247.5369	0.2704	0.2915	38.0000
440	245.7874	242	245.7874	0.0361	0.2311	37.0000
441	243.3716	243	243.3716	0.0256	0.2548	32.0000
442	244.1840	239	244.1840	0.1317	0.1974	37.0000
443	244.9338	245	244.9338	0.1303	0.1609	35.0000
444	248.3905	248	248.3905	0.0050	0.1198	33.0000
445	248.0574	245	248.0574	0.0356	0.0728	35.0000
446	249.2860	242	249.2860	0.0651	0.1013	38.0000
447	245.2667	240	245.2667	0.3598	0.3977	38.0000
448	247.7241	242	247.7241	0.0076	0.1816	40.0000
449	241.7264	239	241.7264	0.0063	0.1816	35.0000
450	249.9735	243	249.9735	0.0645	0.2068	35.0000
451	246.5575	243	246.5575	0.0104	0.0434	37.0000
452	245.9125	240	245.9125	0.0028	0.1557	40.0000
453	245.2874	242	245.2874	0.0358	0.1013	34.0000
454	239.9147	237	239.9147	0.0433	0.0434	34.0000
455	250.2228	254	250.2228	0.0432	0.1289	32.0000
456	249.4321	241	249.4321	0.1091	0.1557	40.0000
457	245.7459	239	245.7459	0.1547	0.1974	36.0000
458	247.6412	242	247.6412	0.0037	0.0728	38.0000
459	245.9749	240	245.9749	0.0507	0.1816	39.0000
460	249.0155	249	249.0155	0.2054	0.2317	31.0000
461	249.0361	248	249.0361	0.1114	0.2226	37.0000
462	249.8276	252	249.8276	0.1065	0.1557	33.0000
463	247.1410	249	247.1410	0.0410	0.2311	32.0000
464	243.5803	236	243.5803	0.1000	0.2068	40.0000
465	246.6205	246	246.6205	0.1499	0.1557	34.0000
466	242.7881	244	242.7881	0.0637	0.2696	33.0000
467	250.3895	253	250.3895	0.1081	0.2220	32.0000
468	243.4135	241	243.4135	0.2249	0.2746	35.0000
469	245.8917	245	245.8917	0.0855	0.1867	34.0000
470	245.4334	246	245.4334	0.0178	0.3176	33.0000
471	242.1846	235	242.1846	0.0926	0.1816	39.0000
472	247.5579	244	247.5579	0.0577	0.1025	36.0000
473	250.1402	248	250.1402	0.1675	0.1929	32.0000
474	248.1199	245	248.1199	0.0388	0.2068	36.0000
475	244.8502	238	244.8502	0.1359	0.1633	39.0000
476	248.3910	242	248.3910	0.1480	0.2084	39.0000
477	250.1193	245	250.1193	0.1783	0.1816	38.0000
478	243.9752	242	243.9752	0.0623	0.2068	34.0000
479	241.5598	238	241.5598	0.0912	0.1013	37.0000
480	244.1842	241	244.1842	0.1453	0.2548	35.0000
481	244.6624	240	244.6624	0.0036	0.1241	40.0000
482	249.7443	244	249.7443	0.0004	0.2706	42.0000
483	250.0356	248	250.0356	0.1591	0.1816	32.0000
484	248.3282	242	248.3282	0.0228	0.2915	37.0000
485	247.2453	244	247.2453	0.1896	0.2604	32.0000
486	246.1412	243	246.1412	0.0001	0.1673	38.0000
487	243.8087	240	243.8087	0.1101	0.2023	33.0000
488	244.6834	237	244.6834	0.2522	0.2777	40.0000
489	250.4102	249	250.4102	0.0436	0.1186	37.0000
490	247.4952	243	247.4952	0.0809	0.1557	35.0000
491	248.5989	245	248.5989	0.1258	0.3176	32.0000
492	249.0777	253	249.0777	0.0647	0.2999	31.0000
493	246.4333	242	246.4333	0.1353	0.2915	33.0000
494	249.2864	246	249.2864	0.1230	0.1557	34.0000
495	246.9536	239	246.9536	0.1273	0.1816	37.0000
496	246.6625	240	246.6625	0.1673	0.1816	42.0000
497	249.5980	247	249.5980	0.1273	0.3265	38.0000
498	248.0363	244	248.0363	0.0584	0.1013	37.0000
499	243.2467	238	243.2467	0.0348	0.2506	34.0000
500	244.7667	248	244.7667	0.1799	0.3939	33.0000
501	248.4735	249	248.4735	0.0388	0.1771	33.0000
502	247.2244	245	247.2244	0.0916	0.1816	34.0000
503	245.8285	242	245.8285	0.2219	0.2311	36.0000
504	249.3903	248	249.3903	0.1701	0.2548	32.0000
505	250.4318	244	250.4318	0.0657	0.1719	44.0000
506	248.8486	248	248.8486	0.1008	0.1186	34.0000
507	246.4955	244	246.4955	0.0405	0.1301	39.0000
508	249.0572	247	249.0572	0.0487	0.2220	34.0000
509	248.9733	246	248.9733	0.0415	0.0494	39.0000
510	249.3282	250	249.3282	0.0723	0.1013	33.0000
511	248.2451	241	248.2451	0.0120	0.0145	37.0000
512	245.9956	247	245.9956	0.0745	0.1929	32.0000
513	249.5361	247	249.5361	0.0036	0.0434	36.0000
514	250.3689	248	250.3689	0.0488	0.2068	37.0000
515	247.8698	244	247.8698	0.0435	0.2736	32.0000
516	246.8493	251	246.8493	0.2407	0.2464	34.0000
517	246.5789	245	246.5789	0.0361	0.1198	36.0000
518	248.5988	238	248.5988	0.2487	0.3549	41.0000
519	240.4976	241	240.4976	0.0314	0.2079	36.0000
520	245.9749	241	245.9749	0.0150	0.0434	36.0000
521	249.8070	243	249.8070	0.0872	0.1719	39.0000
522	247.3905	245	247.3905	0.0473	0.0963	38.0000
523	246.5170	238	246.5170	0.0147	0.2311	39.0000
524	246.0997	244	246.0997	0.1463	0.2604	33.0000
525	237.9151	240	237.9151	0.0242	0.1013	29.0000
526	244.7047	241	244.7047	0.0640	0.1289	34.0000
527	248.2239	249	248.2239	0.2011	0.3138	35.0000
528	242.7677	244	242.7677	0.1951	0.2876	36.0000
529	239.0183	235	239.0183	0.0713	0.1719	38.0000
530	241.0806	237	241.0806	0.1158	0.1557	38.0000
531	238.0816	233	238.0816	0.0910	0.2960	34.0000
532	250.2647	244	250.2647	0.0430	0.0434	40.0000
533	249.2028	249	249.2028	0.0611	0.0728	31.0000
534	246.6208	245	246.6208	0.0004	0.2841	34.0000
535	248.1198	248	248.1198	0.1357	0.2417	33.0000
536	250.3897	250	250.3897	0.0728	0.1736	32.0000
537	250.4317	255	250.4317	0.2323	0.2960	28.0000
538	245.8080	252	245.8080	0.0487	0.2960	32.0000
539	243.8716	237	243.8716	0.0197	0.1289	36.0000
540	248.4113	247	248.4113	0.0672	0.2422	35.0000
541	245.8083	242	245.8083	0.0111	0.0906	35.0000
542	242.2260	243	242.2260	0.2929	0.3312	32.0000
543	240.9762	240	240.9762	0.4608	0.5005	30.0000
544	246.6613	245	246.6613	0.0414	0.3095	35.0000
545	247.5785	243	247.5785	0.0199	0.0434	37.0000
546	245.9331	243	245.9331	0.1877	0.2220	33.0000
547	246.9951	247	246.9951	0.0837	0.1013	35.0000
548	244.0592	243	244.0592	0.1076	0.1557	34.0000
549	246.8914	247	246.8914	0.2303	0.2736	37.0000
550	241.5180	236	241.5180	0.0856	0.1510	38.0000
551	241.5806	241	241.5806	0.2161	0.2558	34.0000
552	244.9337	240	244.9337	0.2140	0.2269	36.0000
553	246.3917	241	246.3917	0.0188	0.2459	37.0000
554	250.2235	244	250.2235	0.0064	0.1816	36.0000
555	250.1816	248	250.1816	0.0435	0.1557	36.0000
556	244.6628	240	244.6628	0.1290	0.1929	37.0000
557	247.4951	250	247.4951	0.0045	0.1289	32.0000
558	244.3917	242	244.3917	0.1273	0.2464	36.0000
559	249.4735	250	249.4735	0.0413	0.2226	34.0000
560	242.3513	235	242.3513	0.0462	0.0963	40.0000
561	248.7657	245	248.7657	0.0049	0.2220	40.0000
562	248.6196	248	248.6196	0.0562	0.1069	33.0000
563	248.1615	249	248.1615	0.1028	0.1241	34.0000
564	250.2441	247	250.2441	0.0460	0.1816	37.0000
565	243.8922	239	243.8922	0.0024	0.0434	37.0000
566	248.4947	252	248.4947	0.0830	0.1289	31.0000
567	243.5799	240	243.5799	0.2621	0.2691	35.0000
568	249.0568	244	249.0568	0.0216	0.1557	36.0000
569	242.0806	240	242.0806	0.0739	0.0963	33.0000
570	243.5170	244	243.5170	0.0163	0.2226	36.0000
571	241.1434	235	241.1434	0.2170	0.2999	38.0000
572	244.4128	248	244.4128	0.1271	0.1289	28.0000
573	246.1204	244	246.1204	0.0287	0.0618	35.0000
574	246.4124	248	246.4124	0.0657	0.0906	32.0000
575	249.0149	247	249.0149	0.0504	0.0728	33.0000
576	247.8284	241	247.8284	0.0161	0.1301	41.0000
577	245.8085	239	245.8085	0.0419	0.0728	39.0000
578	244.8292	242	244.8292	0.0291	0.1013	38.0000
579	249.3070	248	249.3070	0.0342	0.1013	37.0000
580	245.7041	239	245.7041	0.0759	0.1241	40.0000
581	244.9752	241	244.9752	0.0179	0.2375	36.0000
582	242.2884	242	242.2884	0.0087	0.1409	33.0000
583	249.5359	246	249.5359	0.0041	0.0618	34.0000
584	249.9317	250	249.9317	0.0049	0.1289	35.0000
585	232.7089	231	232.7089	0.0576	0.1816	30.0000
586	245.2459	239	245.2459	0.1408	0.1771	39.0000
587	249.4945	242	249.4945	0.0542	0.2594	40.0000
588	245.4540	243	245.4540	0.0314	0.0676	34.0000
589	243.6635	233	243.6635	0.0231	0.1289	43.0000
590	248.5157	245	248.5157	0.0283	0.1557	39.0000
591	246.2246	239	246.2246	0.0385	0.0728	42.0000
592	248.8691	250	248.8691	0.2261	0.2459	32.0000
593	244.5376	245	244.5376	0.1763	0.2068	33.0000
594	246.1200	245	246.1200	0.0831	0.2506	38.0000
595	247.4531	245	247.4531	0.2324	0.2563	37.0000
596	246.2454	244	246.2454	0.0541	0.0906	32.0000
597	245.7459	241	245.7459	0.0026	0.0434	38.0000
598	246.3914	242	246.3914	0.0426	0.0494	40.0000
599	250.3274	251	250.3274	0.0138	0.1816	33.0000
600	239.3105	233	239.3105	0.0782	0.0963	40.0000
601	250.1194	245	250.1194	0.2212	0.2311	37.0000
602	247.1620	244	247.1620	0.0022	0.1462	36.0000
603	249.0568	251	249.0568	0.2260	0.2311	33.0000
604	247.1826	246	247.1826	0.0677	0.1468	36.0000
605	245.1417	248	245.1417	0.1444	0.2691	28.0000
606	246.4122	242	246.4122	0.0409	0.1013	36.0000
607	247.6822	244	247.6822	0.0336	0.1137	37.0000
608	245.6830	238	245.6830	0.0387	0.0728	39.0000
609	249.2032	240	249.2032	0.3014	0.3176	39.0000
610	249.4319	247	249.4319	0.0230	0.2522	36.0000
611	243.4964	240	243.4964	0.0589	0.1289	31.0000
612	244.8918	240	244.8918	0.1266	0.2226	35.0000
613	247.3700	241	247.3700	0.1329	0.1816	39.0000
614	245.9328	244	245.9328	0.1949	0.2023	33.0000
615	242.9965	239	242.9965	0.0435	0.3214	40.0000
616	249.1190	246	249.1190	0.0805	0.1289	40.0000
617	248.6822	245	248.6822	0.0094	0.0434	39.0000
618	248.7863	246	248.7863	0.1583	0.2177	35.0000
619	242.1429	237	242.1429	0.0950	0.2736	34.0000
620	248.4738	250	248.4738	0.0183	0.1557	30.0000
621	236.9572	237	236.9572	0.0391	0.2516	35.0000
622	247.3909	241	247.3909	0.0755	0.2777	38.0000
623	246.6829	241	246.6829	0.0385	0.3358	38.0000
624	248.6610	243	248.6610	0.0303	0.1289	38.0000
625	242.9548	242	242.9548	0.0747	0.3274	35.0000
626	249.6610	245	249.6610	0.1524	0.1557	39.0000
627	236.3533	233	236.3533	0.2961	0.4345	34.0000
628	242.5592	238	242.5592	0.1873	0.5483	35.0000
629	245.1834	243	245.1834	0.0249	0.1816	35.0000
630	242.9968	240	242.9968	0.0666	0.0728	33.0000
631	245.7040	244	245.7040	0.0624	0.2311	34.0000
632	243.6423	246	243.6423	0.0221	0.0728	36.0000
633	244.8708	243	244.8708	0.1311	0.1557	38.0000
634	248.4321	246	248.4321	0.1011	0.1719	37.0000
635	242.2681	233	242.2681	0.0029	0.0434	42.0000
636	249.8065	251	249.8065	0.1492	0.3138	36.0000
637	246.8914	241	246.8914	0.1040	0.1816	34.0000
638	250.2024	247	250.2024	0.0883	0.1510	39.0000
639	244.1839	243	244.1839	0.1480	0.2220	35.0000
640	239.0190	237	239.0190	0.2175	0.2787	31.0000
641	242.2263	239	242.2263	0.0163	0.1289	32.0000
642	243.9547	241	243.9547	0.0569	0.2279	34.0000
643	241.2059	238	241.2059	0.0102	0.0728	38.0000
644	248.9318	249	248.9318	0.0593	0.2548	32.0000
645	246.5576	247	246.5576	0.1294	0.1974	34.0000
646	246.9116	250	246.9116	0.1603	0.2650	31.0000
647	246.0790	238	246.0790	0.0175	0.1343	39.0000
648	249.4529	247	249.4529	0.2297	0.3751	34.0000
649	246.2039	250	246.2039	0.0859	0.3422	32.0000
650	244.6004	247	244.6004	0.1530	0.2220	34.0000
651	246.8495	246	246.8495	0.1126	0.1557	34.0000
652	245.3501	242	245.3501	0.0697	0.1289	34.0000
653	249.0987	245	249.0987	0.1127	0.1673	37.0000
654	242.9132	243	242.9132	0.1779	0.2177	31.0000
655	249.6821	245	249.6821	0.0019	0.0145	39.0000
656	239.0189	242	239.0189	0.0161	0.0434	26.0000
657	245.1206	241	245.1206	0.1184	0.1557	41.0000
658	241.8721	236	241.8721	0.2011	0.2359	38.0000
659	247.3493	245	247.3493	0.0245	0.1457	34.0000
660	246.2246	240	246.2246	0.1829	0.2311	36.0000
661	243.5172	241	243.5172	0.0570	0.1771	34.0000
662	237.0199	233	237.0199	0.1383	0.1557	38.0000
663	249.8277	250	249.8277	0.0706	0.2023	34.0000
664	248.5154	248	248.5154	0.2309	0.4372	32.0000
665	247.8284	237	247.8284	0.0385	0.0786	41.0000
666	246.1619	250	246.1619	0.0249	0.0434	35.0000
667	248.0571	250	248.0571	0.0491	0.1289	30.0000
668	245.0377	243	245.0377	0.0893	0.1462	38.0000
669	245.6827	246	245.6827	0.0334	0.1289	31.0000
670	248.2656	246	248.2656	0.0422	0.1289	39.0000
671	248.9112	249	248.9112	0.0814	0.1186	34.0000
672	245.4956	242	245.4956	0.0152	0.1289	40.0000
673	239.2690	235	239.2690	0.0156	0.2506	34.0000
674	249.3277	251	249.3277	0.1303	0.1979	34.0000
675	249.7652	246	249.7652	0.0341	0.0728	42.0000
676	242.2677	243	242.2677	0.0829	0.3133	30.0000
677	244.0590	237	244.0590	0.1039	0.1557	36.0000
678	243.6216	236	243.6216	0.0050	0.0434	38.0000
679	243.3508	241	243.3508	0.2174	0.2375	36.0000
680	246.1625	238	246.1625	0.0674	0.0728	40.0000
681	250.0773	247	250.0773	0.0164	0.0434	36.0000
682	248.1822	246	248.1822	0.0172	0.0734	38.0000
683	241.1017	240	241.1017	0.1582	0.2516	36.0000
684	246.3915	241	246.3915	0.0420	0.0494	35.0000
685	249.2238	247	249.2238	0.0492	0.1013	34.0000
686	249.8903	250	249.8903	0.1434	0.2079	36.0000
687	241.8722	237	241.8722	0.0246	0.1557	33.0000
688	245.4132	240	245.4132	0.0451	0.1289	37.0000
689	243.4757	239	243.4757	0.1186	0.1289	37.0000
690	241.6847	242	241.6847	0.2270	0.4093	30.0000
691	247.8905	242	247.8905	0.1191	0.2736	38.0000
692	249.3693	249	249.3693	0.0743	0.1241	34.0000
693	242.5802	237	242.5802	0.1596	0.1816	35.0000
694	248.9736	250	248.9736	0.1815	0.1816	34.0000
695	247.4117	245	247.4117	0.1406	0.1816	34.0000
696	248.6407	246	248.6407	0.0015	0.2068	33.0000
697	250.3482	247	250.3482	0.0523	0.1013	35.0000
698	245.3085	241	245.3085	0.1449	0.2128	38.0000
699	246.8492	248	246.8492	0.0066	0.0728	36.0000
700	247.1621	244	247.1621	0.2138	0.2548	38.0000
701	246.2037	244	246.2037	0.1228	0.3477	37.0000
702	248.2032	247	248.2032	0.2104	0.2548	34.0000
703	246.5162	244	246.5162	0.2363	0.2604	34.0000
704	249.9110	244	249.9110	0.0467	0.1557	37.0000
705	246.2662	241	246.2662	0.0595	0.1289	43.0000
706	244.2049	235	244.2049	0.0973	0.2269	40.0000
707	246.5580	246	246.5580	0.1660	0.2915	33.0000
708	248.8066	250	248.8066	0.1645	0.1679	31.0000
709	250.2858	245	250.2858	0.0208	0.1241	37.0000
710	244.7250	244	244.7250	0.2023	0.2177	31.0000
711	250.2856	249	250.2856	0.0772	0.1719	33.0000
712	240.1020	235	240.1020	0.0737	0.2311	39.0000
713	240.9349	238	240.9349	0.1776	0.2226	38.0000
714	249.2859	249	249.2859	0.0806	0.1013	36.0000
715	240.6639	246	240.6639	0.1551	0.3133	29.0000
716	239.2901	234	239.2901	0.0564	0.1013	33.0000
717	247.5159	244	247.5159	0.1681	0.2920	37.0000
718	250.2232	246	250.2232	0.0597	0.1289	34.0000
719	247.8700	245	247.8700	0.0389	0.0728	32.0000
720	247.3494	245	247.3494	0.0103	0.1192	37.0000
721	238.2696	230	238.2696	0.1883	0.3820	35.0000
722	250.3275	244	250.3275	0.0251	0.2417	39.0000
723	249.0152	247	249.0152	0.0675	0.1289	34.0000
724	242.5380	247	242.5380	0.1061	0.2777	31.0000
725	245.5165	243	245.5165	0.0363	0.2023	36.0000
726	248.4322	243	248.4322	0.1237	0.2177	36.0000
727	243.7258	241	243.7258	0.0617	0.2068	30.0000
728	243.6427	240	243.6427	0.0661	0.2117	37.0000
729	250.1604	247	250.1604	0.0002	0.0434	37.0000
730	250.3690	246	250.3690	0.1112	0.2736	34.0000
731	241.7476	238	241.7476	0.0488	0.2821	37.0000
732	242.1428	237	242.1428	0.0635	0.0906	36.0000
733	238.1655	235	238.1655	0.0521	0.1289	34.0000
734	250.0361	242	250.0361	0.1740	0.3422	37.0000
735	241.8304	240	241.8304	0.0261	0.1289	33.0000
736	248.8281	243	248.8281	0.0044	0.1019	37.0000
737	250.2021	251	250.2021	0.0312	0.1771	32.0000
738	246.7246	239	246.7246	0.0672	0.2548	38.0000
739	242.2472	245	242.2472	0.2757	0.4306	27.0000
740	244.9961	244	244.9961	0.2212	0.2573	31.0000
741	248.5365	242	248.5365	0.1464	0.2023	38.0000
742	242.7884	244	242.7884	0.0725	0.1013	31.0000
743	247.9740	244	247.9740	0.0453	0.1974	34.0000
744	246.6623	242	246.6623	0.1163	0.2506	35.0000
745	249.7859	242	249.7859	0.0686	0.3214	41.0000
746	246.2450	246	246.2450	0.1120	0.1289	34.0000
747	238.2688	237	238.2688	0.0951	0.0963	34.0000
748	247.9114	244	247.9114	0.0314	0.0963	37.0000
749	250.2861	249	250.2861	0.0142	0.1719	33.0000
750	249.0571	244	249.0571	0.1073	0.1557	39.0000
751	243.4548	239	243.4548	0.2356	0.2736	36.0000
752	242.7678	242	242.7678	0.0930	0.2311	35.0000
753	240.5181	244	240.5181	0.0393	0.3463	30.0000
754	249.3281	246	249.3281	0.1250	0.2068	35.0000
755	242.6638	239	242.6638	0.0790	0.1241	37.0000
756	248.2866	244	248.2866	0.0814	0.1816	34.0000
757	249.3695	244	249.3695	0.1008	0.2650	36.0000
758	242.9550	240	242.9550	0.0048	0.0434	32.0000
759	245.9123	245	245.9123	0.0161	0.1816	35.0000
760	239.8309	235	239.8309	0.0693	0.2068	39.0000
761	238.1655	235	238.1655	0.0195	0.0728	36.0000
762	248.1612	250	248.1612	0.0965	0.1301	33.0000
763	247.6200	249	247.6200	0.2111	0.3013	33.0000
764	249.5566	250	249.5566	0.1246	0.3677	30.0000
765	250.2021	249	250.2021	0.2179	0.2777	35.0000
766	249.7231	247	249.7231	0.0943	0.2655	36.0000
767	241.6011	241	241.6011	0.0422	0.0906	33.0000
768	247.3912	243	247.3912	0.1961	0.2777	33.0000
769	247.3702	239	247.3702	0.1644	0.2836	40.0000
770	248.6196	245	248.6196	0.1462	0.1782	39.0000
771	248.8696	243	248.8696	0.0919	0.1557	38.0000
772	249.0988	244	249.0988	0.1766	0.2269	37.0000
773	250.0566	251	250.0566	0.1154	0.1289	34.0000
774	248.2452	244	248.2452	0.0012	0.1013	35.0000
775	245.4747	246	245.4747	0.0938	0.3751	34.0000
776	245.1629	242	245.1629	0.0420	0.2311	32.0000
777	247.6408	244	247.6408	0.1627	0.2558	37.0000
778	247.9740	248	247.9740	0.1028	0.1816	34.0000
779	248.0573	243	248.0573	0.1398	0.1719	35.0000
780	248.6404	249	248.6404	0.0306	0.2370	37.0000
781	245.6003	244	245.6003	0.0188	0.2548	34.0000
782	248.5574	245	248.5574	0.1130	0.1771	38.0000
783	246.9743	244	246.9743	0.0019	0.0728	34.0000
784	239.7892	243	239.7892	0.0984	0.1301	30.0000
785	247.7245	244	247.7245	0.0358	0.0434	34.0000
786	246.1413	242	246.1413	0.0942	0.1241	39.0000
787	246.8495	241	246.8495	0.1733	0.1771	40.0000
788	249.4527	245	249.4527	0.1313	0.2417	39.0000
789	249.9320	246	249.9320	0.1488	0.2999	33.0000
790	248.7447	243	248.7447	0.0154	0.0494	37.0000
791	245.4746	243	245.4746	0.0942	0.2220	37.0000
792	250.0565	251	250.0565	0.1931	0.1974	34.0000
793	247.4115	246	247.4115	0.0520	0.2876	36.0000
794	237.3945	238	237.3945	0.0948	0.1771	30.0000
795	247.2245	240	247.2245	0.0800	0.1289	38.0000
796	246.6416	242	246.6416	0.0727	0.2969	38.0000
797	247.7869	238	247.7869	0.0031	0.1289	40.0000
798	244.1630	239	244.1630	0.0350	0.1343	38.0000
799	244.7873	243	244.7873	0.2109	0.3513	39.0000
800	242.9965	240	242.9965	0.0812	0.0963	36.0000
801	250.2227	248	250.2227	0.0331	0.1013	38.0000
802	247.0575	245	247.0575	0.0635	0.0728	35.0000
803	237.2483	232	237.2483	0.0724	0.1557	38.0000
804	248.8072	250	248.8072	0.1124	0.1974	33.0000
805	245.8081	242	245.8081	0.0404	0.0728	37.0000
806	242.1846	241	242.1846	0.1359	0.2777	34.0000
807	247.5371	239	247.5371	0.0144	0.1557	41.0000
808	249.5146	245	249.5146	0.0368	0.1816	38.0000
809	242.9760	239	242.9760	0.0207	0.1609	33.0000
810	245.2251	244	245.2251	0.1171	0.2548	36.0000
811	241.0389	234	241.0389	0.0228	0.0434	38.0000
812	247.5998	239	247.5998	0.1252	0.1289	39.0000
813	247.1409	242	247.1409	0.0026	0.0447	40.0000
814	239.6855	242	239.6855	0.0887	0.1025	30.0000
815	244.0380	238	244.0380	0.0446	0.0728	39.0000
816	245.1210	241	245.1210	0.0927	0.1816	36.0000
817	249.5985	244	249.5985	0.0129	0.1013	39.0000
818	246.3499	244	246.3499	0.0120	0.2068	36.0000
819	240.6644	239	240.6644	0.0643	0.1013	32.0000
820	243.6632	245	243.6632	0.1329	0.2359	29.0000
821	249.5985	246	249.5985	0.0028	0.0728	37.0000
822	250.2436	250	250.2436	0.0188	0.1771	34.0000
823	243.5592	238	243.5592	0.0208	0.1673	34.0000
824	244.0173	238	244.0173	0.0283	0.3820	33.0000
825	248.4738	245	248.4738	0.0736	0.2068	38.0000
826	249.9738	245	249.9738	0.1877	0.2960	35.0000
827	242.5596	233	242.5596	0.1096	0.2370	40.0000
828	250.2021	249	250.2021	0.1777	0.1974	36.0000
829	248.4950	243	248.4950	0.0216	0.0728	35.0000
830	245.6832	244	245.6832	0.0893	0.2311	34.0000
831	241.7680	237	241.7680	0.0893	0.2311	35.0000
832	248.7866	247	248.7866	0.0613	0.1867	32.0000
833	250.1817	247	250.1817	0.1667	0.2023	36.0000
834	248.8283	248	248.8283	0.0318	0.1457	32.0000
835	248.3077	242	248.3077	0.0524	0.2311	38.0000
836	249.9944	242	249.9944	0.2070	0.2226	38.0000
837	244.6419	247	244.6419	0.0701	0.0728	35.0000
838	249.6609	244	249.6609	0.2214	0.2459	37.0000
839	249.9523	248	249.9523	0.1443	0.1771	38.0000
840	238.6228	240	238.6228	0.2463	0.2736	33.0000
841	246.7242	251	246.7242	0.0697	0.1771	34.0000
842	245.2045	243	245.2045	0.0146	0.1069	32.0000
843	246.0164	248	246.0164	0.0065	0.0728	34.0000
844	250.2648	249	250.2648	0.1434	0.1816	33.0000
845	246.8493	247	246.8493	0.2455	0.2506	34.0000
846	248.5151	246	248.5151	0.1237	0.1929	38.0000
847	246.2664	245	246.2664	0.0554	0.1557	33.0000
848	241.8515	239	241.8515	0.1001	0.2548	35.0000
849	246.7044	238	246.7044	0.0075	0.2220	42.0000
850	249.3485	249	249.3485	0.1092	0.1719	36.0000
851	247.0576	247	247.0576	0.0584	0.3133	35.0000
852	248.7238	243	248.7238	0.1997	0.2777	39.0000
853	242.3720	242	242.3720	0.1522	0.1816	34.0000
854	249.4523	248	249.4523	0.0436	0.1563	34.0000
855	244.3088	241	244.3088	0.0507	0.1719	37.0000
856	250.3067	244	250.3067	0.1328	0.1557	40.0000
857	244.4753	240	244.4753	0.0331	0.1929	35.0000
858	245.4751	244	245.4751	0.0795	0.1013	30.0000
859	246.6835	241	246.6835	0.1971	0.3386	36.0000
860	242.8095	239	242.8095	0.1148	0.1974	36.0000
861	247.3285	246	247.3285	0.0219	0.1816	35.0000
862	249.2238	246	249.2238	0.0624	0.1816	33.0000
863	246.1831	246	246.1831	0.1137	0.1289	35.0000
864	243.8087	245	243.8087	0.1503	0.1816	34.0000
865	248.9527	247	248.9527	0.2110	0.3214	35.0000
866	248.8074	243	248.8074	0.0716	0.1289	34.0000
867	249.0780	245	249.0780	0.1911	0.2701	36.0000
868	244.2258	234	244.2258	0.0561	0.1816	42.0000
869	249.6610	244	249.6610	0.0702	0.0728	40.0000
870	242.8714	239	242.8714	0.0876	0.1013	36.0000
871	250.3902	247	250.3902	0.1625	0.2777	36.0000
872	244.6836	240	244.6836	0.0575	0.1771	40.0000
873	249.8065	253	249.8065	0.0132	0.1186	32.0000
874	249.4736	242	249.4736	0.1262	0.1557	39.0000
875	242.1012	241	242.1012	0.3239	0.4415	31.0000
876	248.3282	242	248.3282	0.1439	0.2220	35.0000
877	247.1616	246	247.1616	0.0342	0.0676	35.0000
878	245.5585	238	245.5585	0.0364	0.2068	41.0000
879	248.0991	246	248.0991	0.0321	0.2068	38.0000
880	242.7260	240	242.7260	0.0926	0.1289	38.0000
881	248.2240	245	248.2240	0.0775	0.1457	34.0000
882	247.7451	240	247.7451	0.0265	0.2311	38.0000
883	243.9339	237	243.9339	0.0000	0.1557	45.0000
884	245.6415	240	245.6415	0.0333	0.0786	37.0000
885	248.8692	250	248.8692	0.0171	0.3390	28.0000
886	242.3925	241	242.3925	0.2144	0.2311	32.0000
887	248.6823	245	248.6823	0.0572	0.0728	36.0000
888	241.8097	239	241.8097	0.0721	0.0728	33.0000
889	250.0150	246	250.0150	0.0108	0.1289	34.0000
890	236.7278	233	236.7278	0.1366	0.2548	33.0000
891	247.7034	246	247.7034	0.0091	0.1409	37.0000
892	238.1860	232	238.1860	0.1713	0.1816	34.0000
893	240.7887	240	240.7887	0.2096	0.2691	35.0000
894	249.5781	244	249.5781	0.1015	0.3977	35.0000
895	247.0993	241	247.0993	0.1183	0.1816	41.0000
896	246.6409	248	246.6409	0.1559	0.3095	31.0000
897	244.6004	241	244.6004	0.1579	0.4010	35.0000
898	247.9739	244	247.9739	0.1797	0.1979	36.0000
899	248.9940	245	248.9940	0.0983	0.2370	38.0000
900	246.3498	241	246.3498	0.0176	0.1816	38.0000
901	242.7258	242	242.7258	0.1370	0.1816	32.0000
902	247.5789	242	247.5789	0.0348	0.0618	43.0000
903	246.2042	239	246.2042	0.1275	0.2068	41.0000
904	246.0579	244	246.0579	0.0830	0.1013	34.0000
905	248.8283	245	248.8283	0.1390	0.2459	29.0000
906	248.6196	244	248.6196	0.0646	0.1816	37.0000
907	247.2871	243	247.2871	0.0857	0.2506	36.0000
908	246.3082	244	246.3082	0.1194	0.1816	38.0000
909	247.9533	246	247.9533	0.0156	0.1289	32.0000
910	247.2863	248	247.2863	0.1351	0.1771	34.0000
911	243.7884	234	243.7884	0.1878	0.1974	40.0000
912	244.2048	240	244.2048	0.0139	0.2220	38.0000
913	246.1205	244	246.1205	0.1571	0.2035	38.0000
914	244.4544	240	244.4544	0.0844	0.2696	37.0000
915	237.2905	231	237.2905	0.0000	0.2023	33.0000
916	245.3710	241	245.3710	0.0954	0.1241	37.0000
917	237.9570	234	237.9570	0.0764	0.1457	36.0000
918	247.4533	244	247.4533	0.0229	0.2920	39.0000
919	250.1813	249	250.1813	0.0114	0.0728	34.0000
920	237.1032	237	237.1032	0.0911	0.1301	37.0000
921	248.1823	246	248.1823	0.0777	0.0786	37.0000
922	246.2037	243	246.2037	0.1203	0.2777	35.0000
923	249.3276	253	249.3276	0.1018	0.1468	31.0000
924	250.1611	246	250.1611	0.1437	0.1557	37.0000
925	242.5595	242	242.5595	0.2010	0.2068	36.0000
926	244.5378	234	244.5378	0.2615	0.3176	42.0000
927	242.8301	239	242.8301	0.0835	0.1289	38.0000
928	246.9529	247	246.9529	0.0439	0.2311	35.0000
929	245.2459	240	245.2459	0.0954	0.1289	39.0000
930	248.0364	248	248.0364	0.1204	0.2311	36.0000
931	249.9523	249	249.9523	0.1014	0.1867	37.0000
932	246.7871	244	246.7871	0.0598	0.1289	33.0000
933	241.3308	239	241.3308	0.0643	0.1510	32.0000
934	243.1217	238	243.1217	0.0698	0.1557	35.0000
935	246.8914	243	246.8914	0.0778	0.1289	35.0000
936	249.4322	245	249.4322	0.0970	0.1974	38.0000
937	249.4321	247	249.4321	0.0430	0.2746	35.0000
938	249.4111	249	249.4111	0.1353	0.2999	33.0000
939	244.9547	243	244.9547	0.0414	0.1013	33.0000
940	247.1621	243	247.1621	0.0796	0.1013	40.0000
941	246.4537	244	246.4537	0.1517	0.2459	35.0000
942	249.0574	241	249.0574	0.0347	0.1013	41.0000
943	244.5583	247	244.5583	0.0880	0.1013	35.0000
944	238.2695	235	238.2695	0.0202	0.1557	35.0000
945	246.5789	246	246.5789	0.0670	0.1557	36.0000
946	249.3273	257	249.3273	0.0998	0.1241	33.0000
947	244.1630	240	244.1630	0.2260	0.2269	33.0000
948	247.3915	241	247.3915	0.0549	0.2359	37.0000
949	245.1830	245	245.1830	0.1278	0.3513	34.0000
950	247.6199	244	247.6199	0.0772	0.1289	34.0000
951	250.0563	248	250.0563	0.0680	0.1289	37.0000
952	248.5987	250	248.5987	0.0587	0.2459	32.0000
953	239.1438	236	239.1438	0.0235	0.2220	33.0000
954	243.6006	243	243.6006	0.0171	0.1457	36.0000
955	248.9324	239	248.9324	0.2147	0.2691	43.0000
956	247.1202	245	247.1202	0.0484	0.1013	34.0000
957	246.9534	245	246.9534	0.0035	0.0728	38.0000
958	235.8745	232	235.8745	0.0009	0.0728	35.0000
959	250.0567	248	250.0567	0.0707	0.2836	35.0000
960	241.4143	239	241.4143	0.0770	0.1557	31.0000
961	244.4960	242	244.4960	0.1777	0.1974	34.0000
962	248.1202	246	248.1202	0.0893	0.1013	35.0000
963	249.6399	246	249.6399	0.0356	0.0434	36.0000
964	248.6617	242	248.6617	0.1241	0.2777	38.0000
965	246.4953	243	246.4953	0.1392	0.2068	32.0000
966	249.6189	250	249.6189	0.1097	0.1289	36.0000
967	232.6048	226	232.6048	0.0985	0.1013	35.0000
968	249.9317	247	249.9317	0.0217	0.2068	34.0000
969	241.4137	237	241.4137	0.0546	0.0728	34.0000
970	244.8084	245	244.8084	0.0720	0.0728	36.0000
971	241.7262	244	241.7262	0.2509	0.2594	31.0000
972	243.9758	244	243.9758	0.0228	0.2459	35.0000
973	246.1626	243	246.1626	0.0308	0.1878	33.0000
974	243.9548	245	243.9548	0.0076	0.0434	31.0000
975	246.7454	236	246.7454	0.0287	0.0434	41.0000
976	239.8101	240	239.8101	0.0634	0.1241	36.0000
977	242.3512	238	242.3512	0.1162	0.1522	38.0000
978	244.3083	242	244.3083	0.0438	0.2359	36.0000
979	241.8098	238	241.8098	0.0097	0.0728	36.0000
980	244.4963	240	244.4963	0.2239	0.2650	40.0000
981	242.6846	237	242.6846	0.2095	0.2359	33.0000
982	241.9972	240	241.9972	0.1748	0.1985	33.0000
983	242.7885	236	242.7885	0.0250	0.1013	36.0000
984	245.6417	250	245.6417	0.0932	0.2691	34.0000
985	243.8086	239	243.8086	0.0058	0.0434	39.0000
986	249.2233	244	249.2233	0.0685	0.2269	36.0000
987	250.3486	246	250.3486	0.0157	0.1013	37.0000
988	249.1407	247	249.1407	0.0848	0.1253	35.0000
989	245.6417	241	245.6417	0.0904	0.1289	36.0000
990	249.1817	245	249.1817	0.1033	0.1186	34.0000
991	239.8311	235	239.8311	0.2000	0.2548	37.0000
992	248.1613	245	248.1613	0.1037	0.1609	36.0000
993	249.1606	247	249.1606	0.1720	0.4093	36.0000
994	240.0813	239	240.0813	0.0680	0.2269	34.0000
995	248.1823	251	248.1823	0.0175	0.2787	31.0000
996	245.4543	247	245.4543	0.0062	0.2459	33.0000
997	247.1203	241	247.1203	0.1974	0.2220	37.0000
998	244.3505	248	244.3505	0.1255	0.1289	33.0000
999	248.9945	244	248.9945	0.2128	0.2920	36.0000
1000	249.7234	250	249.7234	0.0280	0.1974	36.0000
