1	542	243	236	63	7	9	5	21
2	547	243	229	75	14	16	2	32
3	545	245	233	67	12	16	5	33
4	544	244	235	65	9	13	4	26
5	545	241	234	70	7	12	2	21
6	543	245	233	65	12	12	2	26
7	543	241	231	71	10	13	6	29
8	544	241	230	73	11	11	4	26
9	544	245	231	68	14	11	6	31
10	547	242	236	69	6	14	3	23
11	546	246	235	65	11	13	3	27
12	546	240	227	79	13	13	4	30
13	547	239	230	78	9	17	4	30
14	545	243	228	74	15	10	1	26
15	544	244	232	68	12	12	2	26
16	542	242	227	73	15	9	4	28
17	544	241	233	70	8	10	4	22
18	540	246	231	63	15	9	6	30
19	548	243	234	71	9	16	3	28
20	543	241	235	67	6	9	5	20
21	541	247	235	59	12	8	2	22
22	546	244	233	69	11	14	3	28
23	541	243	231	67	12	11	5	28
24	540	246	231	63	15	7	5	27
25	543	244	232	67	12	15	3	30
26	544	246	234	64	12	11	3	26
27	544	241	231	72	10	16	6	32
28	541	244	226	71	18	10	4	32
29	546	249	239	58	10	17	0	27
30	545	242	227	76	15	15	3	33
31	544	243	230	71	13	14	3	30
32	537	248	231	58	17	9	7	33
33	542	243	230	69	13	12	3	28
34	546	243	228	75	15	10	1	26
35	544	245	231	68	14	11	1	26
36	543	242	230	71	12	12	3	27
37	543	247	233	63	14	10	3	27
38	545	244	232	69	12	14	4	30
39	542	244	229	69	15	10	3	28
40	543	243	230	70	13	12	4	29
41	543	246	231	66	15	11	3	29
42	547	246	231	70	15	19	1	35
43	541	246	237	58	9	9	4	22
44	541	248	231	62	17	12	4	33
45	545	246	228	71	18	13	1	32
46	540	249	236	55	13	13	4	30
47	542	246	229	67	17	10	2	29
48	543	242	224	77	18	14	5	37
49	542	242	233	67	9	13	6	28
50	544	245	230	69	15	13	4	32
51	543	243	233	67	10	14	4	28
52	542	244	231	67	13	16	6	35
53	541	248	234	59	14	11	4	29
54	547	241	230	76	11	17	4	32
55	546	242	229	75	13	15	4	32
56	543	240	228	75	12	10	5	27
57	545	242	231	72	11	16	4	31
58	544	240	228	76	12	12	5	29
59	545	245	233	67	12	15	2	29
60	544	243	227	74	16	15	6	37
61	541	248	234	59	14	10	4	28
62	542	248	230	64	18	12	2	32
63	544	241	226	77	15	13	3	31
64	544	241	231	72	10	11	5	26
65	541	245	228	68	17	8	4	29
66	544	243	229	72	14	12	3	29
67	542	241	225	76	16	9	4	29
68	541	240	232	69	8	13	7	28
69	541	246	231	64	15	14	5	34
70	546	238	231	77	7	12	4	23
71	539	246	232	61	14	8	5	27
72	541	242	234	65	8	7	3	18
73	545	241	228	76	13	9	2	24
74	544	241	230	73	11	9	3	23
75	544	240	230	74	10	16	6	32
76	546	245	237	64	8	17	3	28
77	541	244	233	64	11	11	5	27
78	542	244	231	67	13	10	4	27
79	540	246	233	61	13	11	4	28
80	542	245	233	64	12	7	3	22
81	541	240	223	78	17	6	5	28
82	545	239	231	75	8	8	2	18
83	542	242	230	70	12	11	6	29
84	544	243	231	70	12	17	4	33
85	545	245	233	67	12	12	1	25
86	544	247	237	60	10	14	4	28
87	547	242	235	70	7	10	0	17
88	543	246	230	67	16	12	4	32
89	544	244	234	66	10	11	3	24
90	547	245	230	72	15	19	2	36
91	544	246	232	66	14	10	2	26
92	542	246	231	65	15	10	3	28
93	543	240	230	73	10	12	4	26
94	547	246	232	69	14	18	2	34
95	538	246	222	70	24	11	8	43
96	542	247	228	67	19	12	1	32
97	542	245	232	65	13	12	4	29
98	542	240	228	74	12	6	2	20
99	544	240	230	74	10	10	5	25
100	543	246	235	62	11	6	2	19
101	547	243	233	71	10	15	2	27
102	541	243	228	70	15	14	8	37
103	544	242	229	73	13	9	1	23
104	544	244	230	70	14	15	3	32
105	544	239	229	76	10	9	2	21
106	542	241	228	73	13	8	6	27
107	541	244	230	67	14	10	5	29
108	542	245	232	65	13	17	7	37
109	540	244	225	71	19	7	4	30
110	543	244	233	66	11	13	3	27
111	543	243	233	67	10	9	2	21
112	540	247	235	58	12	10	4	26
113	543	244	230	69	14	11	2	27
114	543	245	236	62	9	11	3	23
115	544	240	229	75	11	14	8	33
116	545	243	236	66	7	8	1	16
117	546	243	232	71	11	17	3	31
118	541	244	229	68	15	15	7	37
119	544	245	234	65	11	9	4	24
120	541	242	225	74	17	8	4	29
121	544	242	227	75	15	10	3	28
122	545	242	231	72	11	15	2	28
123	544	243	232	69	11	12	2	25
124	541	242	226	73	16	11	5	32
125	543	249	238	56	11	13	3	27
126	543	249	236	58	13	10	3	26
127	543	246	227	70	19	13	3	35
128	543	245	234	64	11	15	4	30
129	543	247	232	64	15	10	3	28
130	540	246	234	60	12	5	3	20
131	546	242	231	73	11	15	2	28
132	545	242	234	69	8	11	3	22
133	543	236	225	82	11	8	6	25
134	543	246	231	66	15	11	1	27
135	545	243	225	77	18	12	1	31
136	546	245	231	70	14	14	2	30
137	546	247	239	60	8	13	3	24
138	547	239	229	79	10	11	2	23
139	546	243	231	72	12	15	2	29
140	540	244	227	69	17	9	7	33
141	545	247	237	61	10	15	3	28
142	542	249	236	57	13	11	4	28
143	543	241	232	70	9	10	3	22
144	541	245	232	64	13	14	6	33
145	543	245	231	67	14	12	4	30
146	550	238	234	78	4	15	2	21
147	542	244	223	75	21	10	4	35
148	545	243	234	68	9	11	2	22
149	544	240	228	76	12	14	6	32
150	543	242	225	76	17	8	1	26
151	544	243	231	70	12	12	3	27
152	545	239	232	74	7	13	6	26
153	545	246	236	63	10	13	2	25
154	546	240	224	82	16	14	3	33
155	546	245	229	72	16	15	3	34
156	543	243	234	66	9	10	2	21
157	540	245	234	61	11	9	5	25
158	541	243	229	69	14	11	5	30
159	545	238	228	79	10	10	3	23
160	548	236	227	85	9	8	1	18
161	546	247	233	66	14	16	2	32
162	542	244	231	67	13	8	1	22
163	547	240	231	76	9	11	1	21
164	543	244	234	65	10	14	5	29
165	541	245	227	69	18	9	4	31
166	543	247	230	66	17	16	4	37
167	546	245	235	66	10	12	1	23
168	544	244	233	67	11	14	3	28
169	543	245	233	65	12	11	2	25
170	540	241	229	70	12	11	8	31
171	541	247	231	63	16	9	2	27
172	546	245	235	66	10	13	0	23
173	546	240	229	77	11	16	6	33
174	545	248	233	64	15	16	6	37
175	543	250	233	60	17	18	3	38
176	544	241	232	71	9	10	5	24
177	546	245	235	66	10	18	4	32
178	542	243	233	66	10	10	3	23
179	548	242	230	76	12	15	2	29
180	541	241	228	72	13	8	5	26
181	544	245	230	69	15	11	3	29
182	542	244	233	65	11	15	5	31
183	541	244	233	64	11	10	4	25
184	541	239	227	75	12	8	5	25
185	545	241	232	72	9	10	3	22
186	544	241	228	75	13	7	1	21
187	549	243	233	73	10	16	2	28
188	543	239	226	78	13	10	4	27
189	546	241	233	72	8	12	3	23
190	548	239	230	79	9	14	2	25
191	545	248	238	59	10	13	1	24
192	541	248	241	52	7	7	4	18
193	539	245	231	63	14	5	3	22
194	542	238	228	76	10	8	5	23
195	547	245	233	69	12	15	1	28
196	548	244	234	70	10	9	0	19
197	546	241	234	71	7	11	1	19
198	549	244	237	68	7	15	2	24
199	547	242	234	71	8	14	1	23
200	541	246	233	62	13	9	4	26
201	545	243	230	72	13	16	6	35
202	539	247	228	64	19	10	5	34
203	544	243	229	72	14	15	5	34
204	543	240	229	74	11	6	3	20
205	539	248	228	63	20	14	7	41
206	547	240	226	81	14	16	1	31
207	544	245	222	77	23	17	4	44
208	544	239	229	76	10	12	5	27
209	545	251	236	58	15	16	1	32
210	547	242	233	72	9	12	2	23
211	544	241	236	67	5	14	4	23
212	544	244	232	68	12	13	3	28
213	546	244	230	72	14	9	0	23
214	547	246	228	73	18	21	2	41
215	543	243	230	70	13	10	5	28
216	542	243	231	68	12	11	6	29
217	544	242	232	70	10	7	3	20
218	539	242	229	68	13	8	5	26
219	538	249	231	58	18	9	4	31
220	544	247	232	65	15	19	3	37
221	544	248	236	60	12	12	2	26
222	545	241	231	73	10	14	3	27
223	541	246	234	61	12	8	4	24
224	547	248	236	63	12	18	1	31
225	545	251	234	60	17	18	3	38
226	543	243	228	72	15	9	3	27
227	546	240	226	80	14	15	3	32
228	546	246	231	69	15	15	1	31
229	543	246	231	66	15	11	5	31
230	543	244	232	67	12	9	4	25
231	544	247	229	68	18	17	3	38
232	545	243	232	70	11	21	7	39
233	547	244	236	67	8	10	2	20
234	545	240	229	76	11	11	4	26
235	546	238	229	79	9	12	6	27
236	538	247	226	65	21	8	4	33
237	543	245	231	67	14	16	4	34
238	541	243	229	69	14	7	4	25
239	544	242	227	75	15	9	2	26
240	544	244	232	68	12	13	4	29
241	544	244	227	73	17	12	3	32
242	545	242	233	70	9	11	2	22
243	543	241	232	70	9	8	4	21
244	547	243	233	71	10	15	3	28
245	540	240	228	72	12	3	5	20
246	542	242	233	67	9	7	5	21
247	542	241	231	70	10	10	5	25
248	544	244	232	68	12	9	3	24
249	544	240	227	77	13	9	3	25
250	545	244	237	64	7	8	1	16
251	543	244	233	66	11	10	4	25
252	538	248	225	65	23	10	4	37
253	542	246	229	67	17	13	3	33
254	543	240	229	74	11	10	4	25
255	544	242	230	72	12	11	4	27
256	546	248	236	62	12	9	0	21
257	537	245	231	61	14	7	7	28
258	545	243	233	69	10	12	3	25
259	542	246	229	67	17	12	4	33
260	540	243	232	65	11	6	4	21
261	544	244	235	65	9	10	3	22
262	545	242	227	76	15	14	4	33
263	543	248	234	61	14	13	4	31
264	549	243	233	73	10	16	3	29
265	540	242	237	61	5	6	6	17
266	540	239	227	74	12	8	6	26
267	545	243	232	70	11	7	1	19
268	541	244	226	71	18	8	5	31
269	548	243	234	71	9	13	2	24
270	538	249	232	57	17	7	4	28
271	542	246	238	58	8	13	4	25
272	541	243	229	69	14	5	1	20
273	541	245	236	60	9	10	5	24
274	547	240	232	75	8	12	3	23
275	544	242	237	65	5	13	6	24
276	543	246	230	67	16	14	4	34
277	546	240	225	81	15	9	5	29
278	543	242	235	66	7	7	3	17
279	544	244	237	63	7	17	6	30
280	547	237	230	80	7	8	1	16
281	544	242	233	69	9	9	2	20
282	542	247	233	62	14	12	2	28
283	539	244	233	62	11	7	5	23
284	546	245	231	70	14	17	2	33
285	539	243	225	71	18	12	7	37
286	544	244	235	65	9	11	3	23
287	545	243	232	70	11	16	3	30
288	538	251	232	55	19	12	5	36
289	543	246	234	63	12	14	5	31
290	545	243	232	70	11	13	3	27
291	545	237	230	78	7	12	5	24
292	545	244	239	62	5	10	0	15
293	543	245	228	70	17	14	4	35
294	541	246	233	62	13	12	4	29
295	545	243	232	70	11	19	6	36
296	545	241	232	72	9	11	3	23
297	542	247	230	65	17	17	4	38
298	543	249	228	66	21	10	1	32
299	543	247	234	62	13	12	4	29
300	547	242	231	74	11	19	4	34
301	545	242	235	68	7	13	5	25
302	542	245	229	68	16	10	2	28
303	540	244	229	67	15	14	9	38
304	543	245	232	66	13	12	3	28
305	540	245	232	63	13	9	7	29
306	544	239	226	79	13	12	7	32
307	540	244	234	62	10	8	6	24
308	542	248	232	62	16	13	3	32
309	543	240	230	73	10	9	4	23
310	542	243	233	66	10	8	2	20
311	540	249	234	57	15	12	3	30
312	543	239	235	69	4	11	6	21
313	543	244	226	73	18	11	2	31
314	547	247	239	61	8	20	2	30
315	540	246	231	63	15	7	3	25
316	545	244	236	65	8	12	3	23
317	542	244	229	69	15	12	4	31
318	542	245	235	62	10	10	5	25
319	544	244	230	70	14	9	3	26
320	538	245	228	65	17	6	6	29
321	546	246	234	66	12	18	3	33
322	543	246	234	63	12	11	5	28
323	544	240	232	72	8	12	6	26
324	544	241	231	72	10	11	4	25
325	537	245	228	64	17	10	8	35
326	543	243	232	68	11	17	5	33
327	544	242	230	72	12	10	3	25
328	544	239	227	78	12	7	3	22
329	542	243	229	70	14	7	2	23
330	545	241	230	74	11	9	3	23
331	545	242	226	77	16	11	1	28
332	546	242	230	74	12	16	4	32
333	540	245	226	69	19	9	4	32
334	546	244	227	75	17	12	3	32
335	547	244	232	71	12	13	2	27
336	544	246	230	68	16	14	3	33
337	541	242	231	68	11	12	6	29
338	546	243	233	70	10	8	0	18
339	543	247	234	62	13	11	2	26
340	544	251	228	65	23	17	1	41
341	544	241	231	72	10	11	6	27
342	549	239	231	79	8	19	2	29
343	543	238	223	82	15	10	5	30
344	544	245	233	66	12	13	2	27
345	543	243	229	71	14	8	3	25
346	541	245	230	66	15	9	4	28
347	542	245	232	65	13	7	3	23
348	540	241	232	67	9	11	6	26
349	541	246	232	63	14	10	5	29
350	541	252	236	53	16	9	1	26
351	541	245	228	68	17	5	2	24
352	539	244	224	71	20	12	7	39
353	547	241	232	74	9	12	0	21
354	547	245	230	72	15	12	1	28
355	546	244	238	64	6	11	2	19
356	541	239	230	72	9	10	7	26
357	546	245	236	65	9	15	2	26
358	549	240	236	73	4	18	1	23
359	547	238	229	80	9	14	3	26
360	547	243	232	72	11	10	1	22
361	544	244	229	71	15	12	2	29
362	542	244	234	64	10	8	3	21
363	545	241	231	73	10	15	4	29
364	546	242	232	72	10	16	4	30
365	542	243	227	72	16	17	6	39
366	543	246	238	59	8	12	2	22
367	545	243	236	66	7	13	3	23
368	542	244	233	65	11	9	5	25
369	542	245	228	69	17	9	4	30
370	546	248	235	63	13	17	2	32
371	539	245	230	64	15	8	5	28
372	544	247	240	57	7	14	3	24
373	547	244	236	67	8	13	3	24
374	543	247	234	62	13	13	4	30
375	541	245	235	61	10	9	3	22
376	541	242	230	69	12	12	6	30
377	549	239	233	77	6	16	2	24
378	546	248	238	60	10	16	1	27
379	544	239	227	78	12	13	4	29
380	545	239	235	71	4	13	5	22
381	544	238	227	79	11	9	4	24
382	542	250	231	61	19	16	4	39
383	545	243	237	65	6	10	3	19
384	545	244	237	64	7	13	4	24
385	541	242	220	79	22	11	4	37
386	542	244	235	63	9	12	4	25
387	544	244	233	67	11	17	3	31
388	549	238	234	77	4	13	2	19
389	543	243	230	70	13	12	4	29
390	544	246	229	69	17	12	1	30
391	547	242	226	79	16	18	3	37
392	539	244	229	66	15	10	5	30
393	545	245	233	67	12	9	3	24
394	544	246	236	62	10	13	2	25
395	543	241	232	70	9	9	4	22
396	545	244	230	71	14	14	3	31
397	542	245	230	67	15	8	2	25
398	542	241	231	70	10	7	4	21
399	542	243	233	66	10	8	5	23
400	540	248	234	58	14	8	2	24
401	542	243	234	65	9	13	5	27
402	546	246	232	68	14	19	2	35
403	544	250	230	64	20	14	0	34
404	546	246	232	68	14	14	1	29
405	543	243	232	68	11	7	2	20
406	543	245	232	66	13	12	4	29
407	544	243	228	73	15	8	2	25
408	540	245	237	58	8	9	6	23
409	545	242	224	79	18	13	3	34
410	543	244	238	61	6	14	5	25
411	540	249	229	62	20	10	3	33
412	542	248	230	64	18	12	4	34
413	541	244	223	74	21	9	5	35
414	548	243	225	80	18	17	1	36
415	539	245	224	70	21	11	5	37
416	546	241	233	72	8	12	2	22
417	542	245	229	68	16	11	4	31
418	544	245	235	64	10	9	0	19
419	543	239	223	81	16	7	3	26
420	545	240	230	75	10	17	5	32
421	541	246	226	69	20	11	4	35
422	546	244	238	64	6	12	3	21
423	542	238	231	73	7	7	4	18
424	544	241	229	74	12	9	3	24
425	543	239	229	75	10	10	5	25
426	543	242	233	68	9	13	6	28
427	543	242	232	69	10	10	4	24
428	542	242	235	65	7	13	7	27
429	544	242	234	68	8	9	5	22
430	537	244	227	66	17	8	7	32
431	543	242	230	71	12	8	1	21
432	544	244	238	62	6	11	4	21
433	541	242	226	73	16	12	5	33
434	542	246	234	62	12	11	3	26
435	544	246	239	59	7	11	1	19
436	544	244	234	66	10	10	2	22
437	544	241	231	72	10	11	4	25
438	544	245	233	66	12	15	2	29
439	544	240	229	75	11	9	3	23
440	544	243	229	72	14	11	3	28
441	541	245	233	63	12	8	5	25
442	543	242	229	72	13	8	3	24
443	540	243	231	66	12	9	7	28
444	543	246	232	65	14	11	3	28
445	544	242	234	68	8	14	4	26
446	548	241	231	76	10	15	1	26
447	546	242	230	74	12	14	3	29
448	545	241	224	80	17	9	3	29
449	542	245	228	69	17	8	2	27
450	548	243	235	70	8	10	0	18
451	548	242	233	73	9	19	4	32
452	544	238	227	79	11	8	6	25
453	546	244	236	66	8	17	2	27
454	543	242	236	65	6	12	5	23
455	545	249	234	62	15	17	5	37
456	546	238	228	80	10	8	3	21
457	545	243	230	72	13	9	0	22
458	543	242	227	74	15	7	2	24
459	544	241	226	77	15	9	3	27
460	542	245	238	59	7	12	4	23
461	542	242	229	71	13	13	6	32
462	540	249	227	64	22	7	3	32
463	540	247	232	61	15	11	4	30
464	542	239	226	77	13	7	3	23
465	542	245	232	65	13	11	5	29
466	543	247	233	63	14	18	4	36
467	544	252	228	64	24	11	1	36
468	541	242	233	66	9	11	5	25
469	542	243	233	66	10	8	6	24
470	541	244	235	62	9	12	6	27
471	544	239	228	77	11	10	3	24
472	542	241	233	68	8	11	5	24
473	542	245	236	61	9	10	3	22
474	543	242	231	70	11	11	4	26
475	547	240	230	77	10	13	3	26
476	543	239	229	75	10	8	4	22
477	545	244	226	75	18	8	1	27
478	547	245	235	67	10	17	3	30
479	543	239	233	71	6	12	7	25
480	541	242	231	68	11	5	5	21
481	548	239	231	78	8	20	6	34
482	546	237	228	81	9	14	7	30
483	548	248	236	64	12	15	0	27
484	546	242	231	73	11	12	1	24
485	544	245	235	64	10	9	1	20
486	545	241	229	75	12	14	6	32
487	547	245	236	66	9	14	2	25
488	548	239	229	80	10	15	3	28
489	549	244	233	72	11	20	5	36
490	544	243	234	67	9	12	3	24
491	546	246	236	64	10	11	0	21
492	541	247	237	57	10	17	6	33
493	543	243	234	66	9	5	2	16
494	542	245	230	67	15	6	1	22
495	547	241	232	74	9	13	1	23
496	541	236	225	80	11	7	7	25
497	548	244	230	74	14	21	3	38
498	547	243	231	73	12	16	3	31
499	544	244	232	68	12	9	0	21
500	541	246	232	63	14	13	7	34
501	544	248	230	66	18	13	2	33
502	544	242	236	66	6	14	5	25
503	550	244	235	71	9	22	2	33
504	543	246	234	63	12	9	3	24
505	544	237	223	84	14	10	7	31
506	543	245	231	67	14	13	3	30
507	541	240	227	74	13	13	7	33
508	542	243	232	67	11	8	4	23
509	545	242	226	77	16	16	4	36
510	538	245	231	62	14	5	5	24
511	545	240	233	72	7	10	2	19
512	543	247	235	61	12	14	4	30
513	543	244	230	69	14	12	3	29
514	546	246	227	73	19	12	2	33
515	548	246	238	64	8	15	0	23
516	538	247	227	64	20	13	6	39
517	541	243	227	71	16	6	5	27
518	551	237	232	82	5	16	2	23
519	539	243	227	69	16	9	8	33
520	546	241	235	70	6	13	4	23
521	546	239	230	77	9	9	4	22
522	546	242	229	75	13	18	5	36
523	543	236	232	75	4	5	5	14
524	543	245	233	65	12	11	2	25
525	539	250	232	57	18	8	2	28
526	542	243	232	67	11	8	3	22
527	540	246	226	68	20	9	4	33
528	539	244	229	66	15	12	7	34
529	548	244	228	76	16	19	3	38
530	545	243	229	73	14	16	3	33
531	547	245	234	68	11	16	0	27
532	549	242	228	79	14	15	2	31
533	542	247	235	60	12	11	3	26
534	540	242	233	65	9	7	6	22
535	542	245	231	66	14	9	4	27
536	547	247	237	63	10	15	3	28
537	542	248	243	51	5	12	7	24
538	538	248	231	59	17	15	8	40
539	545	243	230	72	13	8	0	21
540	542	246	229	67	17	12	3	32
541	543	243	232	68	11	12	3	26
542	542	245	236	61	9	15	5	29
543	546	248	239	59	9	19	1	29
544	549	248	231	70	17	23	0	40
545	545	241	232	72	9	12	4	25
546	544	245	234	65	11	13	1	25
547	541	245	228	68	17	10	6	33
548	538	243	230	65	13	5	5	23
549	538	242	228	68	14	11	7	32
550	546	240	230	76	10	12	5	27
551	540	244	232	64	12	12	5	29
552	545	242	234	69	8	12	3	23
553	542	241	229	72	12	6	3	21
554	547	243	232	72	11	8	1	20
555	545	244	230	71	14	10	4	28
556	544	244	227	73	17	11	1	29
557	540	247	232	61	15	11	5	31
558	544	245	229	70	16	17	2	35
559	541	247	228	66	19	9	3	31
560	545	240	228	77	12	12	3	27
561	540	240	223	77	17	8	5	30
562	542	245	233	64	12	13	4	29
563	541	245	231	65	14	12	5	31
564	544	244	227	73	17	9	3	29
565	546	242	232	72	10	16	3	29
566	540	247	233	60	14	9	6	29
567	545	244	233	68	11	13	3	27
568	547	243	232	72	11	15	1	27
569	542	244	234	64	10	8	4	22
570	542	245	228	69	17	17	5	39
571	544	240	229	75	11	7	4	22
572	539	249	236	54	13	10	4	27
573	543	244	232	67	12	15	4	31
574	538	246	230	62	16	4	5	25
575	548	245	238	65	7	21	2	30
576	543	239	224	80	15	10	3	28
577	543	240	228	75	12	9	3	24
578	542	243	225	74	18	13	4	35
579	541	243	225	73	18	7	5	30
580	545	241	225	79	16	10	2	28
581	542	244	227	71	17	9	1	27
582	542	247	230	65	17	12	2	31
583	546	246	232	68	14	12	0	26
584	543	246	230	67	16	12	4	32
585	543	246	238	59	8	9	3	20
586	545	237	230	78	7	10	6	23
587	546	238	229	79	9	10	4	23
588	545	245	233	67	12	15	2	29
589	545	236	225	84	11	8	3	22
590	542	241	226	75	15	9	5	29
591	546	238	226	82	12	15	4	31
592	544	248	233	63	15	17	2	34
593	542	246	232	64	14	14	4	32
594	545	244	228	73	16	21	4	41
595	545	246	226	73	20	15	1	36
596	544	247	233	64	14	11	0	25
597	543	242	226	75	16	7	3	26
598	543	240	227	76	13	13	5	31
599	540	247	230	63	17	9	4	30
600	546	239	229	78	10	14	5	29
601	542	241	229	72	12	7	4	23
602	543	243	230	70	13	9	4	26
603	542	245	234	63	11	15	6	32
604	543	243	232	68	11	16	5	32
605	541	248	239	54	9	12	4	25
606	544	243	230	71	13	10	2	25
607	547	243	231	73	12	16	3	31
608	549	242	229	78	13	16	0	29
609	546	237	233	76	4	10	3	17
610	544	242	232	70	10	12	5	27
611	546	246	238	62	8	15	0	23
612	547	244	234	69	10	14	1	25
613	547	241	229	77	12	15	2	29
614	545	245	234	66	11	15	2	28
615	545	241	226	78	15	14	5	34
616	546	242	226	78	16	19	4	39
617	544	241	227	76	14	11	5	30
618	542	244	228	70	16	8	2	26
619	545	244	234	67	10	12	1	23
620	543	248	237	58	11	13	3	27
621	538	246	224	68	22	7	4	33
622	546	241	229	76	12	11	2	25
623	546	241	230	75	11	12	3	26
624	549	243	230	76	13	18	1	32
625	543	246	228	69	18	13	3	34
626	545	241	229	75	12	13	4	29
627	543	244	232	67	12	11	4	27
628	547	241	237	69	4	16	4	24
629	542	245	229	68	16	11	2	29
630	544	244	235	65	9	9	3	21
631	544	246	232	66	14	13	2	29
632	539	243	229	67	14	13	9	36
633	542	245	223	74	22	13	3	38
634	545	242	231	72	11	15	5	31
635	544	235	227	82	8	9	5	22
636	544	244	231	69	13	16	7	36
637	544	241	236	67	5	9	2	16
638	545	242	227	76	15	11	5	31
639	541	245	228	68	17	9	4	30
640	544	246	237	61	9	11	2	22
641	542	245	234	63	11	8	2	21
642	544	245	234	65	11	13	3	27
643	541	242	227	72	15	12	5	32
644	544	246	235	63	11	15	3	29
645	543	247	230	66	17	16	3	36
646	540	250	228	62	22	10	2	34
647	546	239	229	78	10	12	2	24
648	542	243	234	65	9	9	5	23
649	538	247	230	61	17	9	6	32
650	538	245	229	64	16	8	7	31
651	541	245	231	65	14	12	3	29
652	543	244	232	67	12	9	2	23
653	543	241	231	71	10	12	5	27
654	543	250	231	62	19	11	0	30
655	544	238	231	75	7	10	7	24
656	541	251	239	51	12	10	3	25
657	544	239	226	79	13	17	7	37
658	546	239	231	76	8	12	5	25
659	544	245	233	66	12	13	2	27
660	547	242	234	71	8	15	1	24
661	544	245	231	68	14	12	2	28
662	542	239	229	74	10	9	8	27
663	542	246	231	65	15	10	4	29
664	545	246	236	63	10	14	3	27
665	547	237	228	82	9	11	1	21
666	540	245	230	65	15	17	8	40
667	543	247	237	59	10	14	4	28
668	541	239	229	73	10	11	8	29
669	546	247	237	62	10	18	3	31
670	542	240	229	73	11	16	7	34
671	541	245	231	65	14	12	4	30
672	543	242	223	78	19	14	4	37
673	543	244	231	68	13	7	2	22
674	541	246	230	65	16	12	5	33
675	541	237	223	81	14	10	9	33
676	544	248	238	58	10	15	3	28
677	544	243	230	71	13	9	1	23
678	545	240	230	75	10	13	3	26
679	542	243	230	69	13	12	4	29
680	544	239	226	79	13	8	2	23
681	547	245	231	71	14	14	2	30
682	543	242	228	73	14	14	5	33
683	540	243	229	68	14	12	6	32
684	544	242	232	70	10	7	2	19
685	542	243	232	67	11	7	5	23
686	541	242	232	67	10	10	8	28
687	545	245	234	66	11	10	0	21
688	539	239	230	70	9	4	5	18
689	544	242	229	73	13	12	3	28
690	543	246	240	57	6	15	4	25
691	546	241	231	74	10	17	3	30
692	543	245	231	67	14	11	4	29
693	545	244	231	70	13	10	0	23
694	541	246	230	65	16	13	4	33
695	545	243	235	67	8	13	4	25
696	543	245	233	65	12	7	2	21
697	548	244	236	68	8	15	3	26
698	542	242	224	76	18	6	4	28
699	542	245	228	69	17	15	6	38
700	540	243	223	74	20	6	3	29
701	544	242	230	72	12	15	5	32
702	543	243	234	66	9	12	5	26
703	545	244	234	67	10	13	3	26
704	546	242	230	74	12	9	2	23
705	544	239	223	82	16	16	5	37
706	545	237	229	79	8	10	3	21
707	541	247	230	64	17	8	3	28
708	545	248	236	61	12	19	2	33
709	547	242	231	74	11	9	3	23
710	544	248	234	62	14	13	1	28
711	547	247	235	65	12	14	2	28
712	543	240	230	73	10	13	6	29
713	543	241	228	74	13	11	6	30
714	543	243	229	71	14	12	6	32
715	542	251	235	56	16	16	5	37
716	543	242	237	64	5	6	4	15
717	545	240	232	73	8	12	6	26
718	549	244	238	67	6	15	2	23
719	543	246	233	64	13	9	0	22
720	542	242	230	70	12	12	5	29
721	545	242	233	70	9	6	0	15
722	546	240	230	76	10	13	4	27
723	544	245	232	67	13	13	2	28
724	543	248	236	59	12	21	6	39
725	544	243	230	71	13	13	4	30
726	546	243	231	72	12	11	1	24
727	543	245	239	59	6	10	2	18
728	541	240	231	70	9	8	6	23
729	549	244	232	73	12	18	3	33
730	550	243	240	67	3	16	3	22
731	540	240	230	70	10	6	6	22
732	546	244	231	71	13	12	1	26
733	541	243	232	66	11	5	4	20
734	548	241	233	74	8	10	1	19
735	544	245	235	64	10	13	3	26
736	543	242	227	74	15	7	1	23
737	547	248	238	61	10	20	3	33
738	546	239	232	75	7	12	4	23
739	540	249	240	51	9	9	4	22
740	542	244	238	60	6	11	4	21
741	546	240	232	74	8	12	3	23
742	540	245	236	59	9	11	7	27
743	545	244	233	68	11	12	1	24
744	544	243	232	69	11	9	2	22
745	548	239	227	82	12	12	3	27
746	546	245	233	68	12	18	4	34
747	546	246	234	66	12	18	3	33
748	544	244	227	73	17	13	1	31
749	543	244	235	64	9	6	5	20
750	543	242	224	77	18	9	2	29
751	546	244	231	71	13	15	2	30
752	541	243	233	65	10	13	6	29
753	543	250	235	58	15	16	4	35
754	542	243	231	68	12	7	3	22
755	541	241	228	72	13	6	5	24
756	544	244	232	68	12	8	1	21
757	546	241	235	70	6	13	3	22
758	545	245	236	64	9	12	2	23
759	541	244	229	68	15	11	4	30
760	545	243	226	76	17	15	2	34
761	541	241	232	68	9	8	6	23
762	542	247	231	64	16	14	4	34
763	541	246	230	65	16	8	5	29
764	545	249	236	60	13	14	1	28
765	547	246	231	70	15	14	3	32
766	548	244	233	71	11	18	3	32
767	544	247	233	64	14	16	2	32
768	544	243	235	66	8	7	2	17
769	547	239	230	78	9	14	2	25
770	545	242	228	75	14	15	4	33
771	544	240	229	75	11	11	4	26
772	543	243	227	73	16	8	1	25
773	544	245	235	64	10	15	6	31
774	542	241	232	69	9	5	4	18
775	542	245	230	67	15	13	5	33
776	542	244	235	63	9	7	2	18
777	545	242	231	72	11	13	4	28
778	541	246	229	66	17	11	3	31
779	546	243	234	69	9	14	1	24
780	542	244	229	69	15	15	6	36
781	541	243	234	64	9	9	5	23
782	542	241	227	74	14	7	5	26
783	545	244	235	66	9	16	2	27
784	541	250	233	58	17	14	3	34
785	543	244	232	67	12	6	2	20
786	542	242	225	75	17	12	4	33
787	544	238	229	77	9	14	5	28
788	545	241	228	76	13	13	4	30
789	545	244	237	64	7	9	2	18
790	545	239	232	74	7	11	4	22
791	546	242	232	72	10	18	5	33
792	544	247	231	66	16	13	4	33
793	544	244	228	72	16	12	4	32
794	541	248	235	58	13	12	3	28
795	545	241	229	75	12	10	1	23
796	541	241	226	74	15	5	4	24
797	546	238	230	78	8	11	3	22
798	544	241	227	76	14	8	4	26
799	545	243	227	75	16	18	5	39
800	546	244	232	70	12	16	3	31
801	549	244	229	76	15	18	4	37
802	544	245	230	69	15	15	2	32
803	548	244	228	76	16	18	2	36
804	539	246	229	64	17	8	4	29
805	545	243	230	72	13	13	3	29
806	540	243	231	66	12	8	5	25
807	544	237	229	78	8	10	5	23
808	550	243	232	75	11	23	2	36
809	543	245	232	66	13	7	1	21
810	540	244	227	69	17	11	5	33
811	547	241	230	76	11	14	2	27
812	544	237	230	77	7	4	4	15
813	545	240	228	77	12	16	4	32
814	539	247	236	56	11	10	5	26
815	544	241	227	76	14	13	2	29
816	543	243	229	71	14	10	2	26
817	545	242	226	77	16	10	2	28
818	541	241	230	70	11	7	6	24
819	540	245	231	64	14	5	3	22
820	541	249	235	57	14	10	2	26
821	545	241	231	73	10	11	5	26
822	548	247	234	67	13	18	3	34
823	545	242	236	67	6	11	2	19
824	546	243	237	66	6	10	2	18
825	543	243	226	74	17	11	4	32
826	541	242	231	68	11	5	3	19
827	546	238	229	79	9	11	3	23
828	547	246	231	70	15	17	3	35
829	545	242	234	69	8	9	2	19
830	543	246	231	66	15	11	2	28
831	545	241	235	69	6	13	4	23
832	541	244	235	62	9	8	3	20
833	546	243	233	70	10	12	4	26
834	540	243	237	60	6	9	5	20
835	543	240	229	74	11	7	3	21
836	548	241	232	75	9	11	1	21
837	540	243	231	66	12	12	10	34
838	548	242	233	73	9	15	2	26
839	546	241	231	74	10	15	7	32
840	542	249	227	66	22	13	2	37
841	538	248	226	64	22	14	6	42
842	542	246	233	63	13	7	2	22
843	539	246	229	64	17	12	5	34
844	546	247	234	65	13	13	2	28
845	544	246	232	66	14	15	4	33
846	547	242	230	75	12	19	5	36
847	541	245	232	64	13	9	4	26
848	542	243	231	68	12	8	4	24
849	542	235	226	81	9	3	6	18
850	542	244	228	70	16	11	5	32
851	542	244	230	68	14	13	5	32
852	544	241	227	76	14	13	2	29
853	541	245	229	67	16	7	5	28
854	546	247	231	68	16	15	1	32
855	542	243	227	72	16	10	3	29
856	547	240	228	79	12	10	4	26
857	545	243	233	69	10	12	2	24
858	542	247	235	60	12	8	1	21
859	542	241	232	69	9	5	3	17
860	542	242	230	70	12	8	4	24
861	542	243	231	68	12	12	5	29
862	543	245	233	65	12	8	2	22
863	541	244	231	66	13	13	5	31
864	542	247	231	64	16	15	5	36
865	543	246	228	69	18	12	1	31
866	545	243	235	67	8	9	1	18
867	543	243	230	70	13	10	2	25
868	545	236	228	81	8	11	3	22
869	546	239	230	77	9	14	5	28
870	546	243	231	72	12	15	3	30
871	544	244	231	69	13	8	3	24
872	543	242	223	78	19	10	3	32
873	542	249	231	62	18	13	4	35
874	547	239	231	77	8	12	3	23
875	544	247	237	60	10	14	2	26
876	546	243	233	70	10	10	0	20
877	544	244	230	70	14	13	4	31
878	545	238	228	79	10	12	4	26
879	541	241	227	73	14	10	6	30
880	543	241	230	72	11	16	6	33
881	543	245	231	67	14	11	1	26
882	548	240	233	75	7	13	2	22
883	544	236	221	87	15	11	7	33
884	547	241	232	74	9	13	3	25
885	546	248	242	56	6	18	2	26
886	544	247	234	63	13	15	1	29
887	544	243	231	70	12	10	3	25
888	544	245	235	64	10	12	2	24
889	547	245	234	68	11	11	1	23
890	547	246	235	66	11	16	1	28
891	542	243	228	71	15	10	5	30
892	547	243	237	67	6	13	1	20
893	546	244	235	67	9	22	5	36
894	544	242	233	69	9	6	2	17
895	545	237	230	78	7	17	7	31
896	543	247	235	61	12	16	4	32
897	545	243	233	69	10	12	4	26
898	545	244	229	72	15	13	1	29
899	547	245	226	76	19	18	0	37
900	544	241	229	74	12	12	3	27
901	542	248	230	64	18	11	1	30
902	540	237	222	81	15	6	7	28
903	543	237	226	80	11	9	5	25
904	545	244	235	66	9	17	3	29
905	543	245	240	58	5	6	1	12
906	545	243	230	72	13	14	2	29
907	543	241	232	70	9	9	4	22
908	541	241	229	71	12	13	6	31
909	544	244	239	61	5	15	3	23
910	546	244	237	65	7	22	6	35
911	546	237	230	79	7	8	3	18
912	542	241	229	72	12	12	4	28
913	542	242	227	73	15	13	5	33
914	546	241	233	72	8	16	4	28
915	546	243	238	65	5	13	2	20
916	543	242	229	72	13	10	3	26
917	543	243	230	70	13	10	4	27
918	544	242	226	76	16	13	4	33
919	548	245	237	66	8	18	4	30
920	537	243	225	69	18	9	7	34
921	543	241	230	72	11	12	6	29
922	545	243	233	69	10	14	3	27
923	541	248	233	60	15	12	5	32
924	544	242	230	72	12	7	4	23
925	538	243	226	69	17	7	6	30
926	548	237	227	84	10	12	2	24
927	543	243	225	75	18	9	3	30
928	547	244	234	69	10	23	5	38
929	544	240	227	77	13	11	4	28
930	542	243	229	70	14	13	7	34
931	545	244	228	73	16	13	5	34
932	543	245	234	64	11	9	3	23
933	543	244	238	61	6	13	4	23
934	544	244	230	70	14	10	1	25
935	543	243	232	68	11	10	3	24
936	542	240	228	74	12	6	5	23
937	542	244	231	67	13	9	3	25
938	543	243	236	64	7	11	6	24
939	541	245	233	63	12	6	3	21
940	541	241	224	76	17	10	4	31
941	544	245	230	69	15	12	2	29
942	544	237	228	79	9	10	5	24
943	541	244	231	66	13	17	8	38
944	541	243	230	68	13	7	4	24
945	540	244	228	68	16	9	5	30
946	539	249	228	62	21	16	8	45
947	546	245	236	65	9	13	1	23
948	542	239	231	72	8	4	4	16
949	544	246	231	67	15	16	3	34
950	546	245	233	68	12	12	1	25
951	547	245	230	72	15	17	3	35
952	543	247	234	62	13	13	4	30
953	545	247	232	66	15	12	1	28
954	542	243	231	68	12	14	6	32
955	544	236	224	84	12	8	3	23
956	544	246	231	67	15	11	2	28
957	543	240	229	74	11	14	7	32
958	542	243	232	67	11	11	4	26
959	545	245	233	67	12	13	3	28
960	542	246	236	60	10	8	2	20
961	544	246	230	68	16	11	1	28
962	540	244	229	67	15	8	3	26
963	547	244	231	72	13	14	2	29
964	544	240	230	74	10	7	3	20
965	546	244	238	64	6	14	2	22
966	544	246	227	71	19	14	4	37
967	545	242	235	68	7	10	2	19
968	546	245	235	66	10	13	2	25
969	547	243	236	68	7	17	2	26
970	541	245	228	68	17	14	5	36
971	540	246	234	60	12	11	6	29
972	539	244	228	67	16	5	6	27
973	541	244	232	65	12	5	2	19
974	541	247	234	60	13	8	4	25
975	550	237	232	81	5	15	2	22
976	540	245	224	71	21	10	5	36
977	544	240	230	74	10	11	6	27
978	545	245	228	72	17	16	2	35
979	543	243	231	69	12	12	4	28
980	541	240	226	75	14	11	6	31
981	543	243	234	66	9	6	1	16
982	540	246	230	64	16	8	2	26
983	546	243	231	72	12	11	0	23
984	536	246	227	63	19	9	8	36
985	546	242	226	78	16	14	3	33
986	549	242	235	72	7	18	2	27
987	544	241	232	71	9	9	5	23
988	540	243	229	68	14	5	4	23
989	544	243	230	71	13	9	2	24
990	548	245	235	68	10	17	0	27
991	545	243	230	72	13	15	2	30
992	545	243	231	71	12	14	3	29
993	547	244	231	72	13	18	3	34
994	541	245	232	64	13	12	4	29
995	540	247	234	59	13	11	5	29
996	539	246	230	63	16	9	5	30
997	545	240	232	73	8	11	3	22
998	537	245	230	62	15	8	8	31
999	546	241	234	71	7	14	3	24
1000	543	243	231	69	12	13	7	32
