1	250.7025	248	4503.6598	4506.2920
2	250.7436	245	4224.3966	4228.0896
3	249.3691	248	4303.3819	4307.7727
4	250.3689	248	4407.6842	4407.0635
5	250.2859	243	4406.8493	4406.8396
6	250.0357	247	4383.3307	4387.2297
7	250.4523	247	4322.6006	4327.4777
8	250.3482	245	4345.1106	4347.2800
9	251.6810	251	4364.3992	4366.9889
10	250.7855	245	4402.4117	4407.0262
11	251.3477	249	4404.6899	4407.0936
12	250.7438	244	4244.4807	4247.9945
13	248.8486	242	4226.6961	4228.3064
14	249.7859	243	4321.3293	4327.3703
15	250.5357	246	4362.7394	4367.2643
16	249.0988	244	4325.3242	4327.6654
17	250.6400	245	4423.6468	4426.9682
18	250.8689	252	4400.8601	4406.6373
19	251.1185	246	4327.2888	4327.3181
20	250.2651	246	4484.6326	4486.4454
21	249.4320	248	4503.7234	4506.6234
22	250.8895	247	4346.0262	4347.5713
23	250.1817	248	4364.0042	4367.1804
24	250.5148	251	4444.8951	4446.5287
25	250.0774	247	4302.7743	4307.8303
26	250.6813	249	4423.5784	4426.6215
27	250.0980	247	4265.5244	4268.2948
28	250.5565	248	4283.1070	4287.7839
29	250.2645	249	4406.0388	4407.2560
30	250.4521	245	4203.6049	4208.6239
31	250.5356	246	4288.4647	4287.7617
32	250.4940	255	4402.9168	4406.8929
33	250.0775	246	4324.3675	4327.1758
34	251.2021	244	4324.8016	4327.5409
35	250.2440	246	4364.4285	4367.2353
36	250.2858	245	4322.2498	4327.4686
37	250.9313	250	4423.6716	4426.3769
38	250.7228	248	4326.9278	4327.4982
39	250.6399	247	4343.6330	4347.4319
40	250.4106	247	4325.0823	4327.3712
41	250.4105	249	4366.1790	4367.5686
42	250.2851	247	4206.3588	4208.2742
43	250.3900	250	4525.3873	4526.2687
44	250.5146	252	4343.0890	4347.3488
45	250.8686	247	4263.7079	4268.3067
46	249.5984	252	4422.2068	4426.9541
47	249.7442	247	4342.9469	4347.2003
48	250.0771	247	4164.7888	4168.7126
49	249.3903	247	4366.1643	4367.3123
50	250.7645	249	4305.4195	4307.2519
51	250.2024	247	4345.0112	4347.5188
52	250.1188	250	4264.3026	4267.8168
53	250.8064	252	4423.3153	4426.4548
54	250.7853	245	4225.8435	4228.1776
55	250.7020	246	4247.3815	4248.1690
56	250.2024	245	4324.6087	4327.6302
57	250.3063	246	4264.1326	4267.8217
58	250.0148	245	4284.9887	4288.2216
59	250.3271	247	4322.1155	4327.5444
60	250.8060	249	4206.7229	4208.5059
61	250.4730	252	4443.9633	4446.6274
62	250.5771	250	4325.3808	4327.5242
63	250.4940	244	4227.8136	4228.3459
64	249.9735	245	4363.9959	4367.4190
65	250.7440	249	4363.7447	4367.1579
66	250.6606	246	4306.0106	4307.9752
67	249.5778	244	4283.1779	4287.8986
68	250.1193	247	4344.9813	4347.2757
69	250.4939	251	4305.9800	4307.6291
70	249.5986	241	4344.7105	4346.9835
71	250.4108	251	4444.2345	4447.1200
72	250.1612	245	4504.0047	4506.0490
73	250.5357	243	4344.8813	4347.2463
74	250.4941	244	4383.1320	4386.7633
75	250.4523	246	4247.3369	4248.2629
76	250.6604	248	4363.7255	4366.8371
77	250.5358	249	4401.2913	4407.0621
78	250.7440	248	4383.4641	4387.1128
79	250.0775	250	4405.2948	4406.9590
80	250.9108	248	4484.0526	4486.4507
81	248.6823	243	4307.2376	4307.8132
82	250.4527	241	4423.2620	4427.1042
83	250.8690	248	4344.7399	4347.5492
84	250.4314	247	4243.9832	4248.0836
85	250.6397	246	4384.7458	4387.0557
86	250.9312	251	4425.1881	4426.5190
87	250.6816	242	4464.9209	4466.2616
88	250.7228	250	4325.1100	4327.6877
89	250.8065	247	4422.2835	4426.9642
90	250.3268	247	4185.9618	4188.7410
91	251.2438	248	4402.2295	4407.0568
92	250.9314	249	4384.4914	4387.2483
93	250.0984	244	4322.9113	4327.2486
94	250.8476	248	4246.0338	4248.1320
95	250.7437	254	4186.8279	4188.4708
96	250.0356	248	4284.2558	4287.7143
97	250.0565	249	4364.5453	4367.2107
98	250.1612	242	4405.2400	4406.8014
99	250.7649	245	4367.2496	4367.4538
100	250.8899	248	4543.4899	4545.5520
101	250.7437	245	4324.1158	4327.4676
102	250.6188	251	4246.8310	4248.0912
103	250.3484	243	4363.6407	4367.4011
104	250.3063	247	4262.0423	4267.8630
105	250.2236	241	4365.3972	4367.8297
106	250.5149	247	4365.8033	4367.2160
107	250.5774	249	4365.7076	4367.3476
108	250.2853	252	4265.3191	4268.0688
109	250.2024	248	4323.7625	4327.5958
110	250.1191	247	4363.7267	4367.1823
111	250.1609	245	4443.7648	4446.6775
112	250.5983	251	4461.2862	4466.5532
113	250.1399	246	4344.8863	4347.5130
114	250.5149	248	4463.1005	4466.4793
115	251.4520	248	4265.7569	4267.6586
116	250.5567	244	4524.8508	4525.9960
117	249.9732	245	4266.4042	4267.8806
118	250.4105	251	4245.9522	4247.8686
119	251.2646	249	4462.6336	4466.2913
120	250.3067	246	4305.2634	4307.8156
121	250.6398	245	4304.8117	4307.7602
122	250.0982	244	4285.7394	4288.2558
123	250.0983	245	4366.0904	4367.3391
124	250.2024	247	4264.8899	4268.1443
125	250.8479	252	4465.1115	4466.7471
126	251.4312	252	4484.0614	4486.7057
127	250.7437	249	4246.9950	4248.6309
128	250.1189	249	4346.8753	4347.5920
129	251.2229	250	4404.3308	4406.7558
130	250.5985	249	4541.4507	4545.8987
131	250.2439	244	4284.3886	4287.7703
132	250.5774	245	4422.8986	4426.7667
133	250.8485	242	4303.1766	4308.1194
134	250.0357	247	4364.7117	4366.9429
135	250.5980	244	4224.3716	4228.4448
136	250.7228	247	4306.5925	4307.5366
137	251.6186	250	4486.0442	4486.1028
138	250.8273	241	4325.5159	4327.1983
139	250.6813	245	4288.0893	4287.6519
140	250.8480	251	4322.9240	4327.4439
141	250.7228	250	4404.7254	4406.7542
142	250.8062	253	4464.0759	4466.5633
143	250.0985	244	4404.6767	4406.6843
144	250.9522	251	4324.2416	4327.5910
145	250.4938	249	4342.5682	4347.4523
146	250.7022	240	4344.7120	4347.0516
147	249.5983	247	4225.8236	4228.3243
148	250.8274	245	4426.2456	4426.7047
149	250.8689	246	4246.4368	4248.2383
150	250.0359	243	4304.2312	4307.4903
151	250.0773	246	4345.5333	4347.2622
152	250.5773	245	4346.2935	4347.6516
153	250.7230	248	4425.5705	4426.6354
154	250.7646	243	4166.0754	4168.5240
155	250.8268	248	4241.3987	4248.1321
156	250.2026	245	4445.9804	4446.8725
157	250.3692	250	4465.3000	4466.1734
158	250.2649	248	4328.3744	4327.7057
159	250.2442	241	4324.0719	4328.0917
160	251.0567	237	4346.2306	4347.5511
161	250.6810	249	4305.8077	4307.6001
162	250.0152	245	4424.2279	4426.7582
163	250.4941	241	4366.4659	4367.2216
164	250.0356	249	4364.3933	4367.3966
165	250.3689	249	4326.6787	4327.3446
166	250.4936	251	4247.3931	4248.0923
167	250.7022	246	4424.7578	4426.8775
168	250.0981	247	4346.5095	4347.6190
169	250.2024	247	4403.7502	4406.9299
170	250.8066	249	4326.0592	4327.5803
171	249.4319	248	4403.5055	4406.6765
172	250.3481	245	4403.5465	4406.7094
173	250.5353	246	4226.0474	4228.1156
174	251.7223	254	4304.5216	4307.5854
175	250.4101	253	4264.5756	4267.6579
176	250.6190	246	4406.3290	4406.6322
177	250.2644	249	4306.5364	4307.7889
178	250.0360	246	4424.8297	4426.6543
179	250.8269	244	4266.9828	4268.2555
180	250.1818	246	4363.4133	4367.0861
181	250.9104	248	4344.8974	4347.1199
182	250.5148	249	4326.0610	4327.6497
183	250.5151	248	4423.7114	4426.8939
184	250.0986	244	4346.7431	4347.1077
185	250.8899	244	4402.7898	4407.1270
186	250.5359	242	4384.0115	4386.9923
187	251.3685	245	4306.8164	4307.5223
188	250.1609	243	4285.8584	4287.9359
189	250.9106	244	4383.3020	4386.8575
190	249.9109	240	4285.3115	4287.8598
191	250.8271	249	4462.6816	4466.5499
192	250.9316	252	4644.0210	4644.9428
193	250.3903	248	4485.1107	4486.6029
194	250.0153	243	4363.7706	4367.6384
195	250.9311	246	4326.5058	4327.6724
196	251.6604	244	4463.8897	4466.7103
197	250.4109	242	4425.2539	4426.7523
198	251.3060	246	4405.6546	4407.0405
199	250.4940	243	4367.1464	4367.3365
200	250.5565	250	4444.0734	4446.8487
201	250.9102	249	4246.7952	4248.1205
202	250.1814	252	4323.2848	4327.5494
203	250.5354	248	4247.8480	4247.8736
204	250.2027	243	4421.9894	4426.8354
205	250.3270	255	4245.9993	4248.0778
206	250.1189	241	4167.4494	4168.8444
207	250.4309	249	4067.4848	4069.5718
208	250.2858	244	4305.2704	4307.3321
209	250.7226	252	4362.8855	4367.2963
210	251.3063	244	4385.2762	4387.0575
211	250.0984	245	4405.8115	4407.0797
212	250.5564	247	4342.6331	4347.1953
213	251.0355	244	4382.7491	4386.9887
214	250.5141	248	4107.3070	4109.2924
215	250.9314	248	4363.8267	4366.9901
216	250.0148	249	4362.9495	4367.3627
217	250.6816	245	4463.2013	4466.6216
218	250.0361	247	4385.2774	4387.1102
219	250.0149	253	4406.0124	4407.2486
220	250.3686	250	4227.3723	4228.3787
221	250.6187	250	4444.2763	4446.9051
222	250.0149	244	4304.3787	4307.5330
223	250.9316	250	4483.3273	4486.2174
224	250.8684	249	4324.9418	4327.6263
225	250.8473	254	4286.2886	4287.7098
226	250.3065	246	4345.1556	4347.3809
227	250.5147	243	4183.8464	4188.3221
228	250.8061	247	4283.3256	4287.5743
229	250.7853	251	4364.8537	4367.5623
230	250.7648	248	4422.5726	4426.7212
231	250.5768	250	4204.9116	4208.5162
232	247.7864	246	4187.0958	4188.2933
233	251.6396	246	4484.3274	4486.5005
234	250.3481	244	4325.4031	4327.2441
235	250.8272	244	4305.6707	4307.5937
236	250.2649	251	4323.8323	4327.4376
237	250.3271	249	4264.8227	4268.0580
238	250.2442	247	4402.9532	4406.7755
239	250.6190	244	4325.4157	4327.6434
240	250.2438	248	4345.8126	4347.1769
241	250.6812	247	4266.7468	4267.5842
242	249.1197	243	4405.6872	4406.8629
243	250.1192	245	4446.1169	4446.4973
244	250.9311	246	4327.7217	4327.5397
245	250.4320	245	4464.2499	4466.7993
246	250.4734	247	4483.4396	4486.5053
247	250.1192	246	4382.5044	4387.3194
248	250.7231	247	4423.4240	4426.7124
249	250.4316	243	4325.7755	4327.5612
250	250.7025	245	4545.2503	4545.7190
251	250.3065	248	4424.5823	4426.9047
252	250.1606	252	4268.0088	4267.6827
253	250.0147	249	4283.7917	4287.4792
254	250.2234	244	4345.1500	4347.3861
255	250.7856	246	4345.2142	4347.4825
256	251.5353	248	4502.5479	4506.3196
257	250.5151	252	4443.2320	4446.9697
258	249.8692	245	4384.7077	4387.0935
259	250.8688	250	4304.7765	4307.8827
260	250.3903	247	4481.7363	4486.3723
261	250.6815	247	4462.0572	4466.4160
262	250.8062	246	4224.7424	4228.3600
263	251.2644	252	4382.9673	4386.9509
264	251.5559	246	4306.7382	4307.2595
265	250.8695	248	4581.5880	4585.6028
266	250.1403	245	4345.1193	4347.3261
267	250.8899	244	4463.6826	4466.7985
268	250.5772	249	4324.0197	4327.6439
269	251.4311	245	4383.5580	4386.7151
270	250.5566	253	4462.8796	4466.5586
271	250.0774	250	4464.9945	4466.7234
272	248.6408	243	4443.3262	4446.5208
273	250.2650	250	4483.4469	4486.4527
274	250.9106	243	4365.3503	4367.5119
275	250.2856	248	4442.9374	4446.7340
276	249.6190	249	4286.4453	4288.0667
277	251.6811	245	4282.2587	4287.8533
278	250.6610	245	4523.1440	4525.8555
279	250.4938	250	4364.9942	4367.2513
280	250.4735	238	4406.2606	4406.6754
281	250.3692	244	4443.1499	4446.6049
282	250.2648	249	4384.8952	4387.1227
283	250.4111	249	4481.9510	4486.1350
284	250.7228	247	4246.3026	4248.3686
285	250.3482	250	4226.4422	4228.0365
286	251.0148	247	4443.2312	4446.8032
287	250.2647	246	4283.6353	4287.6625
288	250.2855	256	4362.6980	4367.2578
289	250.4104	251	4365.1972	4367.0980
290	250.2647	246	4343.7727	4347.2979
291	250.2650	242	4325.7081	4327.7711
292	250.0985	244	4541.7905	4546.1151
293	250.5354	249	4245.9326	4248.1951
294	250.0565	250	4384.4803	4387.3213
295	250.8269	249	4226.3016	4228.4313
296	250.2232	244	4384.2351	4387.2117
297	250.1812	251	4227.0564	4228.2984
298	250.8894	250	4324.2605	4327.3644
299	250.9937	251	4402.6441	4406.6646
300	250.5977	246	4206.7463	4208.5733
301	250.8272	247	4405.1517	4407.1469
302	250.3899	247	4342.0372	4347.5038
303	250.3062	253	4266.9057	4268.0009
304	250.5148	248	4364.1818	4367.3742
305	250.8273	252	4425.8977	4426.8892
306	251.0355	246	4244.9569	4248.4131
307	250.2859	250	4482.7565	4486.2357
308	249.9315	250	4344.8682	4347.4665
309	249.2239	243	4384.1221	4387.0248
310	250.1819	245	4462.5093	4466.3569
311	250.2440	252	4405.3615	4407.1462
312	250.7443	245	4445.1761	4446.6194
313	250.3064	246	4264.6547	4268.0054
314	250.4102	249	4346.0425	4347.2932
315	250.1400	249	4441.4514	4446.5304
316	250.7022	247	4443.5354	4446.5128
317	249.9109	247	4303.7707	4307.7325
318	249.9318	249	4463.7395	4466.5339
319	250.8063	247	4385.1977	4386.8739
320	250.5150	251	4403.7664	4407.0692
321	250.8060	249	4285.3774	4288.1431
322	250.9104	251	4424.8896	4426.6134
323	250.0357	246	4363.5372	4367.3478
324	250.5566	245	4364.2409	4367.4864
325	250.5774	253	4326.8762	4327.5927
326	250.1814	248	4265.2673	4267.8924
327	250.7649	245	4365.8839	4367.5938
328	250.3276	242	4365.3386	4367.2425
329	250.0151	245	4406.9219	4407.1033
330	250.6398	244	4383.8435	4386.8659
331	250.5356	243	4264.4705	4267.8853
332	250.7437	246	4247.3208	4247.9399
333	250.5149	249	4304.3957	4307.3544
334	251.4726	247	4266.4630	4267.8731
335	251.3061	246	4343.2421	4347.2635
336	250.8478	249	4286.3421	4287.4371
337	250.2650	248	4346.6402	4347.4220
338	250.8899	243	4464.2334	4466.6304
339	250.7856	249	4422.4628	4426.7748
340	250.7433	252	4186.2784	4188.8545
341	250.4314	247	4365.6980	4366.9001
342	250.2021	241	4205.9304	4208.5533
343	250.2858	243	4227.0379	4228.0850
344	249.7443	246	4364.2624	4367.1985
345	250.6815	246	4384.1041	4386.8791
346	250.4940	249	4383.9730	4387.1425
347	250.7024	248	4465.1418	4466.6799
348	250.0569	247	4386.3441	4387.2397
349	250.8689	251	4399.2074	4406.6065
350	250.7438	253	4501.5179	4505.9248
351	250.3692	247	4425.6352	4426.8000
352	250.0772	251	4205.8245	4208.6655
353	250.2858	241	4362.6471	4367.1550
354	251.3060	246	4327.1726	4327.4545
355	250.7439	246	4504.6556	4506.3222
356	250.2652	246	4366.6791	4367.3794
357	250.5979	247	4384.0864	4387.1669
358	250.1606	241	4328.8685	4327.7682
359	249.3068	240	4264.7749	4268.0544
360	251.1813	244	4403.1667	4407.5154
361	250.4106	246	4305.2559	4307.3278
362	250.5151	247	4482.2165	4486.4334
363	250.0356	245	4284.9178	4288.1278
364	250.6604	246	4284.0686	4287.8006
365	250.1813	249	4167.2189	4168.9183
366	249.2445	247	4482.8145	4486.0494
367	250.5982	246	4420.7307	4427.0850
368	250.5148	249	4441.5958	4446.4249
369	250.7230	249	4344.9338	4347.4596
370	250.8684	250	4324.7023	4327.2358
371	250.0567	250	4404.8989	4406.9984
372	250.3689	250	4482.0199	4486.2356
373	251.3270	247	4423.3137	4426.4440
374	250.8270	251	4385.7076	4387.4378
375	250.3485	248	4483.3141	4486.3744
376	250.0566	248	4325.2587	4327.8618
377	250.6189	241	4304.4769	4307.9681
378	250.4728	249	4404.3065	4406.5917
379	250.0150	243	4245.8809	4247.9593
380	250.0150	244	4405.7876	4406.9637
381	250.2442	242	4324.9400	4327.7296
382	250.8684	254	4263.7283	4267.9609
383	250.8065	246	4506.1228	4506.3852
384	250.9313	248	4445.0604	4446.5993
385	250.2648	246	4146.3652	4148.7932
386	250.2442	248	4426.6848	4426.9362
387	250.0981	247	4287.0160	4287.5149
388	250.8898	240	4382.6314	4387.1929
389	250.4106	247	4325.5570	4327.9043
390	250.5980	247	4307.0351	4307.6591
391	250.5352	245	4129.2472	4129.3404
392	250.0776	249	4344.4789	4347.6276
393	251.5145	248	4442.8091	4446.7612
394	250.0773	248	4425.5454	4426.7737
395	250.4526	245	4421.2070	4426.5310
396	250.6187	247	4283.6773	4287.8594
397	250.4316	247	4404.7328	4407.1956
398	250.4318	245	4445.4640	4446.4281
399	250.2441	248	4466.4946	4466.6887
400	250.2859	250	4485.9627	4486.5258
401	250.1191	248	4384.0549	4387.0112
402	250.0352	248	4223.8062	4228.1347
403	250.5352	250	4286.1465	4287.6616
404	250.6811	247	4325.7807	4327.7261
405	250.2859	245	4462.7027	4466.3669
406	249.9317	248	4364.8226	4366.8767
407	250.9315	245	4365.0234	4367.4134
408	250.6817	251	4522.6354	4526.3691
409	250.6604	245	4187.1362	4188.6811
410	250.3690	249	4444.2022	4446.2747
411	250.5355	252	4343.2677	4347.5121
412	250.9519	252	4325.2352	4327.6347
413	250.7855	249	4244.7555	4247.9921
414	250.7018	244	4127.8816	4129.1768
415	250.3065	250	4226.1119	4228.2615
416	250.2232	243	4379.6567	4387.2469
417	250.5980	249	4324.2631	4327.4527
418	250.2234	245	4484.7806	4486.8198
419	250.8484	242	4286.6099	4287.5352
420	248.6820	244	4227.8986	4228.3592
421	250.2646	250	4265.2192	4268.0397
422	251.2647	247	4481.4395	4486.2215
423	249.3491	241	4442.4964	4446.7074
424	250.7858	244	4364.7092	4367.4209
425	250.4734	244	4344.4738	4347.2155
426	250.3065	248	4364.6240	4367.3766
427	250.7233	246	4405.4820	4406.9658
428	250.7649	249	4403.3967	4407.0815
429	251.1398	247	4463.1027	4466.3806
430	249.4945	250	4344.0525	4347.3625
431	250.0777	243	4407.0850	4406.6030
432	250.8273	248	4503.6260	4505.9257
433	250.0358	247	4244.4379	4248.3440
434	250.3899	249	4422.3657	4426.7691
435	249.5778	246	4524.7431	4526.1139
436	250.2857	246	4444.7152	4446.6721
437	250.5566	245	4364.1011	4367.2535
438	250.1814	247	4326.6869	4327.5003
439	250.3484	243	4364.3216	4367.0897
440	250.8272	246	4322.9844	4327.9051
441	250.4732	250	4464.1648	4466.5869
442	250.7441	245	4386.5759	4387.2121
443	250.7441	250	4403.1043	4406.8741
444	250.6188	249	4382.6852	4386.9512
445	249.3486	245	4363.8483	4367.1854
446	248.8486	241	4284.1250	4287.7761
447	250.8896	245	4284.1554	4287.8814
448	250.8896	244	4265.6543	4267.8781
449	250.5149	247	4365.4617	4367.2712
450	251.2647	243	4464.0469	4466.0923
451	250.6602	246	4244.9788	4248.1987
452	250.7857	244	4344.0650	4347.2121
453	250.3272	246	4344.3043	4347.7658
454	250.4108	247	4443.6289	4446.4078
455	251.5140	254	4305.3772	4307.5821
456	250.7233	241	4365.5438	4367.1590
457	249.6819	242	4385.4997	4387.0161
458	250.8067	244	4364.9859	4366.9629
459	250.6607	244	4304.6176	4307.5091
460	250.3067	249	4484.4245	4486.2030
461	250.3273	248	4286.3270	4287.3276
462	251.1188	252	4363.3588	4367.0164
463	250.3065	251	4384.1004	4387.2983
464	250.3278	242	4344.2725	4347.3292
465	250.9105	250	4385.3584	4387.5487
466	250.2853	251	4265.0327	4267.9373
467	251.6807	253	4304.5660	4307.7992
468	250.1610	247	4404.8985	4406.9687
469	250.9315	249	4462.9066	4466.4275
470	250.4733	250	4423.2339	4426.9486
471	250.0359	242	4322.7150	4327.6648
472	249.7862	245	4405.5654	4406.9994
473	248.3492	245	4484.6795	4486.4459
474	250.3483	246	4367.8327	4367.0496
475	250.8272	243	4305.1477	4307.5992
476	250.6193	243	4385.4746	4387.2069
477	251.4104	245	4326.3298	4327.5110
478	250.8893	248	4324.1340	4327.6672
479	250.3483	246	4384.7596	4386.9163
480	250.7443	247	4484.8872	4486.6735
481	250.6394	245	4185.1975	4188.5874
482	251.0355	244	4245.8410	4248.2356
483	251.3267	248	4385.8779	4387.2225
484	250.5565	243	4345.2475	4347.3787
485	250.4108	246	4485.8442	4486.2147
486	250.6603	247	4265.7268	4267.8714
487	250.9103	247	4401.6337	4406.5676
488	250.4938	242	4246.1024	4248.1195
489	251.7014	249	4227.6612	4228.2280
490	250.7024	246	4404.3908	4407.0066
491	250.8272	246	4464.1758	4466.2963
492	250.3689	253	4367.4806	4367.3560
493	250.5360	245	4544.1904	4545.8575
494	250.5775	246	4441.8147	4446.2605
495	250.3065	242	4344.8726	4347.1705
496	249.8280	242	4325.9733	4327.2268
497	250.8891	247	4144.7094	4148.9067
498	250.8477	246	4266.6493	4268.3343
499	250.1609	244	4422.6007	4426.5276
500	250.7437	253	4346.0019	4347.4498
501	250.7019	250	4305.6453	4307.6135
502	250.2232	247	4405.0133	4407.0829
503	250.8683	246	4226.4329	4228.7242
504	250.8689	249	4464.8997	4466.2515
505	249.9944	243	4226.7961	4228.2016
506	250.1397	248	4324.7208	4327.4177
507	249.3070	246	4244.9216	4248.0061
508	250.3483	247	4442.3198	4446.3712
509	250.2645	246	4165.2936	4168.6297
510	250.6194	250	4481.7738	4486.1366
511	250.4735	242	4424.7345	4426.9801
512	250.8687	251	4386.3397	4386.9651
513	249.0987	246	4323.2705	4327.6166
514	251.6600	248	4267.3399	4268.0847
515	250.8687	246	4421.5891	4427.2257
516	250.0148	253	4242.7627	4247.8664
517	250.6815	248	4387.1141	4386.9329
518	250.8271	239	4287.3072	4287.9242
519	250.4523	251	4324.9304	4327.5121
520	250.8481	245	4405.8789	4406.9587
521	251.0981	243	4383.0602	4387.0152
522	250.3894	247	4186.2954	4188.6122
523	250.6196	241	4504.7754	4506.3959
524	250.2024	247	4401.9649	4406.7791
525	250.0982	252	4442.2323	4446.8881
526	250.1609	246	4443.7669	4446.9048
527	250.4523	250	4304.7724	4307.4666
528	250.6191	251	4306.2275	4307.7343
529	250.8057	247	4144.8783	4148.6771
530	250.6396	246	4226.3493	4228.3140
531	248.7444	243	4325.0950	4327.5044
532	251.5559	244	4225.7554	4228.5405
533	250.5356	250	4444.4424	4446.7681
534	250.3694	248	4483.4649	4486.3290
535	250.3481	249	4404.9480	4406.5247
536	248.7861	247	4405.0251	4406.9022
537	251.7229	255	4579.5818	4585.3175
538	250.3271	256	4284.4347	4287.8758
539	250.6191	243	4405.4284	4407.2042
540	250.6814	249	4305.2052	4307.9597
541	248.9738	244	4363.5008	4367.4581
542	250.0773	250	4383.3906	4387.0006
543	250.1812	249	4366.0825	4367.3579
544	250.5973	248	4124.8430	4129.0861
545	250.7440	245	4363.9393	4367.5786
546	250.0357	246	4385.1886	4387.1845
547	250.7854	251	4323.7931	4327.6727
548	250.0362	248	4465.3735	4466.5472
549	250.0569	249	4304.4833	4307.6633
550	250.7229	245	4324.4359	4327.9264
551	250.0151	249	4364.6976	4366.7864
552	250.9107	245	4404.0078	4406.9472
553	250.4944	244	4423.5120	4426.6230
554	251.5146	244	4439.6540	4446.7334
555	251.4728	248	4365.4694	4367.0516
556	249.7026	244	4284.4626	4287.9676
557	250.4939	252	4384.9502	4387.0980
558	250.0146	247	4206.8706	4208.6212
559	250.7647	250	4346.1519	4347.4241
560	250.7857	243	4285.3659	4287.8431
561	250.0568	245	4267.5812	4267.9197
562	250.0982	249	4364.6145	4367.2252
563	250.3898	250	4345.3809	4347.2999
564	249.8067	246	4324.6927	4327.6902
565	249.7025	244	4283.2146	4287.9086
566	250.7230	253	4443.3772	4446.8650
567	250.9105	247	4364.4463	4367.3811
568	250.3480	244	4303.3335	4307.8374
569	250.7025	248	4481.7149	4486.4388
570	250.0771	250	4184.0174	4188.5118
571	250.8691	244	4404.2257	4407.1867
572	250.0358	253	4484.2910	4486.0969
573	250.2648	248	4304.3173	4307.8170
574	250.5151	251	4483.7722	4486.3188
575	250.3061	247	4305.3699	4307.6144
576	250.0568	242	4246.5730	4248.2483
577	250.4943	243	4344.8850	4347.0599
578	250.0564	247	4208.0204	4208.7098
579	250.5981	248	4325.4535	4327.3338
580	250.7439	243	4266.9052	4268.1032
581	250.0150	245	4324.6450	4327.6591
582	250.1397	249	4324.3331	4327.4812
583	250.8271	246	4364.9552	4367.2709
584	251.2228	250	4325.9786	4327.2790
585	250.7024	249	4540.6032	4545.7826
586	250.2858	243	4363.2612	4367.4661
587	250.7857	242	4345.9867	4347.3509
588	249.5566	246	4323.5058	4327.3507
589	250.5777	239	4308.1223	4307.6606
590	250.7441	246	4304.4572	4307.6382
591	250.3273	242	4184.1281	4188.4788
592	250.1603	250	4283.3376	4287.6370
593	250.1605	250	4326.3765	4327.5189
594	250.2227	248	4106.5335	4109.4715
595	250.6186	247	4186.2051	4188.6823
596	250.3481	247	4405.7017	4406.7104
597	250.7857	245	4345.3687	4347.3577
598	250.4941	245	4247.9199	4248.0334
599	249.8900	250	4382.1601	4387.1417
600	249.9733	243	4264.4409	4267.8375
601	249.6820	244	4405.0144	4407.1433
602	250.9106	247	4383.5885	4387.0691
603	250.3480	251	4343.4863	4347.4758
604	250.3481	248	4286.3247	4287.9213
605	250.1815	252	4503.3673	4506.0933
606	250.5149	245	4364.0733	4367.1083
607	250.8477	246	4265.2837	4267.8627
608	250.7228	242	4224.8495	4228.0624
609	250.4944	240	4424.2231	4426.8154
610	250.7231	247	4363.2168	4367.3042
611	250.0773	246	4423.7868	4426.7604
612	250.8688	245	4364.5446	4367.1935
613	250.5355	243	4244.5408	4248.5143
614	250.0355	247	4344.1432	4347.4978
615	250.8478	246	4205.3605	4208.2893
616	250.4102	246	4109.3967	4109.0924
617	250.9105	246	4286.7923	4287.7486
618	250.0775	246	4364.1457	4367.2963
619	250.4107	245	4406.4337	4407.3144
620	250.7021	251	4445.3323	4446.7243
621	249.4944	249	4303.2104	4307.8680
622	250.5564	243	4324.1659	4327.7481
623	250.7855	244	4325.7858	4327.7866
624	249.9521	243	4206.9911	4208.3861
625	250.4520	249	4265.7476	4267.9294
626	250.9522	245	4285.3046	4288.0804
627	250.4314	248	4384.7692	4387.3113
628	250.4105	245	4387.4427	4387.2887
629	250.2232	247	4325.3227	4327.3419
630	250.8482	247	4482.2121	4486.4151
631	250.7438	248	4347.2987	4347.3520
632	250.3898	252	4287.4272	4287.7135
633	250.3271	248	4166.5492	4168.6387
634	250.6604	247	4285.9609	4288.0270
635	250.1194	240	4327.5246	4327.4413
636	251.0976	251	4265.5134	4267.7153
637	250.0569	243	4505.2211	4506.2119
638	251.4936	247	4283.6727	4287.7083
639	250.5773	249	4342.0488	4347.6219
640	250.6190	248	4484.7644	4486.3394
641	250.2651	247	4482.9594	4486.2938
642	250.9105	248	4385.4415	4387.0907
643	250.2441	247	4266.8799	4268.0979
644	250.2230	249	4363.4109	4367.1759
645	249.7231	249	4244.2421	4247.7948
646	250.0771	252	4325.0492	4327.5986
647	250.0150	241	4306.2984	4307.7333
648	250.7858	248	4462.4904	4466.5383
649	250.3065	253	4384.3663	4387.3286
650	250.5774	252	4384.5980	4387.0870
651	250.0150	248	4345.1209	4347.3748
652	250.3900	246	4425.8748	4426.9392
653	250.4316	246	4344.0787	4347.1903
654	250.5979	250	4362.3262	4367.3671
655	250.9732	245	4382.7220	4387.4326
656	250.6397	254	4542.7307	4545.8315
657	250.2021	246	4146.3008	4148.7506
658	250.4939	244	4347.6657	4347.2643
659	250.5148	247	4364.7501	4367.2677
660	250.3273	243	4343.8723	4347.1556
661	250.2647	247	4344.8616	4347.2741
662	250.5566	247	4363.1060	4367.1915
663	251.1188	250	4386.1268	4386.8997
664	250.7437	249	4402.9703	4406.5279
665	250.0568	238	4304.1954	4307.7732
666	250.2646	253	4225.9717	4228.4302
667	250.2855	251	4423.5989	4426.9154
668	250.0775	247	4326.3702	4327.2219
669	250.3685	250	4344.9486	4347.4251
670	249.5568	246	4223.2059	4228.1003
671	250.2024	249	4344.6826	4347.5418
672	249.5982	245	4145.5071	4148.5274
673	250.5149	246	4447.0568	4446.4928
674	250.6188	251	4323.3824	4327.5337
675	249.3278	245	4227.2762	4228.2761
676	250.7229	251	4423.5118	4426.9589
677	250.4941	244	4382.5396	4387.3250
678	250.0358	243	4305.5480	4307.5874
679	250.2649	247	4322.6974	4327.5176
680	250.2651	241	4324.8185	4327.5317
681	251.3685	247	4304.0916	4307.6975
682	250.4106	247	4246.8906	4248.3820
683	250.1400	249	4304.9329	4307.4609
684	250.4942	244	4461.6625	4466.5215
685	250.7024	248	4464.9330	4466.1104
686	251.1815	250	4404.1327	4406.8568
687	250.4940	245	4443.8177	4446.5845
688	250.0990	244	4483.7181	4486.4597
689	250.2232	245	4306.5311	4307.4213
690	250.3065	250	4465.1495	4466.4402
691	250.1606	244	4244.8366	4247.9697
692	250.6605	249	4362.1649	4367.3199
693	250.4315	244	4382.7107	4386.8573
694	250.2648	250	4303.2503	4307.7036
695	250.5772	247	4404.3432	4406.7647
696	250.8691	247	4483.3139	4486.1970
697	251.6393	247	4384.3198	4386.8514
698	250.5773	246	4325.3190	4327.4947
699	250.5978	251	4225.7198	4228.1639
700	250.3276	246	4305.4067	4307.6703
701	250.3063	247	4266.3625	4267.5005
702	250.4315	248	4403.7108	4406.6390
703	250.6188	247	4385.0255	4387.0394
704	249.4736	243	4385.3486	4387.4760
705	250.3689	244	4105.7558	4109.0903
706	249.2447	239	4345.9587	4347.4211
707	250.8481	250	4403.3020	4406.8638
708	250.0978	250	4306.1959	4307.4440
709	251.5770	245	4405.0156	4406.9814
710	250.3479	249	4387.1888	4386.8310
711	251.5767	249	4383.8072	4387.1478
712	250.8066	246	4306.2977	4307.8189
713	250.6606	247	4305.0334	4307.7168
714	250.5771	249	4305.7700	4307.5974
715	250.8267	256	4344.9826	4347.4444
716	250.9318	246	4583.2911	4585.3819
717	250.6814	246	4364.8552	4367.5450
718	251.5144	246	4424.4280	4426.7986
719	250.0983	246	4445.6768	4446.6157
720	250.5149	247	4324.5352	4327.5336
721	249.8696	241	4505.3733	4505.9572
722	249.8901	243	4305.2286	4307.6473
723	250.3064	247	4344.6710	4347.3352
724	250.2226	254	4263.5174	4268.0545
725	250.3897	247	4302.4934	4308.0096
726	250.6606	244	4365.2198	4367.2237
727	250.1193	247	4543.1183	4546.0158
728	250.5569	246	4425.3690	4426.9483
729	251.4516	247	4245.1151	4248.0021
730	251.6601	246	4442.4526	4446.7175
731	250.5361	246	4442.8852	4446.3553
732	250.9313	245	4343.8464	4347.6554
733	250.7026	247	4503.1356	4506.2551
734	249.5987	241	4423.3404	4427.0211
735	250.6189	248	4403.4837	4406.7433
736	250.1193	243	4365.1059	4367.2370
737	249.7647	250	4325.1236	4327.4135
738	250.5149	243	4364.2053	4367.4588
739	250.6816	253	4583.5207	4585.5160
740	250.0359	248	4504.6636	4506.4168
741	250.7649	243	4364.5686	4367.1533
742	250.3274	252	4464.9928	4466.7859
743	250.2023	245	4383.0356	4387.1282
744	250.5983	245	4424.2331	4426.7111
745	251.0770	242	4265.6298	4267.8962
746	250.3476	249	4266.3548	4267.6660
747	250.8060	249	4284.4879	4287.6608
748	250.1398	245	4245.0779	4247.8432
749	251.5773	249	4541.5960	4546.1320
750	250.3482	244	4265.4663	4267.8084
751	250.6187	246	4285.0263	4287.9059
752	250.4525	249	4366.2240	4367.2224
753	250.8476	254	4342.4747	4347.4061
754	250.6192	246	4445.0277	4446.5865
755	250.5151	246	4403.6753	4407.0701
756	250.5149	245	4444.4295	4446.4646
757	250.6607	244	4403.1215	4406.8257
758	250.4522	247	4444.7273	4446.8886
759	250.0149	248	4324.6275	4327.7633
760	250.4938	245	4184.6495	4188.4463
761	250.7026	247	4442.6593	4446.4846
762	250.3896	251	4303.4693	4307.8747
763	250.7855	251	4405.6315	4407.1755
764	249.1192	249	4403.3724	4406.9419
765	251.4933	249	4305.7586	4307.2180
766	251.0142	247	4266.3140	4267.7599
767	250.3896	249	4305.3476	4307.5930
768	250.5567	245	4525.7093	4525.9433
769	250.5357	241	4284.1327	4288.1323
770	250.8479	246	4224.9729	4228.4745
771	250.2024	244	4323.1567	4327.6923
772	250.3900	244	4342.9676	4347.6616
773	251.3478	251	4364.6522	4367.1226
774	250.4735	245	4501.7451	4506.4331
775	250.1605	250	4304.9816	4307.6752
776	250.2027	246	4525.3167	4525.4396
777	250.8063	246	4324.8432	4327.6701
778	250.2023	249	4327.2428	4327.5314
779	250.2857	244	4364.5304	4367.1043
780	250.8688	250	4244.9122	4248.1243
781	250.6401	248	4463.4870	4466.6450
782	250.7858	246	4364.9454	4367.2184
783	250.1398	246	4340.9457	4347.3595
784	250.2854	253	4344.9968	4347.7125
785	250.8900	246	4483.5888	4486.1953
786	250.2857	246	4227.4869	4228.6002
787	250.0150	243	4265.3431	4268.3507
788	250.7438	245	4266.7142	4267.6869
789	251.2232	246	4522.4587	4525.5925
790	250.0358	243	4382.9980	4386.9199
791	250.5145	247	4244.7580	4248.0867
792	251.3476	251	4325.4190	4327.5515
793	250.5770	248	4285.7968	4287.7057
794	250.1607	251	4422.2222	4426.9036
795	250.3900	242	4344.0680	4347.0883
796	250.5776	245	4384.5776	4387.1660
797	250.6400	241	4344.3038	4347.2855
798	250.7231	245	4345.8234	4347.0476
799	250.7643	248	4146.8581	4148.8256
800	250.8478	247	4286.2059	4288.1562
801	251.5139	248	4185.8286	4188.6087
802	250.0563	247	4265.6258	4268.2728
803	250.7850	246	4165.9102	4168.7483
804	250.0983	250	4384.5813	4386.9322
805	250.8480	246	4304.0660	4307.7289
806	250.0360	248	4422.0067	4426.9222
807	250.7443	242	4344.0397	4347.7620
808	249.0772	244	4147.4532	4148.9856
809	250.4733	246	4466.2065	4466.4964
810	250.1399	249	4285.2134	4287.6779
811	250.4105	243	4286.3819	4288.3136
812	250.7653	241	4485.6297	4486.1225
813	250.3064	244	4205.6125	4208.4466
814	250.3484	252	4483.3961	4486.2369
815	250.0150	243	4245.7566	4248.1712
816	250.1608	245	4344.8466	4347.5436
817	250.8897	244	4287.1120	4288.0318
818	250.4526	247	4422.4942	4426.5414
819	250.0360	248	4484.6931	4486.3097
820	250.2440	251	4464.6970	4466.6466
821	250.8897	246	4363.6385	4367.2348
822	251.5348	250	4284.5155	4287.8663
823	250.3067	244	4462.2669	4466.7464
824	250.7648	245	4505.4639	4506.3750
825	250.7438	247	4264.7883	4267.9276
826	249.5364	244	4483.0652	4486.2308
827	250.4316	241	4323.3993	4327.2160
828	251.4933	249	4246.0414	4248.2570
829	250.7233	244	4463.2289	4466.8133
830	250.7231	248	4365.7205	4367.4099
831	249.6193	244	4404.8062	4407.0500
832	250.0777	247	4502.4175	4506.3104
833	251.4728	247	4385.7085	4387.0695
834	250.1195	248	4522.6139	4525.9498
835	250.5360	243	4403.0085	4406.5930
836	251.2855	242	4385.2051	4387.4824
837	250.8063	253	4344.9046	4347.5913
838	250.9520	244	4322.3856	4327.5916
839	251.2435	248	4286.7056	4287.8321
840	250.2228	251	4246.1082	4248.2978
841	250.0771	254	4204.1354	4208.7515
842	249.8903	247	4484.3065	4486.2475
843	250.1191	251	4305.9154	4307.4842
844	249.8274	248	4384.2418	4387.0652
845	250.7853	250	4304.2620	4307.4513
846	249.8063	246	4186.3239	4188.7520
847	250.4108	249	4424.3570	4426.7845
848	250.6400	247	4424.1700	4426.8909
849	250.8071	241	4426.6680	4426.7615
850	250.6397	249	4305.2732	4307.5508
851	250.2231	249	4303.1142	4307.5454
852	250.0150	243	4244.5686	4248.3388
853	250.8064	250	4404.1279	4406.8718
854	250.7435	248	4286.5316	4287.8292
855	250.2858	246	4303.9475	4307.9392
856	251.5978	244	4325.5842	4327.5684
857	250.4523	245	4384.5924	4387.2513
858	250.1608	248	4502.3866	4505.8840
859	250.7861	244	4503.2212	4506.2299
860	250.4942	246	4402.7883	4407.0072
861	248.6197	246	4344.9503	4347.4771
862	250.7024	247	4464.7214	4466.3987
863	250.2857	249	4327.1589	4327.9430
864	250.9103	252	4284.2901	4287.6382
865	250.2439	247	4283.7724	4287.8173
866	250.6817	244	4482.8340	4486.2047
867	250.3692	245	4362.3750	4367.2756
868	250.2028	239	4305.1706	4307.9313
869	250.9522	244	4282.8134	4287.9464
870	250.3687	246	4283.9527	4287.8585
871	251.6814	247	4423.3500	4426.9085
872	250.6606	245	4226.5187	4228.1226
873	248.7860	251	4325.8342	4327.5792
874	250.7648	242	4345.6533	4347.3112
875	249.7859	248	4423.3198	4426.6909
876	250.5566	243	4423.2261	4426.5892
877	250.3271	248	4304.9082	4308.0927
878	250.5983	242	4282.9362	4287.5649
879	250.3275	247	4303.2637	4307.8277
880	249.4735	246	4246.9196	4248.1432
881	250.0983	246	4364.6382	4367.2650
882	250.9106	242	4364.7084	4367.2142
883	250.8481	243	4166.6532	4168.4920
884	250.6813	244	4344.3710	4347.3461
885	250.1603	250	4443.9428	4446.6954
886	250.0772	248	4343.5959	4346.8928
887	250.9106	246	4384.3040	4386.9236
888	250.5982	247	4427.3432	4426.8629
889	251.3062	246	4424.3213	4427.0480
890	250.6186	247	4344.4404	4347.6009
891	250.8689	248	4322.4466	4327.4575
892	250.7231	244	4443.6461	4446.7822
893	250.3477	249	4223.6923	4228.1330
894	250.8692	244	4502.3690	4506.2396
895	250.3065	244	4225.6499	4228.2576
896	250.0354	251	4348.7207	4347.3849
897	250.8271	247	4385.2130	4387.1680
898	250.2022	245	4286.3220	4287.6568
899	250.2852	245	4128.0035	4128.7322
900	250.2858	244	4305.6856	4307.7155
901	249.4733	248	4343.4706	4347.3279
902	250.7444	244	4283.8532	4288.0845
903	250.1402	242	4305.9727	4307.6239
904	250.1605	247	4325.5292	4327.2893
905	250.3069	246	4639.1437	4645.0985
906	250.4939	245	4285.0577	4288.0198
907	250.4526	245	4422.0902	4426.8873
908	250.2442	247	4285.2951	4287.7701
909	250.1816	247	4443.5171	4446.7472
910	250.4518	250	4264.3589	4267.9949
911	250.7026	240	4404.5714	4406.7824
912	250.1818	245	4305.5776	4307.4310
913	250.2232	247	4242.1987	4247.8953
914	250.4314	245	4303.5424	4307.6362
915	250.4732	245	4464.9444	4466.6414
916	250.4108	245	4343.6814	4347.6120
917	250.7440	247	4365.2252	4367.1661
918	250.6188	246	4225.2797	4228.2414
919	251.4725	249	4345.7051	4347.3181
920	250.0568	250	4285.1235	4287.8564
921	250.4106	247	4325.9837	4327.6032
922	250.3064	246	4343.4976	4347.3159
923	250.6187	253	4384.8284	4387.1424
924	251.4523	246	4424.6962	4426.6994
925	250.0568	249	4343.5580	4347.1508
926	250.5148	239	4263.8807	4267.8661
927	250.6814	246	4284.9997	4287.7858
928	250.1184	249	4186.8089	4188.4837
929	250.2857	244	4284.8556	4287.5420
930	250.4521	250	4284.2633	4287.8469
931	251.2434	249	4265.2014	4267.7962
932	250.9315	248	4464.3819	4466.9111
933	250.3483	248	4463.0106	4466.3540
934	249.0987	243	4363.1121	4367.3114
935	249.1197	244	4402.9046	4406.8213
936	250.7234	245	4404.5680	4406.8841
937	250.7233	247	4406.1081	4406.8139
938	250.7023	249	4464.5791	4466.4803
939	250.9317	248	4503.0212	4505.9606
940	250.3276	245	4242.5974	4248.3708
941	250.5563	247	4322.9163	4327.4288
942	250.5359	242	4325.2079	4327.3495
943	249.5982	251	4244.7599	4248.1274
944	250.4526	247	4424.7051	4426.8916
945	250.6816	249	4347.1666	4347.6110
946	250.6184	257	4206.6030	4208.5303
947	250.7439	246	4424.3002	4426.6341
948	250.5570	243	4501.3465	4506.3655
949	250.2228	249	4264.9964	4268.0391
950	250.7854	246	4385.1391	4387.2825
951	251.3475	248	4225.9990	4228.1190
952	250.8270	251	4383.7457	4387.0757
953	250.8062	248	4365.0237	4367.4742
954	250.5148	249	4307.2403	4307.4928
955	250.2236	239	4285.1490	4287.9029
956	250.8688	248	4365.1154	4366.9297
957	250.1189	247	4265.5881	4267.8495
958	249.7652	246	4382.3269	4387.3765
959	251.3479	248	4365.8523	4367.4434
960	250.6192	248	4521.8501	4526.0564
961	250.4730	247	4342.2349	4347.2427
962	250.1818	247	4384.3577	4386.9834
963	250.9311	246	4304.3852	4307.7816
964	250.8901	243	4424.5430	4426.9838
965	250.2439	246	4442.6110	4446.4570
966	250.9101	250	4225.5476	4228.0381
967	250.7650	244	4463.8822	4466.6290
968	251.2229	247	4405.4118	4407.0986
969	250.0355	245	4346.0333	4347.4407
970	250.4314	250	4248.4455	4248.1837
971	250.1607	252	4425.0880	4426.9589
972	250.8900	250	4424.3280	4426.6896
973	250.2652	246	4501.8793	4506.1223
974	250.8690	251	4483.0414	4486.3026
975	250.8481	239	4304.5216	4307.8971
976	250.1189	250	4244.7596	4248.0732
977	250.7856	246	4347.2100	4347.0248
978	250.1186	247	4206.2630	4208.1833
979	250.6190	247	4344.6549	4347.3576
980	250.5150	246	4266.4671	4268.1023
981	250.1819	244	4523.2801	4526.1394
982	250.0776	248	4404.7516	4406.8474
983	250.4732	243	4362.4788	4367.3068
984	249.7443	253	4325.8495	4327.4486
985	250.5561	245	4209.1078	4208.1085
986	250.5145	244	4303.8117	4307.4741
987	249.9112	245	4425.6858	4426.8257
988	250.4318	247	4445.0383	4446.5171
989	250.6815	245	4386.0343	4386.9755
990	250.4728	245	4324.9614	4327.7119
991	250.3272	245	4265.8078	4267.8437
992	250.3897	246	4307.7089	4307.7533
993	250.4518	247	4225.9943	4228.7105
994	250.4108	249	4364.8879	4367.2806
995	250.4107	252	4424.0476	4426.7149
996	249.5569	250	4384.7792	4387.3179
997	250.2858	243	4384.5550	4387.2137
998	250.3275	253	4402.9911	4407.0414
999	250.2857	244	4363.7848	4367.2181
1000	251.0145	250	4323.8728	4327.6763
