1	250.5324	262	97
2	250.4295	268	82
3	250.9289	264	74
4	250.8253	264	80
5	250.5963	266	82
6	250.0341	258	68
7	250.2413	265	86
8	250.0123	266	93
9	250.8675	258	63
10	250.6795	265	73
11	250.2630	267	81
12	250.2421	258	71
13	250.6587	267	81
14	250.9087	263	71
15	250.2630	261	76
16	250.4081	266	81
17	250.3457	266	87
18	250.8458	263	77
19	250.2632	258	65
20	251.1578	263	86
21	250.2629	266	81
22	251.2416	260	71
23	250.7629	263	81
24	250.0548	262	73
25	250.2006	264	76
26	250.5544	261	72
27	250.0335	266	79
28	250.0335	266	80
29	250.7831	262	74
30	250.3674	259	72
31	250.2415	264	95
32	251.1792	261	74
33	250.2624	269	84
34	250.2636	265	73
35	251.2832	263	74
36	250.1796	258	73
37	250.3249	257	76
38	250.4503	262	75
39	250.8258	265	68
40	250.0548	262	66
41	250.6791	263	78
42	250.7208	263	75
43	250.3870	268	92
44	250.5540	261	76
45	250.7421	263	74
46	250.5541	265	82
47	250.1796	263	82
48	250.0963	266	76
49	250.0962	264	84
50	250.7415	264	81
51	250.6578	267	85
52	250.3872	264	94
53	250.5751	267	80
54	250.4915	264	84
55	250.2000	264	82
56	251.0746	259	81
57	250.5130	259	71
58	250.1170	265	71
59	250.6785	267	94
60	250.6586	261	77
61	250.2836	268	77
62	250.5965	265	73
63	250.2833	265	77
64	250.5133	265	80
65	250.2202	260	85
66	250.5133	259	65
67	250.6372	265	85
68	250.5961	267	81
69	250.2210	265	79
70	250.1589	263	76
71	251.5125	265	75
72	251.3242	264	86
73	250.1372	262	85
74	250.4920	264	76
75	250.3876	266	81
76	250.4291	265	83
77	250.2411	274	93
78	250.6384	267	72
79	250.8039	265	84
80	250.3044	266	76
81	250.0954	264	84
82	250.8254	262	83
83	250.7828	264	81
84	250.8657	267	96
85	250.3874	264	79
86	250.1583	260	82
87	250.3048	267	76
88	250.3244	264	90
89	250.2210	264	85
90	250.1374	265	87
91	250.6794	270	81
92	250.0135	265	74
93	250.3256	264	78
94	250.0542	261	84
95	250.7830	265	83
96	250.0959	262	75
97	250.9291	269	77
98	250.0334	263	79
99	250.1591	257	66
100	250.9505	270	79
101	250.0336	262	86
102	250.1588	266	86
103	250.6167	263	77
104	251.4080	265	82
105	250.2417	260	72
106	250.6787	265	84
107	250.0961	266	87
108	250.1371	271	97
109	250.9288	264	82
110	250.8876	264	71
111	250.4707	261	75
112	251.0125	260	74
113	250.4290	268	90
114	250.3031	267	94
115	250.0756	259	72
116	250.8244	265	87
117	250.2209	262	76
118	250.2009	259	64
119	250.4506	263	70
120	250.4502	258	79
121	250.0960	263	81
122	250.1378	261	77
123	250.6169	263	78
124	250.3884	261	71
125	250.0342	268	75
126	250.7414	268	92
127	250.3464	258	71
128	250.5951	269	94
129	250.7420	264	73
130	250.1588	266	80
131	250.9282	265	88
132	250.1374	261	84
133	250.5128	263	80
134	250.7008	264	75
135	250.5328	271	86
136	250.5964	259	73
137	250.8871	265	82
138	250.9084	261	75
139	250.8874	265	81
140	250.1588	270	86
141	250.1592	262	69
142	250.5961	263	82
143	250.5339	266	76
144	251.2832	266	84
145	250.7413	262	81
146	250.7212	268	72
147	250.5130	264	78
148	250.3885	261	54
149	250.8872	267	80
150	250.8033	268	98
151	250.8446	263	94
152	250.3664	265	84
153	250.3871	259	81
154	250.6162	265	87
155	250.6585	269	81
156	250.8045	259	71
157	250.2835	262	80
158	250.2419	267	79
159	250.0339	263	67
160	250.7837	264	76
161	250.1999	269	93
162	250.2214	262	73
163	251.3664	268	84
164	250.4506	265	75
165	250.9082	267	89
166	250.5130	262	77
167	250.4926	258	66
168	250.9287	266	85
169	250.1173	259	74
170	250.9082	262	78
171	250.4293	259	74
172	250.1371	262	86
173	250.8872	257	75
174	250.3674	263	64
175	250.6781	267	103
176	250.1376	259	72
177	250.0552	264	68
178	250.5124	257	75
179	250.5743	266	87
180	250.4711	267	89
181	250.5335	264	79
182	250.8041	259	77
183	250.3249	260	82
184	250.1792	263	83
185	250.5540	261	83
186	250.6367	267	94
187	250.8254	263	70
188	251.5758	264	65
189	250.3870	266	87
190	250.2212	260	73
191	250.2420	261	68
192	250.0541	270	95
193	250.3661	266	92
194	250.7002	268	81
195	250.3670	255	74
196	250.7624	262	83
197	250.0128	263	74
198	250.2214	255	70
199	250.6381	261	70
200	250.2613	271	101
201	250.8462	261	69
202	250.3870	265	86
203	250.7211	261	68
204	250.3252	265	73
205	250.4712	261	74
206	250.6169	259	68
207	250.7209	259	71
208	250.2831	265	83
209	250.5542	260	70
210	250.4499	262	80
211	250.0126	263	76
212	250.9280	265	93
213	250.1164	261	86
214	250.2207	262	79
215	250.4077	268	80
216	250.2837	266	82
217	250.4923	265	75
218	250.2210	268	84
219	250.3252	263	74
220	250.0962	263	80
221	250.5325	270	92
222	250.8877	261	71
223	251.0752	264	72
224	250.7837	261	71
225	250.1373	267	86
226	250.8253	256	69
227	250.7840	263	67
228	250.7626	265	76
229	250.8248	269	86
230	250.4706	267	84
231	250.1175	264	66
232	250.7416	266	85
233	250.0537	258	82
234	250.1584	267	87
235	250.7622	261	76
236	250.4708	263	80
237	250.7834	272	86
238	251.5953	265	83
239	250.2834	264	79
240	250.4294	266	78
241	250.2838	262	71
242	250.3044	264	78
243	250.7002	264	73
244	250.4711	267	75
245	250.6168	258	71
246	250.3254	263	70
247	250.6164	266	84
248	250.4928	262	62
249	250.8459	267	86
250	250.7837	261	71
251	250.6381	265	74
252	250.9077	268	88
253	250.1378	260	73
254	250.2840	269	81
255	250.5544	260	72
256	250.7631	262	73
257	250.4499	267	79
258	250.0132	260	67
259	250.0126	267	87
260	250.4502	262	72
261	250.4088	259	73
262	250.8666	269	77
263	250.1165	269	90
264	250.6374	264	82
265	250.3871	266	90
266	250.0552	264	66
267	250.4708	264	76
268	250.9280	263	88
269	250.0967	266	82
270	250.8870	267	99
271	250.2204	265	87
272	250.5130	265	77
273	251.4911	268	88
274	250.0742	267	96
275	250.4085	261	71
276	250.6376	266	82
277	250.1586	263	82
278	250.8870	261	77
279	250.0961	265	79
280	250.1593	261	68
281	250.8047	265	67
282	250.6582	266	85
283	250.2834	261	74
284	250.0340	264	81
285	250.6163	264	81
286	250.1793	268	88
287	250.7000	262	81
288	250.7422	261	72
289	250.5128	261	71
290	250.6580	266	80
291	250.3878	263	78
292	250.4504	254	68
293	250.4297	262	72
294	250.0963	260	73
295	250.4914	268	88
296	250.1168	260	80
297	250.7831	266	80
298	250.2420	262	71
299	250.0124	261	82
300	250.1581	264	81
301	250.9290	266	85
302	250.8666	260	78
303	250.6999	264	86
304	250.6168	263	79
305	250.8458	263	81
306	250.6369	269	90
307	250.5537	262	79
308	250.9924	266	82
309	250.5749	267	84
310	250.1787	261	83
311	250.4081	262	82
312	250.4712	260	70
313	250.3252	269	89
314	250.6798	255	60
315	250.7003	262	69
316	250.1582	261	74
317	250.6797	257	62
318	250.1794	264	83
319	250.2832	265	88
320	250.4081	268	83
321	250.1168	262	83
322	250.2001	258	76
323	250.1585	263	78
324	250.3879	260	68
325	250.4502	267	79
326	250.0121	265	90
327	250.1177	258	57
328	250.0335	263	78
329	250.7001	272	79
330	250.8457	260	76
331	250.2416	261	81
332	250.5129	266	82
333	250.6582	264	79
334	250.5753	264	75
335	250.5958	266	79
336	250.6793	261	86
337	250.3871	271	97
338	250.8449	269	90
339	250.2629	265	73
340	250.8449	278	103
341	250.6373	268	89
342	250.2220	262	67
343	250.0964	259	68
344	250.2006	266	75
345	251.4295	263	72
346	250.3461	276	91
347	250.9085	262	72
348	250.8254	264	78
349	250.8046	262	69
350	250.1794	266	74
351	250.2216	257	67
352	250.8865	269	90
353	250.5126	264	72
354	250.1999	265	87
355	250.1165	264	82
356	250.4921	266	77
357	251.6790	264	73
358	250.5330	265	81
359	250.5541	259	77
360	250.0959	266	78
361	250.1176	260	66
362	250.2832	260	85
363	250.5129	261	71
364	250.5751	266	81
365	250.1587	261	69
366	250.9708	265	81
367	250.7210	262	66
368	250.2625	267	89
369	250.4504	265	76
370	250.4083	259	74
371	250.0956	261	79
372	250.4918	267	81
373	250.1168	267	88
374	250.5542	259	72
375	250.0963	262	75
376	250.2832	264	85
377	250.4498	267	86
378	250.2007	264	69
379	250.1798	262	71
380	250.1164	263	75
381	250.3872	266	86
382	250.5959	263	80
383	250.5538	267	90
384	250.7208	258	65
385	250.6788	262	84
386	250.6157	270	98
387	250.7415	259	80
388	250.7424	264	73
389	250.1791	266	84
390	250.5749	264	78
391	250.9284	267	84
392	250.9077	271	89
393	250.6176	256	56
394	250.1998	266	85
395	250.0753	269	88
396	250.5955	267	90
397	250.8039	265	84
398	250.6792	263	77
399	250.7204	261	84
400	250.7835	264	85
401	250.7210	269	82
402	251.3870	270	80
403	250.2213	259	75
404	250.2833	257	81
405	250.2205	268	95
406	251.5334	254	65
407	250.3458	260	78
408	250.6576	270	93
409	250.6372	267	82
410	250.2830	259	76
411	250.9500	264	69
412	250.3038	271	82
413	250.9084	260	75
414	250.8038	267	93
415	250.0759	257	63
416	250.0548	258	78
417	250.9091	262	70
418	250.6169	261	77
419	250.3460	262	83
420	250.9292	270	90
421	250.7624	259	73
422	250.6582	262	75
423	250.0544	261	78
424	250.0753	265	82
425	250.6582	266	88
426	250.9088	264	71
427	250.7429	262	64
428	250.5532	269	100
429	250.3664	270	88
430	250.1789	263	83
431	250.7415	255	71
432	251.3661	266	74
433	250.5751	268	83
434	250.1169	264	83
435	250.5744	271	94
436	250.9288	264	79
437	250.0537	270	98
438	250.9073	271	86
439	250.7626	261	73
440	250.7002	265	71
441	250.9498	263	83
442	250.8881	262	72
443	250.6167	265	79
444	250.4288	265	89
445	250.2004	265	76
446	250.1585	268	83
447	250.9082	267	82
448	250.7416	269	81
449	250.3245	269	86
450	250.3458	256	71
451	250.0543	264	78
452	250.7420	266	79
453	250.9087	262	67
454	250.8456	261	78
455	250.3050	263	75
456	250.7199	269	94
457	250.8251	266	81
458	250.3257	255	65
459	250.5334	265	81
460	250.8658	269	99
461	250.5330	266	85
462	250.2006	263	72
463	250.4915	267	84
464	250.8451	267	92
465	250.4299	256	66
466	250.0336	261	78
467	250.1585	259	79
468	250.4497	262	77
469	250.2214	259	67
470	250.4706	261	79
471	250.8248	263	78
472	250.2417	266	83
473	250.3881	265	74
474	250.0546	262	75
475	250.7212	262	78
476	250.1783	265	93
477	250.7833	261	75
478	250.0337	266	85
479	250.0541	271	90
480	250.4082	268	86
481	250.4707	266	79
482	250.4924	262	71
483	250.2417	265	80
484	250.5959	263	76
485	250.2625	268	87
486	250.0544	266	86
487	250.7836	263	81
488	250.2217	260	65
489	250.4712	266	85
490	250.0963	262	73
491	250.8872	264	84
492	250.6162	267	88
493	250.0543	263	85
494	250.0545	261	72
495	250.0747	266	88
496	250.5546	261	80
497	250.5531	268	93
498	250.1797	263	74
499	251.5327	265	87
500	250.4911	260	84
501	250.4712	266	81
502	250.5961	263	78
503	250.4712	262	75
504	250.2000	266	77
505	250.8034	265	88
506	250.5965	263	77
507	250.3668	269	84
508	250.6801	257	58
509	250.4082	265	86
510	250.6575	266	87
511	250.6168	264	81
512	250.7412	267	89
513	250.4504	266	83
514	250.4500	265	87
515	250.4498	269	95
516	250.5340	259	70
517	250.2005	268	78
518	250.0123	264	88
519	250.6375	266	80
520	250.5545	266	83
521	250.8881	256	56
522	250.7208	267	88
523	250.3873	261	81
524	250.7205	266	91
525	250.4497	266	93
526	250.6790	266	78
527	250.3457	268	88
528	250.6367	262	84
529	250.2216	259	72
530	250.0960	264	79
531	250.3246	266	82
532	250.5542	267	82
533	250.4089	264	63
534	250.6784	269	92
535	250.1379	263	71
536	250.4083	258	73
537	250.2628	259	63
538	250.3873	266	81
539	251.1996	270	92
540	250.1790	266	84
541	250.0123	261	89
542	250.4706	259	84
543	250.3249	259	81
544	250.6797	261	66
545	250.7207	267	79
546	250.8666	264	75
547	250.3464	259	68
548	250.2628	262	82
549	250.9295	261	71
550	250.6579	263	85
551	250.2418	264	78
552	250.8871	266	88
553	250.4287	262	80
554	250.3879	262	73
555	250.0956	269	83
556	250.3246	266	90
557	250.2422	256	74
558	250.4913	266	85
559	250.4080	270	93
560	250.6577	262	87
561	250.0123	260	81
562	250.4917	263	75
563	250.5540	267	84
564	251.5123	269	83
565	250.7631	260	69
566	250.0128	259	76
567	250.5752	260	72
568	250.5958	264	78
569	250.8036	265	90
570	250.8455	268	83
571	250.3048	264	67
572	250.7625	260	77
573	250.1377	253	74
574	251.2618	262	85
575	250.7421	261	70
576	250.8456	264	76
577	250.5957	265	87
578	250.3877	267	80
579	250.6586	264	72
580	250.3255	258	72
581	250.2001	260	71
582	250.8258	261	68
583	250.1379	255	70
584	250.8251	266	82
585	250.6583	271	91
586	250.5755	258	69
587	250.6784	263	87
588	250.0541	261	78
589	250.7617	269	101
590	250.1797	264	75
591	250.2003	265	80
592	250.4092	263	67
593	250.7416	261	77
594	250.8660	263	83
595	251.0535	267	96
596	250.3876	263	69
597	250.3042	261	71
598	250.8670	266	80
599	250.7415	262	79
600	250.7002	269	88
601	250.1796	267	84
602	250.7829	263	86
603	250.5758	260	61
604	250.8250	265	75
605	250.3667	262	79
606	250.0544	257	70
607	250.6584	252	69
608	250.3452	274	94
609	250.7415	262	80
610	250.5754	263	75
611	250.8870	263	88
612	250.9286	270	90
613	250.6589	262	68
614	250.6581	269	85
615	250.0334	262	75
616	250.4501	259	74
617	250.1585	264	74
618	250.7005	263	68
619	250.5959	265	81
620	250.6788	268	85
621	250.8661	270	87
622	250.2204	271	94
623	250.0760	264	65
624	250.7204	260	83
625	250.3882	263	79
626	250.8042	268	84
627	250.4300	262	70
628	250.0125	263	86
629	250.4507	263	75
630	250.6791	267	79
631	250.4707	270	91
632	250.9288	261	77
633	250.2211	262	73
634	250.2213	261	66
635	250.5754	260	71
636	250.0747	263	89
637	250.0344	258	63
638	250.6375	267	81
639	250.8672	268	76
640	250.5962	267	77
641	250.8664	266	82
642	250.0747	268	91
643	250.4711	264	73
644	250.2618	263	81
645	250.0126	262	84
646	250.6164	267	84
647	250.1175	261	64
648	250.2634	263	69
649	250.1375	263	80
650	250.6795	263	78
651	250.3459	269	84
652	250.6583	267	87
653	250.6165	265	83
654	250.9300	268	77
655	250.7618	269	90
656	250.7836	259	70
657	250.6998	266	85
658	250.5744	265	94
659	250.5333	265	88
660	251.3867	274	95
661	250.4706	267	87
662	250.9706	267	90
663	250.3037	267	95
664	250.1995	267	91
665	250.5746	265	85
666	250.3872	262	82
667	250.1379	265	72
668	250.4292	271	91
669	250.4501	262	79
670	251.0752	265	81
671	250.6790	263	83
672	250.5961	257	67
673	250.5958	263	84
674	250.5125	260	83
675	250.0129	268	79
676	250.6999	267	85
677	250.4084	264	81
678	250.6170	267	80
679	250.4912	266	91
680	250.5966	264	67
681	250.3243	269	90
682	250.4493	262	84
683	250.9088	264	73
684	250.1369	266	85
685	250.0967	260	67
686	250.7215	265	74
687	250.2003	263	73
688	250.6165	265	81
689	250.0331	266	88
690	250.4503	262	78
691	250.1592	261	66
692	250.3251	264	79
693	250.0125	266	90
694	251.4084	268	82
695	250.5750	261	75
696	250.7209	265	78
697	250.0131	262	70
698	250.8037	263	91
699	250.8880	267	73
700	250.8457	261	69
701	250.0757	261	72
702	250.4921	261	72
703	250.1165	262	77
704	250.3873	272	92
705	250.0957	265	85
706	250.6787	267	82
707	250.2214	261	65
708	250.5961	260	76
709	251.1992	267	86
710	250.8262	262	66
711	250.3253	267	80
712	250.4082	269	84
713	250.3457	258	70
714	250.6172	265	76
715	250.2417	260	79
716	250.4286	263	79
717	250.0960	266	84
718	250.1375	266	87
719	250.7615	264	96
720	250.8873	264	76
721	250.0131	257	73
722	250.2210	266	82
723	250.0967	261	70
724	250.0758	255	68
725	250.7001	267	71
726	250.6993	266	93
727	250.4703	265	80
728	250.0964	264	77
729	250.2832	266	82
730	250.7211	265	77
731	250.2622	264	82
732	250.4920	262	74
733	250.3043	260	69
734	250.2211	266	81
735	250.3666	262	83
736	250.5753	261	75
737	250.3250	265	91
738	251.4287	264	80
739	250.4495	269	91
740	250.3874	260	79
741	250.3042	264	79
742	250.0330	261	87
743	250.1583	259	74
744	250.0960	267	85
745	250.1373	271	88
746	250.8460	260	73
747	250.7418	263	77
748	250.2417	266	88
749	250.5553	262	66
750	250.6785	263	87
751	250.7836	262	65
752	250.2201	267	91
753	250.3259	261	63
754	250.6379	269	79
755	250.0331	268	86
756	250.6380	265	77
757	250.5542	258	72
758	250.4300	264	68
759	250.8249	262	83
760	250.4711	262	75
761	250.0336	262	82
762	250.6994	268	87
763	250.2838	262	77
764	250.8453	264	92
765	250.0758	265	75
766	250.3250	263	76
767	250.5330	264	85
768	250.5542	262	75
769	250.2625	265	81
770	250.6588	264	71
771	250.5959	267	85
772	250.1375	258	77
773	250.7412	264	87
774	250.8662	265	89
775	250.6583	268	85
776	250.4089	265	75
777	250.7206	270	90
778	250.2207	268	89
779	250.1791	262	76
780	250.4924	265	60
781	250.6588	267	82
782	250.0333	262	88
783	250.0544	271	87
784	250.0326	267	99
785	250.4916	258	69
786	250.2003	258	68
787	250.9087	264	72
788	250.9295	263	78
789	250.6372	263	84
790	250.5338	262	80
791	250.6374	259	75
792	250.9290	265	74
793	250.3875	266	73
794	250.5540	264	83
795	250.5960	262	78
796	251.0749	262	81
797	250.5961	259	78
798	250.5335	269	78
799	250.6993	262	86
800	250.7626	262	74
801	250.6793	264	88
802	251.4716	263	73
803	250.3044	264	81
804	250.1996	266	83
805	250.7415	261	82
806	250.4919	267	80
807	250.1786	265	86
808	250.2005	259	73
809	250.7622	268	85
810	250.6375	264	81
811	250.7838	265	70
812	250.4084	261	80
813	250.2205	266	88
814	250.6575	266	91
815	250.6795	260	73
816	250.7837	264	74
817	250.8457	263	78
818	250.7630	260	69
819	250.7002	264	73
820	250.1171	257	68
821	250.0958	269	88
822	250.2417	268	87
823	250.1376	261	74
824	250.0754	261	72
825	250.1377	264	79
826	250.5545	259	70
827	250.9082	265	88
828	250.0759	265	63
829	250.7415	271	90
830	250.6372	265	77
831	250.1598	265	73
832	250.6373	272	93
833	250.3039	262	81
834	250.0545	263	76
835	250.6992	267	84
836	250.8038	268	91
837	250.5541	258	76
838	250.2424	265	78
839	250.1798	264	77
840	250.1792	263	80
841	250.3454	265	85
842	250.5745	266	90
843	250.0551	258	60
844	250.6382	264	72
845	251.3666	263	75
846	250.3255	261	78
847	250.0753	259	76
848	250.4924	267	72
849	250.6790	261	78
850	250.4917	265	87
851	250.1374	262	78
852	250.0335	262	84
853	250.3876	261	75
854	250.1381	261	76
855	250.7004	265	69
856	250.5334	264	77
857	250.3463	261	78
858	250.1378	262	81
859	250.3249	264	81
860	250.6995	269	87
861	250.4082	263	82
862	250.4497	268	85
863	250.6794	263	76
864	250.5123	262	79
865	250.3670	262	70
866	250.0953	264	89
867	251.3872	264	77
868	250.1583	261	76
869	250.0552	261	69
870	250.5966	263	66
871	250.1168	266	74
872	250.7832	268	81
873	250.5963	262	67
874	250.5538	261	70
875	250.5548	266	67
876	251.2209	266	77
877	250.3676	258	61
878	250.0962	256	70
879	251.3662	265	82
880	250.7623	263	85
881	250.4918	259	77
882	250.3671	265	72
883	250.2840	257	65
884	250.3466	262	66
885	250.7620	266	89
886	250.4086	263	75
887	251.2209	261	77
888	250.2210	263	77
889	250.8874	262	81
890	250.2003	261	76
891	250.9292	263	81
892	250.2205	265	91
893	250.0539	266	91
894	250.5134	258	64
895	250.2211	265	78
896	250.5750	264	78
897	250.2831	263	87
898	250.7208	264	76
899	250.6375	266	80
900	250.8257	269	76
901	250.4709	266	90
902	250.4709	273	89
903	250.8664	265	82
904	250.0542	266	88
905	250.3872	270	95
906	250.3253	266	80
907	250.0541	263	86
908	250.7832	262	73
909	250.4293	272	88
910	250.9912	268	87
911	250.3037	267	90
912	250.2422	267	76
913	250.3263	260	58
914	250.7211	266	82
915	251.5538	264	84
916	250.0544	259	75
917	250.2412	269	87
918	250.2626	262	80
919	250.3255	263	72
920	250.3461	267	88
921	250.6176	259	65
922	250.8874	263	79
923	250.0549	254	73
924	250.7624	261	79
925	250.3669	267	81
926	250.5538	263	83
927	250.4292	261	73
928	250.3250	265	82
929	250.3454	264	81
930	250.7834	269	86
931	250.1998	265	80
932	250.4908	270	101
933	250.5961	263	79
934	250.8250	269	80
935	250.5954	268	85
936	250.0548	261	69
937	250.4915	260	78
938	250.6580	265	85
939	250.5543	265	80
940	250.8043	266	81
941	250.4291	262	77
942	250.4294	260	67
943	250.0535	263	92
944	250.6374	258	74
945	250.5132	262	79
946	250.8249	270	93
947	250.2423	261	65
948	251.1578	259	82
949	250.6380	262	69
950	250.2624	268	84
951	250.5962	263	64
952	250.4083	264	83
953	250.4505	265	76
954	250.0343	256	66
955	250.5967	262	75
956	250.9299	264	76
957	250.6177	261	63
958	250.5334	264	79
959	250.6794	265	74
960	250.6170	267	80
961	251.1574	271	92
962	250.2216	258	65
963	251.4295	264	70
964	250.7210	263	74
965	250.1383	259	68
966	250.7417	263	72
967	250.1584	264	80
968	250.1993	267	92
969	250.0127	265	85
970	250.3659	265	93
971	250.8255	264	72
972	250.1171	261	67
973	251.3873	263	79
974	250.7627	264	75
975	250.1796	266	76
976	250.1592	255	66
977	250.5750	260	77
978	250.4292	270	92
979	250.1163	262	93
980	251.4081	264	74
981	250.6798	261	68
982	250.6162	266	90
983	250.1791	260	75
984	250.0545	263	77
985	250.1588	266	79
986	251.3447	265	89
987	250.6590	261	67
988	250.1169	260	75
989	250.1804	259	61
990	250.4707	267	86
991	250.4292	266	87
992	250.8041	265	76
993	250.0544	268	88
994	250.1581	265	94
995	250.3457	267	87
996	250.3665	267	92
997	250.4084	259	77
998	250.3046	261	71
999	250.2214	262	73
1000	250.8663	265	79
