1	245.8498	243	245.8498	0.1825	0.2220	36.0000
2	246.3709	235	246.3709	0.0070	0.0728	43.0000
3	248.0160	241	248.0160	0.0518	0.2269	39.0000
4	243.1005	245	243.1005	0.1916	0.2691	32.0000
5	239.3729	235	239.3729	0.0360	0.1013	39.0000
6	239.9563	234	239.9563	0.0169	0.1557	36.0000
7	247.7034	242	247.7034	0.0141	0.2558	39.0000
8	249.1193	247	249.1193	0.2434	0.2660	35.0000
9	241.6635	240	241.6635	0.0038	0.0192	35.0000
10	245.6208	239	245.6208	0.0289	0.0434	39.0000
11	237.4154	235	237.4154	0.0745	0.1816	35.0000
12	249.9740	239	249.9740	0.0684	0.1457	41.0000
13	245.2458	250	245.2458	0.3090	0.4178	30.0000
14	248.2449	248	248.2449	0.0831	0.1816	36.0000
15	244.2044	243	244.2044	0.0534	0.1557	32.0000
16	249.9110	244	249.9110	0.0874	0.1013	38.0000
17	239.4772	235	239.4772	0.2399	0.3133	37.0000
18	247.6410	242	247.6410	0.0655	0.1013	36.0000
19	243.8507	238	243.8507	0.0297	0.0728	37.0000
20	249.2854	250	249.2854	0.1193	0.3349	33.0000
21	247.2661	246	247.2661	0.0214	0.0906	36.0000
22	247.5991	240	247.5991	0.0584	0.0618	43.0000
23	233.7292	231	233.7292	0.0182	0.2311	33.0000
24	249.6194	249	249.6194	0.1384	0.1719	35.0000
25	246.9952	245	246.9952	0.0706	0.1013	33.0000
26	249.2858	249	249.2858	0.0900	0.1457	37.0000
27	245.6828	247	245.6828	0.0091	0.0434	33.0000
28	246.2666	245	246.2666	0.0923	0.2035	35.0000
29	248.9323	247	248.9323	0.0415	0.1557	31.0000
30	244.3920	240	244.3920	0.1351	0.1816	39.0000
31	246.4542	239	246.4542	0.0836	0.2691	39.0000
32	247.8697	245	247.8697	0.2000	0.2023	40.0000
33	250.1400	248	250.1400	0.1078	0.1409	35.0000
34	249.1410	244	249.1410	0.0379	0.2650	39.0000
35	243.5171	248	243.5171	0.2237	0.2548	31.0000
36	249.3694	246	249.3694	0.1602	0.2311	33.0000
37	250.1817	246	250.1817	0.0803	0.1557	36.0000
38	248.2239	243	248.2239	0.1470	0.1557	36.0000
39	241.1640	241	241.1640	0.0420	0.2068	31.0000
40	250.1609	246	250.1609	0.0706	0.1719	37.0000
41	249.7231	247	249.7231	0.1460	0.2464	37.0000
42	244.2874	247	244.2874	0.0698	0.3712	31.0000
43	247.1615	247	247.1615	0.2080	0.2311	31.0000
44	246.4123	240	246.4123	0.0428	0.1557	35.0000
45	246.2457	242	246.2457	0.2147	0.2691	38.0000
46	249.8486	247	249.8486	0.0421	0.0728	37.0000
47	247.6826	246	247.6826	0.0358	0.0728	35.0000
48	247.1413	237	247.1413	0.1506	0.2220	41.0000
49	249.1822	246	249.1822	0.2358	0.3214	38.0000
50	239.8520	230	239.8520	0.0435	0.2920	38.0000
51	250.3484	247	250.3484	0.2327	0.2691	33.0000
52	248.9114	242	248.9114	0.0522	0.2548	38.0000
53	249.8064	250	249.8064	0.1301	0.1816	33.0000
54	247.6408	245	247.6408	0.2307	0.2886	38.0000
55	249.9735	245	249.9735	0.0467	0.2999	35.0000
56	237.6862	241	237.6862	0.0868	0.2068	30.0000
57	247.4324	247	247.4324	0.0566	0.3786	34.0000
58	241.7680	241	241.7680	0.0503	0.2128	34.0000
59	244.5794	243	244.5794	0.2377	0.2691	35.0000
60	249.7235	247	249.7235	0.0368	0.1241	35.0000
61	247.8281	246	247.8281	0.2150	0.3270	33.0000
62	243.9545	242	243.9545	0.1371	0.1457	33.0000
63	250.3480	251	250.3480	0.0999	0.1289	36.0000
64	248.8490	247	248.8490	0.1034	0.3386	33.0000
65	246.7040	242	246.7040	0.1189	0.2220	38.0000
66	250.4316	251	250.4316	0.0225	0.1343	35.0000
67	247.4956	245	247.4956	0.0192	0.1289	31.0000
68	248.0155	249	248.0155	0.0785	0.1013	35.0000
69	249.4942	246	249.4942	0.0193	0.2068	36.0000
70	249.6815	247	249.6815	0.0237	0.1013	38.0000
71	248.7858	248	248.7858	0.2062	0.2506	35.0000
72	248.8069	250	248.8069	0.2357	0.2548	32.0000
73	247.3907	237	247.3907	0.0168	0.1719	44.0000
74	249.9525	246	249.9525	0.1776	0.3214	33.0000
75	247.0578	249	247.0578	0.0147	0.1013	33.0000
76	243.4135	236	243.4135	0.0509	0.0728	36.0000
77	248.6611	249	248.6611	0.1687	0.2777	30.0000
78	245.5375	242	245.5375	0.0094	0.1457	35.0000
79	249.8277	251	249.8277	0.0155	0.2023	31.0000
80	247.3909	244	247.3909	0.0354	0.1289	41.0000
81	249.7861	242	249.7861	0.1379	0.1457	41.0000
82	243.5380	236	243.5380	0.1585	0.2464	39.0000
83	235.5828	236	235.5828	0.0470	0.0728	29.0000
84	248.8693	245	248.8693	0.3061	0.3486	38.0000
85	247.0782	247	247.0782	0.2841	0.3133	35.0000
86	247.6409	243	247.6409	0.0597	0.1557	35.0000
87	246.1622	236	246.1622	0.0705	0.2548	42.0000
88	247.5577	240	247.5577	0.0776	0.1557	38.0000
89	239.9353	240	239.9353	0.0212	0.1013	33.0000
90	247.9955	239	247.9955	0.1391	0.1557	41.0000
91	240.7678	239	240.7678	0.2551	0.2691	36.0000
92	249.0988	249	249.0988	0.0991	0.1289	31.0000
93	247.2031	246	247.2031	0.0423	0.2548	33.0000
94	244.1424	242	244.1424	0.1141	0.1289	33.0000
95	250.0356	249	250.0356	0.0387	0.3399	38.0000
96	248.7031	242	248.7031	0.0897	0.2220	40.0000
97	247.2868	242	247.2868	0.0921	0.1186	37.0000
98	246.8912	241	246.8912	0.1883	0.2317	37.0000
99	250.2651	248	250.2651	0.0883	0.1557	33.0000
100	248.4945	253	248.4945	0.0492	0.3390	31.0000
101	246.1625	240	246.1625	0.0517	0.0618	35.0000
102	246.1621	241	246.1621	0.0468	0.1186	38.0000
103	248.8282	244	248.8282	0.0111	0.0728	40.0000
104	243.0591	244	243.0591	0.1657	0.1878	36.0000
105	246.8078	247	246.8078	0.2586	0.2915	33.0000
106	245.4127	242	245.4127	0.1261	0.1557	31.0000
107	237.4570	237	237.4570	0.1821	0.1974	32.0000
108	246.0163	244	246.0163	0.1575	0.3185	34.0000
109	245.6630	241	245.6630	0.0650	0.0728	35.0000
110	240.3313	228	240.3313	0.0685	0.0728	42.0000
111	241.0599	238	241.0599	0.0479	0.2311	34.0000
112	247.1411	244	247.1411	0.2152	0.3436	35.0000
113	248.4320	248	248.4320	0.2440	0.2548	32.0000
114	248.5161	247	248.5161	0.0920	0.3214	33.0000
115	246.1834	236	246.1834	0.0797	0.2068	41.0000
116	248.0364	246	248.0364	0.0582	0.0786	36.0000
117	248.5156	244	248.5156	0.0479	0.1816	37.0000
118	249.9108	249	249.9108	0.2149	0.2311	33.0000
119	237.7275	240	237.7275	0.0909	0.2746	28.0000
120	248.7240	243	248.7240	0.0099	0.0434	40.0000
121	250.3480	245	250.3480	0.0237	0.0728	37.0000
122	235.0618	238	235.0618	0.0024	0.1736	31.0000
123	248.2450	245	248.2450	0.0453	0.2548	36.0000
124	250.3477	251	250.3477	0.0458	0.1013	30.0000
125	241.2057	243	241.2057	0.0591	0.0728	30.0000
126	250.2861	238	250.2861	0.0673	0.0728	43.0000
127	246.2247	248	246.2247	0.1450	0.2563	31.0000
128	238.7066	236	238.7066	0.0656	0.1929	38.0000
129	243.2885	244	243.2885	0.0463	0.1013	33.0000
130	244.7255	240	244.7255	0.1007	0.1974	36.0000
131	249.5150	247	249.5150	0.0162	0.2736	35.0000
132	249.9737	246	249.9737	0.0674	0.1557	34.0000
133	249.7029	247	249.7029	0.2327	0.2459	36.0000
134	242.3301	236	242.3301	0.0791	0.2999	39.0000
135	247.1204	243	247.1204	0.0247	0.1563	38.0000
136	250.1193	249	250.1193	0.1583	0.5005	31.0000
137	240.9349	240	240.9349	0.1625	0.2506	32.0000
138	250.3478	249	250.3478	0.3207	0.3611	36.0000
139	247.4327	244	247.4327	0.0766	0.1878	36.0000
140	248.8905	242	248.8905	0.0355	0.2226	38.0000
141	248.0161	237	248.0161	0.0313	0.1557	41.0000
142	247.4324	247	247.4324	0.0054	0.2650	32.0000
143	242.3717	241	242.3717	0.1327	0.1719	33.0000
144	249.1821	246	249.1821	0.1265	0.1289	35.0000
145	246.5165	244	246.5165	0.0492	0.2359	35.0000
146	247.2659	247	247.2659	0.1884	0.2269	34.0000
147	250.0569	249	250.0569	0.2163	0.2464	34.0000
148	249.2863	247	249.2863	0.0369	0.3747	33.0000
149	248.0575	247	248.0575	0.2119	0.2548	37.0000
150	241.7054	238	241.7054	0.0020	0.2691	34.0000
151	246.9531	247	246.9531	0.0285	0.1771	33.0000
152	246.1620	244	246.1620	0.1696	0.2696	38.0000
153	245.5370	249	245.5370	0.2590	0.2650	29.0000
154	246.8285	245	246.8285	0.0728	0.1013	35.0000
155	247.4325	244	247.4325	0.0958	0.1186	40.0000
156	249.2862	254	249.2862	0.1679	0.2023	32.0000
157	243.4754	240	243.4754	0.0212	0.1685	38.0000
158	248.6408	240	248.6408	0.0032	0.2359	39.0000
159	249.7859	247	249.7859	0.0188	0.2269	35.0000
160	248.4944	253	248.4944	0.0127	0.2876	29.0000
161	248.3699	241	248.3699	0.1347	0.1719	42.0000
162	249.1401	248	249.1401	0.0471	0.0728	37.0000
163	237.2696	230	237.2696	0.1114	0.1771	38.0000
164	245.7662	246	245.7662	0.0810	0.2696	33.0000
165	246.5162	247	246.5162	0.0097	0.0434	32.0000
166	249.0360	253	249.0360	0.0271	0.1013	33.0000
167	240.6432	240	240.6432	0.0263	0.2023	32.0000
168	244.7048	238	244.7048	0.1172	0.1816	39.0000
169	249.5153	243	249.5153	0.0193	0.1241	38.0000
170	244.7458	248	244.7458	0.0373	0.2311	32.0000
171	246.9119	246	246.9119	0.2114	0.2787	34.0000
172	245.4129	240	245.4129	0.1625	0.2269	36.0000
173	246.3706	244	246.3706	0.0790	0.2311	33.0000
174	243.3712	238	243.3712	0.0655	0.1069	38.0000
175	249.0151	251	249.0151	0.1553	0.2802	34.0000
176	242.1219	240	242.1219	0.0754	0.1289	35.0000
177	248.0157	242	248.0157	0.1444	0.1557	39.0000
178	250.4106	244	250.4106	0.0658	0.2023	38.0000
179	249.4734	248	249.4734	0.0142	0.3307	35.0000
180	246.7038	243	246.7038	0.2628	0.2691	35.0000
181	247.1827	246	247.1827	0.1351	0.2999	32.0000
182	247.4114	241	247.4114	0.0733	0.2548	39.0000
183	249.3693	246	249.3693	0.0523	0.1771	40.0000
184	244.5587	245	244.5587	0.0890	0.1974	36.0000
185	248.1407	247	248.1407	0.2909	0.4306	32.0000
186	250.0984	245	250.0984	0.1440	0.1719	38.0000
187	249.9733	251	249.9733	0.0363	0.1468	32.0000
188	245.9955	248	245.9955	0.0267	0.2604	32.0000
189	244.9334	242	244.9334	0.1658	0.1816	35.0000
190	244.6000	244	244.6000	0.2493	0.2691	32.0000
191	242.6217	241	242.6217	0.0169	0.1719	35.0000
192	247.6619	247	247.6619	0.0031	0.0728	34.0000
193	246.1620	243	246.1620	0.3802	0.3977	35.0000
194	248.7652	246	248.7652	0.0564	0.1013	35.0000
195	248.1198	246	248.1198	0.1069	0.1241	35.0000
196	248.5780	244	248.5780	0.0629	0.0728	35.0000
197	247.9119	240	247.9119	0.0905	0.2220	38.0000
198	239.4357	235	239.4357	0.0077	0.1241	37.0000
199	249.0361	248	249.0361	0.0984	0.1013	31.0000
200	248.5575	242	248.5575	0.1701	0.2068	39.0000
201	246.5367	249	246.5367	0.1297	0.3061	33.0000
202	239.8726	243	239.8726	0.2332	0.2459	28.0000
203	249.0569	249	249.0569	0.0410	0.1719	33.0000
204	247.7030	245	247.7030	0.3155	0.3386	34.0000
205	243.1009	241	243.1009	0.1699	0.2311	39.0000
206	246.5997	246	246.5997	0.0440	0.2370	36.0000
207	241.7678	239	241.7678	0.1896	0.2506	36.0000
208	247.1619	245	247.1619	0.1830	0.2068	35.0000
209	246.1409	249	246.1409	0.1864	0.3176	30.0000
210	247.8485	250	247.8485	0.1224	0.4170	34.0000
211	246.9120	247	246.9120	0.0572	0.0728	35.0000
212	242.4345	238	242.4345	0.2031	0.2548	36.0000
213	241.2059	237	241.2059	0.0376	0.0728	35.0000
214	244.9127	241	244.9127	0.0880	0.1568	36.0000
215	245.4334	241	245.4334	0.0766	0.1771	36.0000
216	250.3691	247	250.3691	0.0844	0.2999	35.0000
217	244.0379	238	244.0379	0.0286	0.1289	40.0000
218	249.8061	256	249.8061	0.0095	0.1343	30.0000
219	245.2459	239	245.2459	0.0101	0.1409	39.0000
220	249.8902	248	249.8902	0.0164	0.0728	39.0000
221	249.3694	244	249.3694	0.0635	0.1289	42.0000
222	249.4733	249	249.4733	0.2502	0.2548	37.0000
223	249.0156	242	249.0156	0.0032	0.1013	38.0000
224	242.0387	238	242.0387	0.0084	0.2322	37.0000
225	249.0157	246	249.0157	0.0500	0.2023	35.0000
226	249.0780	239	249.0780	0.0733	0.1719	42.0000
227	242.3300	240	242.3300	0.1321	0.1557	34.0000
228	248.5573	243	248.5573	0.0290	0.1186	35.0000
229	247.0579	238	247.0579	0.0264	0.0434	42.0000
230	237.8736	238	237.8736	0.1888	0.4010	29.0000
231	248.6401	243	248.6401	0.1196	0.1771	43.0000
232	249.9945	249	249.9945	0.2032	0.3422	35.0000
233	243.5586	244	243.5586	0.1033	0.2777	34.0000
234	249.7859	244	249.7859	0.0366	0.1013	41.0000
235	240.1435	239	240.1435	0.1319	0.2068	30.0000
236	245.3086	245	245.3086	0.0932	0.2548	33.0000
237	249.1612	249	249.1612	0.0865	0.1343	36.0000
238	247.8284	242	247.8284	0.0059	0.2548	36.0000
239	249.4738	245	249.4738	0.2983	0.3265	40.0000
240	245.0374	242	245.0374	0.0152	0.1568	38.0000
241	247.9119	242	247.9119	0.0014	0.0434	36.0000
242	244.2255	242	244.2255	0.1478	0.2915	40.0000
243	248.2657	244	248.2657	0.0233	0.0728	35.0000
244	241.8095	241	241.8095	0.3011	0.4010	33.0000
245	234.9789	229	234.9789	0.0203	0.1557	34.0000
246	249.1820	246	249.1820	0.1974	0.2023	37.0000
247	248.2657	247	248.2657	0.0412	0.1510	34.0000
248	249.3072	245	249.3072	0.0115	0.2220	35.0000
249	242.7882	242	242.7882	0.1028	0.3422	35.0000
250	249.6609	242	249.6609	0.0367	0.2023	40.0000
251	245.9541	245	245.9541	0.1848	0.2311	32.0000
252	243.4760	240	243.4760	0.0290	0.2269	36.0000
253	245.3708	239	245.3708	0.1386	0.3307	41.0000
254	247.9740	247	247.9740	0.1228	0.2691	35.0000
255	245.5373	239	245.5373	0.0134	0.0434	37.0000
256	249.0155	246	249.0155	0.2179	0.2220	38.0000
257	246.0373	239	246.0373	0.0024	0.2548	38.0000
258	247.7448	243	247.7448	0.0163	0.1557	36.0000
259	245.9746	245	245.9746	0.2029	0.2068	37.0000
260	247.4533	246	247.4533	0.0403	0.1295	36.0000
261	249.3483	244	249.3483	0.0019	0.1974	39.0000
262	238.5186	244	238.5186	0.2736	0.2930	32.0000
263	250.3692	246	250.3692	0.0267	0.0906	36.0000
264	248.9525	246	248.9525	0.1187	0.2417	36.0000
265	249.4323	244	249.4323	0.0478	0.0906	35.0000
266	241.4142	237	241.4142	0.0838	0.2506	38.0000
267	245.6419	243	245.6419	0.0475	0.1409	35.0000
268	250.0150	249	250.0150	0.1565	0.2322	36.0000
269	249.7441	251	249.7441	0.0711	0.0728	35.0000
270	240.0187	239	240.0187	0.1050	0.2068	32.0000
271	246.7868	243	246.7868	0.0136	0.1816	38.0000
272	241.9971	236	241.9971	0.0879	0.2068	40.0000
273	248.9528	250	248.9528	0.0095	0.2359	31.0000
274	240.0396	237	240.0396	0.1441	0.1557	33.0000
275	250.0149	246	250.0149	0.2700	0.3747	38.0000
276	245.3710	248	245.3710	0.0852	0.1198	33.0000
277	247.6824	244	247.6824	0.0196	0.1186	32.0000
278	249.7646	250	249.7646	0.0432	0.0434	39.0000
279	241.0183	239	241.0183	0.1793	0.2068	32.0000
280	239.7477	236	239.7477	0.1076	0.1462	33.0000
281	248.5575	250	248.5575	0.0698	0.1013	30.0000
282	240.7059	240	240.7059	0.1838	0.3344	36.0000
283	246.8908	243	246.8908	0.1174	0.1822	36.0000
284	246.1414	244	246.1414	0.1335	0.1771	34.0000
285	244.9960	245	244.9960	0.3254	0.3914	32.0000
286	244.9127	244	244.9127	0.0586	0.1568	37.0000
287	246.1623	247	246.1623	0.1212	0.1557	31.0000
288	246.4746	240	246.4746	0.0846	0.1974	38.0000
289	242.5176	236	242.5176	0.0421	0.0906	40.0000
290	247.8074	242	247.8074	0.0953	0.1510	38.0000
291	247.1826	242	247.1826	0.0486	0.1013	37.0000
292	246.5786	248	246.5786	0.1442	0.2311	34.0000
293	247.0995	247	247.0995	0.1675	0.2548	35.0000
294	248.5983	249	248.5983	0.0819	0.2023	36.0000
295	245.2878	242	245.2878	0.0802	0.1816	34.0000
296	248.5365	244	248.5365	0.0716	0.2068	39.0000
297	244.7255	238	244.7255	0.0648	0.1013	38.0000
298	249.9940	247	249.9940	0.1468	0.2068	35.0000
299	248.5988	244	248.5988	0.1794	0.2311	39.0000
300	248.3281	247	248.3281	0.1646	0.2073	33.0000
301	238.9986	235	238.9986	0.0432	0.1510	35.0000
302	243.0382	237	243.0382	0.0426	0.0728	38.0000
303	248.8904	244	248.8904	0.1710	0.2269	34.0000
304	244.0797	239	244.0797	0.0966	0.1013	38.0000
305	248.2033	255	248.2033	0.0650	0.3513	32.0000
306	244.4131	243	244.4131	0.0646	0.1301	33.0000
307	244.5170	245	244.5170	0.0034	0.1289	35.0000
308	245.1837	238	245.1837	0.2216	0.2831	39.0000
309	236.9569	232	236.9569	0.2320	0.2782	39.0000
310	245.0166	244	245.0166	0.0188	0.2269	35.0000
311	249.5149	249	249.5149	0.0308	0.0434	33.0000
312	243.8918	242	243.8918	0.2024	0.2068	33.0000
313	246.8704	243	246.8704	0.0700	0.1719	34.0000
314	243.1216	243	243.1216	0.0433	0.1241	32.0000
315	241.4761	240	241.4761	0.1200	0.2023	33.0000
316	245.3709	245	245.3709	0.2061	0.2548	32.0000
317	247.0576	246	247.0576	0.0295	0.2548	35.0000
318	243.2461	244	243.2461	0.1565	0.2023	34.0000
319	244.4750	250	244.4750	0.0299	0.1557	31.0000
320	246.6620	248	246.6620	0.0217	0.2459	31.0000
321	247.6409	244	247.6409	0.0961	0.1289	36.0000
322	247.0787	245	247.0787	0.0805	0.1013	36.0000
323	245.5791	244	245.5791	0.0728	0.1816	33.0000
324	244.8709	243	244.8709	0.0252	0.0728	34.0000
325	249.9316	250	249.9316	0.3042	0.3751	30.0000
326	244.0801	245	244.0801	0.0067	0.1719	31.0000
327	244.8918	243	244.8918	0.0228	0.0728	31.0000
328	249.8277	242	249.8277	0.1547	0.2999	39.0000
329	239.1851	242	239.1851	0.1900	0.3637	32.0000
330	241.2472	240	241.2472	0.1345	0.4654	33.0000
331	250.3483	246	250.3483	0.0313	0.3747	37.0000
332	244.5796	241	244.5796	0.0245	0.1186	37.0000
333	241.1223	245	241.1223	0.1190	0.1816	28.0000
334	246.0373	237	246.0373	0.0506	0.1816	44.0000
335	238.2065	238	238.2065	0.0771	0.2777	32.0000
336	249.3067	247	249.3067	0.0601	0.1816	38.0000
337	247.6827	246	247.6827	0.1576	0.2548	34.0000
338	245.5583	245	245.5583	0.0816	0.2548	33.0000
339	249.1610	243	249.1610	0.0235	0.1289	38.0000
340	248.7239	241	248.7239	0.0014	0.3013	38.0000
341	249.2241	240	249.2241	0.0361	0.2068	44.0000
342	244.9126	242	244.9126	0.0978	0.1462	34.0000
343	246.9951	244	246.9951	0.0282	0.2876	35.0000
344	248.1618	243	248.1618	0.1847	0.2079	41.0000
345	248.0158	252	248.0158	0.1202	0.2311	32.0000
346	246.0789	244	246.0789	0.0666	0.1013	36.0000
347	243.1011	243	243.1011	0.0378	0.1186	33.0000
348	246.9538	246	246.9538	0.1218	0.2128	39.0000
349	250.0781	244	250.0781	0.1307	0.1557	41.0000
350	247.6410	242	247.6410	0.0666	0.0728	39.0000
351	244.8294	241	244.8294	0.1198	0.2777	38.0000
352	245.4541	241	245.4541	0.0889	0.0906	39.0000
353	244.6627	248	244.6627	0.1760	0.3095	30.0000
354	247.0370	239	247.0370	0.0676	0.1557	39.0000
355	246.9950	248	246.9950	0.0700	0.1557	33.0000
356	248.4527	246	248.4527	0.2175	0.5222	37.0000
357	239.6855	242	239.6855	0.0730	0.2084	30.0000
358	248.9113	245	248.9113	0.0251	0.0618	37.0000
359	245.4331	244	245.4331	0.0113	0.0434	33.0000
360	245.0791	244	245.0791	0.1714	0.1929	36.0000
361	244.6214	242	244.6214	0.1851	0.2269	32.0000
362	248.7032	244	248.7032	0.0500	0.2311	37.0000
363	249.3069	246	249.3069	0.0998	0.1557	34.0000
364	241.3307	235	241.3307	0.0234	0.2876	39.0000
365	246.6414	246	246.6414	0.0257	0.1816	35.0000
366	248.8069	249	248.8069	0.0841	0.1013	34.0000
367	250.4107	249	250.4107	0.0202	0.1929	36.0000
368	246.9324	249	246.9324	0.1757	0.5343	31.0000
369	248.9526	251	248.9526	0.1854	0.2231	36.0000
370	249.1611	240	249.1611	0.0838	0.1816	42.0000
371	250.0360	241	250.0360	0.1177	0.1557	39.0000
372	245.5164	245	245.5164	0.0533	0.0728	33.0000
373	236.2074	231	236.2074	0.1017	0.3008	37.0000
374	242.4756	244	242.4756	0.0676	0.0728	32.0000
375	247.1411	245	247.1411	0.2311	0.3133	35.0000
376	249.8068	244	249.8068	0.0312	0.1771	42.0000
377	245.7664	248	245.7664	0.0907	0.1609	29.0000
378	246.7868	243	246.7868	0.0198	0.0728	35.0000
379	237.5198	233	237.5198	0.0650	0.1013	33.0000
380	245.8916	244	245.8916	0.1010	0.3256	36.0000
381	248.1618	244	248.1618	0.0699	0.1013	37.0000
382	247.2244	243	247.2244	0.0432	0.0728	37.0000
383	244.1208	240	244.1208	0.1381	0.2915	36.0000
384	249.2235	247	249.2235	0.2223	0.2960	36.0000
385	240.7474	242	240.7474	0.0773	0.2650	30.0000
386	248.6615	245	248.6615	0.0299	0.2311	34.0000
387	248.5988	250	248.5988	0.0667	0.1557	29.0000
388	242.7467	238	242.7467	0.2303	0.4068	34.0000
389	249.0569	254	249.0569	0.1166	0.4174	29.0000
390	243.6006	242	243.6006	0.0601	0.0676	34.0000
391	247.3286	244	247.3286	0.1251	0.1557	38.0000
392	243.1006	248	243.1006	0.0715	0.1289	35.0000
393	248.8904	243	248.8904	0.1137	0.1816	37.0000
394	247.4325	246	247.4325	0.1889	0.2128	35.0000
395	248.2658	242	248.2658	0.0878	0.1289	38.0000
396	249.4943	248	249.4943	0.0754	0.3176	36.0000
397	246.4956	242	246.4956	0.0216	0.1013	32.0000
398	245.0789	245	245.0789	0.0953	0.1771	33.0000
399	250.4316	245	250.4316	0.1795	0.2068	36.0000
400	249.4942	248	249.4942	0.2293	0.3214	36.0000
401	247.7246	238	247.7246	0.0124	0.1557	43.0000
402	245.2878	242	245.2878	0.0192	0.2269	34.0000
403	245.6416	244	245.6416	0.0698	0.1974	35.0000
404	243.7252	242	243.7252	0.0329	0.0728	34.0000
405	245.5788	243	245.5788	0.1713	0.2751	35.0000
406	244.2460	244	244.2460	0.1061	0.1301	34.0000
407	249.9730	247	249.9730	0.0291	0.2269	38.0000
408	249.3699	242	249.3699	0.0474	0.1289	37.0000
409	248.7443	249	248.7443	0.1278	0.1457	32.0000
410	246.2245	245	246.2245	0.2273	0.2459	32.0000
411	250.0147	252	250.0147	0.0283	0.1069	38.0000
412	245.7666	241	245.7666	0.0708	0.0728	35.0000
413	247.4744	241	247.4744	0.0403	0.1289	41.0000
414	245.4120	246	245.4120	0.0867	0.1013	36.0000
415	243.1839	236	243.1839	0.1470	0.2736	39.0000
416	244.4545	239	244.4545	0.0125	0.1013	38.0000
417	245.0166	246	245.0166	0.1085	0.2777	32.0000
418	244.0798	244	244.0798	0.0886	0.1510	34.0000
419	249.2027	246	249.2027	0.0178	0.1241	38.0000
420	239.1647	236	239.1647	0.2986	0.3344	35.0000
421	237.9361	237	237.9361	0.0384	0.2311	33.0000
422	237.9776	237	237.9776	0.0570	0.0618	32.0000
423	249.7026	244	249.7026	0.0492	0.0963	35.0000
424	239.6435	242	239.6435	0.1491	0.2920	32.0000
425	243.2883	240	243.2883	0.0514	0.1557	34.0000
426	242.6845	241	242.6845	0.0233	0.1289	33.0000
427	244.4962	239	244.4962	0.0147	0.0676	37.0000
428	245.3712	238	245.3712	0.1662	0.1974	37.0000
429	248.8697	241	248.8697	0.0151	0.2068	41.0000
430	243.6007	242	243.6007	0.0786	0.1557	33.0000
431	250.3897	248	250.3897	0.1380	0.1409	35.0000
432	242.3510	244	242.3510	0.1851	0.2876	31.0000
433	248.7447	247	248.7447	0.1198	0.1736	33.0000
434	244.8504	244	244.8504	0.1170	0.1929	33.0000
435	246.8288	245	246.8288	0.0037	0.0434	35.0000
436	246.5166	244	246.5166	0.0185	0.2068	37.0000
437	243.4340	240	243.4340	0.2651	0.3943	36.0000
438	248.9316	246	248.9316	0.0258	0.1816	35.0000
439	249.9315	251	249.9315	0.1189	0.2777	32.0000
440	240.9767	233	240.9767	0.0912	0.1557	36.0000
441	245.8916	241	245.8916	0.0107	0.0321	41.0000
442	237.7277	233	237.7277	0.1275	0.2464	37.0000
443	249.7443	249	249.7443	0.1286	0.2023	34.0000
444	249.0779	252	249.0779	0.0845	0.1557	33.0000
445	248.3489	247	248.3489	0.0526	0.2311	33.0000
446	247.4323	245	247.4323	0.0549	0.3549	35.0000
447	246.0785	248	246.0785	0.0329	0.1143	30.0000
448	246.9119	243	246.9119	0.0616	0.1013	37.0000
449	246.1204	248	246.1204	0.0874	0.2459	32.0000
450	241.8512	237	241.8512	0.0063	0.0975	37.0000
451	243.3714	242	243.3714	0.0151	0.0434	35.0000
452	247.9116	249	247.9116	0.1031	0.1557	31.0000
453	244.5169	241	244.5169	0.2184	0.2370	33.0000
454	245.0792	243	245.0792	0.0820	0.1673	34.0000
455	239.0192	239	239.0192	0.0700	0.1013	31.0000
456	247.9326	243	247.9326	0.1676	0.2311	39.0000
457	244.6419	243	244.6419	0.0161	0.1816	36.0000
458	246.7869	243	246.7869	0.0498	0.0741	37.0000
459	250.2861	248	250.2861	0.1862	0.2068	32.0000
460	249.9942	247	249.9942	0.0112	0.3422	36.0000
461	242.2056	240	242.2056	0.0479	0.2269	34.0000
462	247.8703	239	247.8703	0.2518	0.2650	37.0000
463	249.6814	248	249.6814	0.1438	0.1621	35.0000
464	248.4113	250	248.4113	0.0773	0.2691	34.0000
465	250.0563	248	250.0563	0.2734	0.2960	36.0000
466	247.7453	248	247.7453	0.1167	0.1890	33.0000
467	248.5156	251	248.5156	0.0321	0.1771	32.0000
468	240.9142	234	240.9142	0.0933	0.1510	38.0000
469	246.1415	242	246.1415	0.0237	0.0494	38.0000
470	244.6008	239	244.6008	0.0279	0.0906	38.0000
471	248.3486	250	248.3486	0.0327	0.1343	30.0000
472	249.7444	245	249.7444	0.0133	0.2459	36.0000
473	238.4148	234	238.4148	0.0668	0.1816	33.0000
474	245.0585	237	245.0585	0.0955	0.1557	37.0000
475	244.6003	245	244.6003	0.0115	0.0741	34.0000
476	249.2655	244	249.2655	0.0282	0.0963	36.0000
477	249.6815	249	249.6815	0.0570	0.1289	32.0000
478	245.2666	242	245.2666	0.1410	0.4274	35.0000
479	247.0781	244	247.0781	0.0187	0.2831	35.0000
480	246.6622	246	246.6622	0.0110	0.3344	33.0000
481	239.4772	237	239.4772	0.0977	0.1557	34.0000
482	241.8097	237	241.8097	0.1945	0.2311	35.0000
483	243.8293	240	243.8293	0.0914	0.1979	38.0000
484	249.9944	249	249.9944	0.2610	0.2736	35.0000
485	250.4317	246	250.4317	0.0541	0.2029	35.0000
486	249.8482	252	249.8482	0.0734	0.2915	30.0000
487	250.2651	244	250.2651	0.0749	0.1521	37.0000
488	235.5829	231	235.5829	0.0802	0.1510	37.0000
489	245.7247	242	245.7247	0.0964	0.2023	36.0000
490	250.3480	248	250.3480	0.0085	0.2548	32.0000
491	250.0571	246	250.0571	0.2475	0.3316	36.0000
492	243.8710	239	243.8710	0.1254	0.2999	36.0000
493	241.0390	239	241.0390	0.0700	0.2777	36.0000
494	247.6822	247	247.6822	0.2277	0.2920	33.0000
495	248.0570	250	248.0570	0.0055	0.0676	36.0000
496	249.6609	244	249.6609	0.0465	0.1771	41.0000
497	247.2658	252	247.2658	0.2905	0.2999	27.0000
498	250.0984	243	250.0984	0.0798	0.1241	37.0000
499	247.9742	242	247.9742	0.0037	0.1816	36.0000
500	246.9326	245	246.9326	0.0086	0.1301	39.0000
501	242.0591	245	242.0591	0.0984	0.2821	36.0000
502	240.6850	240	240.6850	0.0827	0.1289	32.0000
503	248.2237	248	248.2237	0.1185	0.1816	32.0000
504	243.2465	247	243.2465	0.0613	0.2322	31.0000
505	250.0774	252	250.0774	0.0538	0.1013	36.0000
506	250.0153	252	250.0153	0.1123	0.3138	31.0000
507	246.3081	244	246.3081	0.0773	0.2506	37.0000
508	247.9950	241	247.9950	0.0504	0.2068	38.0000
509	247.0784	245	247.0784	0.0370	0.2594	38.0000
510	246.5992	247	246.5992	0.0450	0.0963	31.0000
511	250.2443	249	250.2443	0.0506	0.2023	35.0000
512	243.0593	243	243.0593	0.0032	0.1771	33.0000
513	250.1818	245	250.1818	0.0101	0.2311	37.0000
514	239.3935	234	239.3935	0.0379	0.4450	36.0000
515	246.3080	244	246.3080	0.0530	0.0728	34.0000
516	245.4754	242	245.4754	0.1374	0.2459	34.0000
517	245.8292	243	245.8292	0.0222	0.1241	36.0000
518	247.0578	245	247.0578	0.0752	0.2777	33.0000
519	244.4750	242	244.4750	0.0317	0.0434	36.0000
520	246.8079	241	246.8079	0.0937	0.1013	38.0000
521	244.9544	243	244.9544	0.0074	0.2915	36.0000
522	249.9317	248	249.9317	0.1212	0.1289	32.0000
523	239.7273	231	239.7273	0.0056	0.1013	39.0000
524	246.3495	247	246.3495	0.1724	0.1929	38.0000
525	244.7043	247	244.7043	0.2529	0.2691	32.0000
526	246.6830	242	246.6830	0.0051	0.3042	35.0000
527	243.7672	246	243.7672	0.0327	0.0786	30.0000
528	248.9737	249	248.9737	0.1422	0.1557	31.0000
529	241.7677	240	241.7677	0.0166	0.0963	35.0000
530	239.1232	237	239.1232	0.0034	0.0434	36.0000
531	245.0378	245	245.0378	0.1924	0.3549	33.0000
532	241.6429	239	241.6429	0.0300	0.2068	34.0000
533	241.8098	238	241.8098	0.0593	0.2068	34.0000
534	245.1416	240	245.1416	0.0691	0.2459	36.0000
535	250.2444	244	250.2444	0.1538	0.1929	39.0000
536	245.1206	245	245.1206	0.0383	0.0434	33.0000
537	240.9767	237	240.9767	0.0219	0.3176	36.0000
538	249.6611	252	249.6611	0.0710	0.1884	34.0000
539	245.5998	243	245.5998	0.2055	0.2506	36.0000
540	247.1828	243	247.1828	0.1130	0.1557	34.0000
541	247.2661	243	247.2661	0.0438	0.1557	37.0000
542	249.4319	245	249.4319	0.0415	0.0728	39.0000
543	248.2655	251	248.2655	0.1275	0.2269	31.0000
544	249.9944	243	249.9944	0.2725	0.2777	38.0000
545	239.8938	237	239.8938	0.1222	0.3786	39.0000
546	234.5206	230	234.5206	0.0986	0.1289	32.0000
547	249.3691	249	249.3691	0.0068	0.1289	32.0000
548	245.9747	246	245.9747	0.2234	0.2506	35.0000
549	249.4739	247	249.4739	0.0999	0.4010	39.0000
550	249.3278	247	249.3278	0.0255	0.1557	38.0000
551	245.1213	240	245.1213	0.0362	0.1013	35.0000
552	245.9119	244	245.9119	0.0343	0.1289	34.0000
553	249.3070	246	249.3070	0.0341	0.3133	36.0000
554	243.3509	239	243.3509	0.0669	0.1013	38.0000
555	245.8081	247	245.8081	0.0724	0.1974	33.0000
556	246.9746	243	246.9746	0.1831	0.2915	36.0000
557	248.4322	247	248.4322	0.0311	0.2073	37.0000
558	246.9537	241	246.9537	0.1317	0.1557	39.0000
559	246.5788	245	246.5788	0.0360	0.3003	32.0000
560	247.9532	245	247.9532	0.1517	0.2068	34.0000
561	245.0999	244	245.0999	0.0602	0.1013	34.0000
562	245.2042	245	245.2042	0.0600	0.1673	32.0000
563	241.8305	243	241.8305	0.0539	0.2311	30.0000
564	249.6604	254	249.6604	0.2493	0.3214	33.0000
565	247.0160	246	247.0160	0.1713	0.2317	36.0000
566	244.2876	246	244.2876	0.3159	0.3553	33.0000
567	249.8065	250	249.8065	0.0420	0.3176	33.0000
568	250.4110	243	250.4110	0.0591	0.2920	41.0000
569	246.2249	242	246.2249	0.0169	0.0728	38.0000
570	246.3705	246	246.3705	0.0265	0.0618	34.0000
571	243.5589	240	243.5589	0.0732	0.2073	36.0000
572	245.9328	248	245.9328	0.0010	0.0728	32.0000
573	249.5152	245	249.5152	0.0540	0.1557	37.0000
574	250.3273	251	250.3273	0.2362	0.3133	35.0000
575	247.7240	247	247.7240	0.1050	0.2464	34.0000
576	244.7669	243	244.7669	0.0463	0.1816	33.0000
577	247.4955	239	247.4955	0.0382	0.1510	37.0000
578	236.3325	230	236.3325	0.0756	0.2548	35.0000
579	248.2239	247	248.2239	0.0792	0.1013	36.0000
580	241.3931	237	241.3931	0.0997	0.1069	34.0000
581	250.3896	250	250.3896	0.2264	0.2836	36.0000
582	235.0205	232	235.0205	0.0743	0.3349	33.0000
583	246.1619	246	246.1619	0.0797	0.2311	34.0000
584	240.5392	240	240.5392	0.0101	0.1816	37.0000
585	243.7046	244	243.7046	0.1973	0.2269	30.0000
586	236.6243	230	236.6243	0.1737	0.1816	38.0000
587	248.6823	244	248.6823	0.1497	0.2269	34.0000
588	244.3506	247	244.3506	0.2251	0.2876	33.0000
589	246.9331	243	246.9331	0.0250	0.0728	37.0000
590	248.8488	243	248.8488	0.0364	0.1013	37.0000
591	240.1432	241	240.1432	0.2292	0.2999	31.0000
592	249.7856	253	249.7856	0.1790	0.1884	33.0000
593	246.0164	244	246.0164	0.0413	0.0728	32.0000
594	244.7252	248	244.7252	0.0196	0.2691	32.0000
595	250.2230	250	250.2230	0.0852	0.2269	36.0000
596	242.4139	236	242.4139	0.0736	0.2548	34.0000
597	247.0995	241	247.0995	0.1629	0.2068	37.0000
598	246.2655	246	246.2655	0.1024	0.1241	37.0000
599	248.4944	250	248.4944	0.0001	0.1557	33.0000
600	245.4960	242	245.4960	0.0521	0.1343	34.0000
601	250.4111	243	250.4111	0.1336	0.2322	37.0000
602	248.0577	243	248.0577	0.1766	0.3052	36.0000
603	248.2237	245	248.2237	0.0422	0.0434	36.0000
604	245.2876	241	245.2876	0.0981	0.2475	39.0000
605	246.0583	246	246.0583	0.0632	0.0676	34.0000
606	248.3904	247	248.3904	0.1302	0.2696	35.0000
607	248.5368	242	248.5368	0.1106	0.2023	36.0000
608	240.6016	238	240.6016	0.0257	0.2691	37.0000
609	245.2872	242	245.2872	0.2266	0.2999	38.0000
610	244.8919	242	244.8919	0.2537	0.2548	32.0000
611	243.8922	240	243.8922	0.1196	0.3214	34.0000
612	250.0360	248	250.0360	0.1037	0.1343	34.0000
613	247.9116	247	247.9116	0.0551	0.1719	36.0000
614	246.6411	246	246.6411	0.1565	0.2311	38.0000
615	246.4331	243	246.4331	0.0862	0.1557	33.0000
616	249.1821	246	249.1821	0.0939	0.2548	35.0000
617	245.9955	242	245.9955	0.0578	0.1289	37.0000
618	245.2458	244	245.2458	0.0175	0.1816	34.0000
619	250.0983	244	250.0983	0.1822	0.1929	36.0000
620	250.4314	245	250.4314	0.0514	0.1289	40.0000
621	249.8692	250	249.8692	0.0696	0.2035	35.0000
622	249.0358	248	249.0358	0.0308	0.2279	37.0000
623	243.6007	239	243.6007	0.0213	0.4484	36.0000
624	250.1194	248	250.1194	0.0657	0.2311	32.0000
625	250.0773	246	250.0773	0.1468	0.1568	37.0000
626	242.6634	240	242.6634	0.0682	0.2960	33.0000
627	242.0174	237	242.0174	0.0191	0.1186	39.0000
628	240.5813	237	240.5813	0.0034	0.2777	34.0000
629	247.5785	248	247.5785	0.0823	0.2023	34.0000
630	250.3688	248	250.3688	0.0343	0.0434	37.0000
631	249.8274	250	249.8274	0.1317	0.1557	37.0000
632	248.1199	246	248.1199	0.0636	0.1013	30.0000
633	249.0985	249	249.0985	0.1004	0.1510	34.0000
634	248.6612	247	248.6612	0.0102	0.3549	35.0000
635	243.1426	240	243.1426	0.0324	0.1457	36.0000
636	246.2666	244	246.2666	0.0195	0.1307	33.0000
637	245.6416	240	245.6416	0.0598	0.1289	38.0000
638	246.6411	241	246.6411	0.0740	0.1816	34.0000
639	249.1615	244	249.1615	0.1631	0.1974	39.0000
640	249.6818	246	249.6818	0.0614	0.1289	38.0000
641	247.9533	244	247.9533	0.0425	0.0728	41.0000
642	249.5777	244	249.5777	0.0187	0.0728	38.0000
643	242.3720	239	242.3720	0.1101	0.1557	32.0000
644	248.1197	251	248.1197	0.0072	0.1013	31.0000
645	246.0581	239	246.0581	0.0286	0.1289	38.0000
646	241.2889	239	241.2889	0.0070	0.0321	33.0000
647	246.2665	240	246.2665	0.0965	0.1289	36.0000
648	246.5788	240	246.5788	0.0661	0.1510	39.0000
649	243.9338	244	243.9338	0.0317	0.1289	33.0000
650	247.3285	246	247.3285	0.0161	0.0906	34.0000
651	248.1616	246	248.1616	0.0057	0.0728	34.0000
652	247.8075	244	247.8075	0.1604	0.3436	36.0000
653	239.3732	236	239.3732	0.1840	0.3307	33.0000
654	250.3280	241	250.3280	0.1758	0.2311	44.0000
655	238.7069	234	238.7069	0.0400	0.0434	34.0000
656	246.2244	242	246.2244	0.0028	0.1557	35.0000
657	245.2457	242	245.2457	0.2206	0.2459	38.0000
658	249.9526	246	249.9526	0.0509	0.1289	35.0000
659	245.0374	243	245.0374	0.0988	0.3422	33.0000
660	249.6193	244	249.6193	0.1581	0.1833	39.0000
661	230.7303	230	230.7303	0.2245	0.2777	33.0000
662	242.1218	238	242.1218	0.0382	0.1609	39.0000
663	247.5576	246	247.5576	0.0767	0.1186	34.0000
664	246.5577	244	246.5577	0.1310	0.2691	36.0000
665	246.8281	247	246.8281	0.0160	0.0906	33.0000
666	236.9155	231	236.9155	0.0732	0.2548	34.0000
667	238.4359	236	238.4359	0.0217	0.1013	31.0000
668	248.9320	248	248.9320	0.0498	0.1816	36.0000
669	245.2252	243	245.2252	0.0100	0.0447	35.0000
670	245.5789	248	245.5789	0.1037	0.1289	31.0000
671	248.3076	243	248.3076	0.1296	0.1557	36.0000
672	249.1403	253	249.1403	0.0809	0.1186	33.0000
673	247.2656	251	247.2656	0.0533	0.1241	37.0000
674	245.8083	240	245.8083	0.0642	0.0906	40.0000
675	245.8082	235	245.8082	0.1749	0.2023	41.0000
676	243.8503	238	243.8503	0.0008	0.1816	39.0000
677	248.4943	247	248.4943	0.0627	0.0728	36.0000
678	247.5991	244	247.5991	0.0149	0.2068	38.0000
679	245.1626	244	245.1626	0.0308	0.0676	35.0000
680	247.8495	246	247.8495	0.0861	0.2650	35.0000
681	243.4337	240	243.4337	0.2874	0.3133	39.0000
682	246.4954	242	246.4954	0.0485	0.0728	35.0000
683	241.2891	243	241.2891	0.0574	0.2915	30.0000
684	246.6204	244	246.6204	0.0170	0.1816	35.0000
685	248.8697	242	248.8697	0.2136	0.2777	38.0000
686	245.0165	243	245.0165	0.0844	0.1241	32.0000
687	243.7046	244	243.7046	0.0701	0.1929	32.0000
688	248.4532	244	248.4532	0.1239	0.1557	36.0000
689	243.6216	241	243.6216	0.0696	0.1557	33.0000
690	249.4318	248	249.4318	0.0960	0.2650	36.0000
691	250.2445	245	250.2445	0.2095	0.3386	41.0000
692	240.2468	248	240.2468	0.1096	0.1241	28.0000
693	246.9741	249	246.9741	0.0469	0.0728	33.0000
694	246.9123	245	246.9123	0.1500	0.3223	35.0000
695	245.6206	243	245.6206	0.0653	0.3624	36.0000
696	249.5777	249	249.5777	0.3148	0.3943	34.0000
697	248.3906	247	248.3906	0.0079	0.2506	33.0000
698	244.2046	237	244.2046	0.0177	0.1816	40.0000
699	242.7050	242	242.7050	0.2041	0.2068	31.0000
700	250.3894	250	250.3894	0.0898	0.3344	36.0000
701	249.0984	246	249.0984	0.1315	0.1510	40.0000
702	242.8305	243	242.8305	0.0690	0.1557	32.0000
703	248.8698	245	248.8698	0.2991	0.2999	41.0000
704	244.3290	250	244.3290	0.0448	0.2876	31.0000
705	247.3702	245	247.3702	0.0494	0.0728	35.0000
706	246.7036	244	246.7036	0.1127	0.1241	32.0000
707	244.1631	240	244.1631	0.2540	0.2736	36.0000
708	244.8711	238	244.8711	0.1369	0.3673	37.0000
709	248.8281	247	248.8281	0.2179	0.2691	33.0000
710	243.3088	242	243.3088	0.1804	0.4274	32.0000
711	242.1226	238	242.1226	0.0433	0.1289	32.0000
712	248.0995	240	248.0995	0.0051	0.0434	39.0000
713	247.7036	243	247.7036	0.2425	0.2548	39.0000
714	245.9329	245	245.9329	0.0139	0.1289	35.0000
715	245.8286	245	245.8286	0.0106	0.2220	37.0000
716	246.1831	246	246.1831	0.0187	0.0676	33.0000
717	249.6402	248	249.6402	0.0945	0.1241	30.0000
718	249.7652	244	249.7652	0.0542	0.2311	37.0000
719	249.5777	243	249.5777	0.1117	0.2960	39.0000
720	248.8486	246	248.8486	0.0039	0.1289	32.0000
721	249.0153	244	249.0153	0.2069	0.2311	36.0000
722	247.0367	247	247.0367	0.0844	0.1241	34.0000
723	237.5405	233	237.5405	0.1702	0.2881	33.0000
724	248.0572	245	248.0572	0.1237	0.2370	39.0000
725	247.2654	245	247.2654	0.0953	0.1771	35.0000
726	240.6223	239	240.6223	0.1133	0.2068	34.0000
727	245.0168	242	245.0168	0.2250	0.2876	35.0000
728	248.7444	248	248.7444	0.2399	0.2999	32.0000
729	242.4342	240	242.4342	0.0394	0.1013	33.0000
730	248.8487	247	248.8487	0.2251	0.2604	38.0000
731	249.3694	249	249.3694	0.1014	0.1289	31.0000
732	237.9568	239	237.9568	0.0672	0.0728	30.0000
733	245.7248	238	245.7248	0.0541	0.2068	41.0000
734	241.8099	237	241.8099	0.0500	0.1289	35.0000
735	242.7671	239	242.7671	0.0200	0.1013	38.0000
736	250.1187	256	250.1187	0.3051	0.3349	29.0000
737	249.9529	242	249.9529	0.1026	0.1771	40.0000
738	248.9115	249	248.9115	0.0449	0.2604	33.0000
739	244.3715	247	244.3715	0.0011	0.2777	34.0000
740	239.4980	237	239.4980	0.0236	0.0434	39.0000
741	245.5794	239	245.5794	0.0435	0.1241	41.0000
742	239.9563	232	239.9563	0.0155	0.1771	39.0000
743	240.6643	241	240.6643	0.1434	0.2311	28.0000
744	248.5990	242	248.5990	0.0213	0.1816	39.0000
745	249.5981	252	249.5981	0.0309	0.2464	40.0000
746	248.6820	244	248.6820	0.1015	0.1457	38.0000
747	244.3710	246	244.3710	0.1721	0.1771	30.0000
748	250.2231	248	250.2231	0.0859	0.0906	35.0000
749	247.7238	251	247.7238	0.0428	0.1241	34.0000
750	249.2862	254	249.2862	0.0558	0.2269	32.0000
751	242.5177	236	242.5177	0.0211	0.1013	38.0000
752	248.7860	247	248.7860	0.0200	0.2068	34.0000
753	246.7455	241	246.7455	0.0528	0.2327	40.0000
754	238.4770	240	238.4770	0.1733	0.2999	30.0000
755	245.1832	244	245.1832	0.0591	0.1289	35.0000
756	248.6195	244	248.6195	0.1527	0.1771	38.0000
757	237.4570	235	237.4570	0.1877	0.2777	36.0000
758	242.5800	234	242.5800	0.1982	0.2311	41.0000
759	249.0155	251	249.0155	0.1986	0.2459	31.0000
760	239.1230	235	239.1230	0.0371	0.1013	36.0000
761	246.3497	243	246.3497	0.0125	0.0728	35.0000
762	248.1202	238	248.1202	0.0305	0.0728	40.0000
763	248.9111	245	248.9111	0.0548	0.2068	36.0000
764	247.5367	244	247.5367	0.0834	0.1725	38.0000
765	246.9330	241	246.9330	0.1491	0.1974	34.0000
766	245.8914	242	245.8914	0.0906	0.1289	38.0000
767	247.1826	246	247.1826	0.0942	0.3095	35.0000
768	244.2050	241	244.2050	0.0125	0.1557	38.0000
769	249.8068	247	249.8068	0.2742	0.2915	33.0000
770	249.2240	242	249.2240	0.1547	0.1557	41.0000
771	244.5585	245	244.5585	0.1988	0.2915	32.0000
772	247.8909	246	247.8909	0.2005	0.2548	34.0000
773	243.9962	239	243.9962	0.0935	0.2322	36.0000
774	247.0784	247	247.0784	0.0024	0.1361	33.0000
775	247.3495	248	247.3495	0.0120	0.1557	34.0000
776	241.4973	239	241.4973	0.0761	0.0906	36.0000
777	242.5595	238	242.5595	0.0472	0.1974	36.0000
778	248.0987	245	248.0987	0.1980	0.2311	35.0000
779	241.5805	241	241.5805	0.2582	0.4847	34.0000
780	249.1405	244	249.1405	0.0525	0.1867	38.0000
781	249.4526	244	249.4526	0.0183	0.2068	36.0000
782	240.1019	240	240.1019	0.0072	0.3214	36.0000
783	248.9114	246	248.9114	0.1361	0.1522	31.0000
784	246.4949	247	246.4949	0.0478	0.0963	35.0000
785	243.8507	243	243.8507	0.3541	0.3905	33.0000
786	238.6230	237	238.6230	0.0305	0.2311	32.0000
787	250.1818	244	250.1818	0.1573	0.2068	40.0000
788	249.6819	248	249.6819	0.0541	0.1673	36.0000
789	250.2028	245	250.2028	0.1155	0.1828	40.0000
790	242.9760	236	242.9760	0.1672	0.2023	40.0000
791	249.3902	242	249.3902	0.2233	0.2548	39.0000
792	248.5986	245	248.5986	0.1953	0.2548	34.0000
793	247.3077	242	247.3077	0.1242	0.2023	36.0000
794	249.2445	246	249.2445	0.1042	0.2311	38.0000
795	248.3075	244	248.3075	0.1375	0.1462	37.0000
796	246.3705	244	246.3705	0.0133	0.1771	33.0000
797	245.0374	242	245.0374	0.0139	0.2311	33.0000
798	249.4321	247	249.4321	0.0088	0.2969	38.0000
799	249.6610	247	249.6610	0.1500	0.2220	39.0000
800	249.2655	245	249.2655	0.0575	0.2311	35.0000
801	244.4753	245	244.4753	0.2370	0.2506	27.0000
802	239.6022	236	239.6022	0.0380	0.2068	34.0000
803	247.5158	245	247.5158	0.1175	0.1621	35.0000
804	246.6415	243	246.6415	0.1497	0.2960	37.0000
805	246.6208	242	246.6208	0.1151	0.1457	35.0000
806	242.7053	235	242.7053	0.0593	0.1557	39.0000
807	243.7883	242	243.7883	0.0847	0.2023	32.0000
808	247.2869	244	247.2869	0.1607	0.2023	35.0000
809	249.2236	243	249.2236	0.1608	0.1974	39.0000
810	242.6425	240	242.6425	0.0166	0.1557	34.0000
811	244.2045	247	244.2045	0.2056	0.3751	29.0000
812	247.0574	249	247.0574	0.0151	0.2311	35.0000
813	248.7447	244	248.7447	0.1790	0.2311	35.0000
814	248.9322	244	248.9322	0.0376	0.1816	39.0000
815	250.1193	250	250.1193	0.3103	0.4684	31.0000
816	241.3515	231	241.3515	0.1016	0.1816	44.0000
817	248.0157	240	248.0157	0.0251	0.2177	39.0000
818	249.0777	249	249.0777	0.0117	0.0434	35.0000
819	242.4762	238	242.4762	0.1481	0.1510	37.0000
820	250.3484	248	250.3484	0.1098	0.3133	33.0000
821	242.6840	244	242.6840	0.0691	0.1013	32.0000
822	248.9530	246	248.9530	0.1605	0.2068	37.0000
823	242.8721	232	242.8721	0.0077	0.1974	38.0000
824	247.3702	239	247.3702	0.0847	0.1013	38.0000
825	247.2867	247	247.2867	0.1312	0.3943	33.0000
826	249.7236	245	249.7236	0.0277	0.1816	35.0000
827	248.4322	249	248.4322	0.1286	0.1878	33.0000
828	247.9321	245	247.9321	0.1854	0.1979	36.0000
829	247.9743	243	247.9743	0.0025	0.0321	40.0000
830	245.7250	247	245.7250	0.1610	0.2999	29.0000
831	247.9325	245	247.9325	0.0445	0.2023	37.0000
832	244.6420	236	244.6420	0.0839	0.1013	40.0000
833	250.3900	251	250.3900	0.0619	0.1719	37.0000
834	244.3086	244	244.3086	0.1197	0.1510	35.0000
835	243.2466	236	243.2466	0.1102	0.1557	38.0000
836	247.9741	242	247.9741	0.0419	0.1557	38.0000
837	247.2450	246	247.2450	0.0325	0.1013	35.0000
838	248.3698	243	248.3698	0.0103	0.2269	37.0000
839	245.2253	238	245.2253	0.1547	0.3013	37.0000
840	245.6001	243	245.6001	0.0829	0.2220	35.0000
841	246.7035	252	246.7035	0.1074	0.2506	29.0000
842	247.0370	243	247.0370	0.1399	0.1816	37.0000
843	236.5617	234	236.5617	0.0675	0.1816	33.0000
844	249.9106	248	249.9106	0.1155	0.3712	36.0000
845	236.7911	233	236.7911	0.0355	0.0728	34.0000
846	245.7875	241	245.7875	0.1094	0.1289	37.0000
847	247.7033	247	247.7033	0.0045	0.1013	35.0000
848	238.3109	239	238.3109	0.0949	0.1816	31.0000
849	239.8103	235	239.8103	0.1364	0.1816	33.0000
850	243.2673	241	243.2673	0.2446	0.2881	33.0000
851	244.9334	247	244.9334	0.0517	0.1673	33.0000
852	246.0791	243	246.0791	0.0248	0.0975	33.0000
853	247.8073	242	247.8073	0.0005	0.0963	35.0000
854	250.1609	252	250.1609	0.1238	0.1816	34.0000
855	245.4960	241	245.4960	0.0916	0.1013	35.0000
856	248.2866	240	248.2866	0.1452	0.2736	41.0000
857	240.6017	241	240.6017	0.1917	0.2548	31.0000
858	248.0991	245	248.0991	0.3922	0.4162	33.0000
859	239.0398	233	239.0398	0.0158	0.1013	38.0000
860	236.8116	233	236.8116	0.0914	0.2417	35.0000
861	245.7872	240	245.7872	0.1874	0.2311	37.0000
862	241.4974	232	241.4974	0.0503	0.1719	40.0000
863	249.7028	245	249.7028	0.0692	0.1522	37.0000
864	249.9522	248	249.9522	0.0821	0.1557	36.0000
865	247.7240	245	247.7240	0.0460	0.0906	37.0000
866	243.3713	241	243.3713	0.0831	0.1186	33.0000
867	248.2033	248	248.2033	0.2986	0.2999	34.0000
868	246.0371	252	246.0371	0.1385	0.1771	31.0000
869	245.5164	249	245.5164	0.0585	0.2925	29.0000
870	248.8906	246	248.8906	0.0133	0.1013	34.0000
871	246.3497	244	246.3497	0.0168	0.0728	33.0000
872	245.8284	249	245.8284	0.1879	0.2777	31.0000
873	246.9532	247	246.9532	0.1234	0.2311	34.0000
874	240.7890	237	240.7890	0.1840	0.1974	35.0000
875	243.1427	241	243.1427	0.0683	0.0963	30.0000
876	249.0156	245	249.0156	0.2339	0.3214	35.0000
877	246.8291	243	246.8291	0.0877	0.2068	35.0000
878	247.7035	240	247.7035	0.0591	0.1557	40.0000
879	245.1207	248	245.1207	0.1929	0.2920	32.0000
880	249.2238	250	249.2238	0.1993	0.2128	31.0000
881	249.0361	246	249.0361	0.0076	0.0676	37.0000
882	246.0788	244	246.0788	0.1024	0.1186	32.0000
883	250.4315	247	250.4315	0.0270	0.2068	39.0000
884	244.9330	244	244.9330	0.0195	0.1013	35.0000
885	248.3908	242	248.3908	0.0885	0.1289	37.0000
886	244.2468	242	244.2468	0.1550	0.1568	34.0000
887	240.6020	233	240.6020	0.0212	0.0434	40.0000
888	249.8694	247	249.8694	0.2873	0.2920	33.0000
889	246.3914	236	246.3914	0.0481	0.1557	41.0000
890	242.6424	244	242.6424	0.1268	0.3386	32.0000
891	250.0151	244	250.0151	0.1236	0.1457	37.0000
892	244.9542	245	244.9542	0.0231	0.1081	38.0000
893	249.8900	249	249.8900	0.0141	0.1013	31.0000
894	242.7673	244	242.7673	0.0540	0.1510	32.0000
895	248.3069	248	248.3069	0.0402	0.2506	34.0000
896	247.9534	240	247.9534	0.1380	0.1557	38.0000
897	241.4346	237	241.4346	0.0322	0.1241	34.0000
898	249.6194	247	249.6194	0.1282	0.2370	33.0000
899	240.3310	239	240.3310	0.0892	0.1816	35.0000
900	243.1009	243	243.1009	0.2792	0.3677	37.0000
901	246.0581	245	246.0581	0.0028	0.1816	39.0000
902	244.3922	242	244.3922	0.0941	0.1289	36.0000
903	244.1628	243	244.1628	0.0003	0.0676	33.0000
904	247.7654	248	247.7654	0.0986	0.2068	37.0000
905	236.4367	236	236.4367	0.0666	0.1343	35.0000
906	247.9323	249	247.9323	0.0531	0.0963	31.0000
907	243.6423	240	243.6423	0.0483	0.2023	36.0000
908	241.7470	244	241.7470	0.0561	0.1719	30.0000
909	239.8310	240	239.8310	0.0566	0.0728	32.0000
910	248.8072	247	248.8072	0.2231	0.2736	34.0000
911	246.8702	245	246.8702	0.3615	0.3681	33.0000
912	248.6821	247	248.6821	0.1206	0.1816	35.0000
913	249.5983	251	249.5983	0.0329	0.1719	34.0000
914	239.7684	239	239.7684	0.0874	0.1013	32.0000
915	249.7233	252	249.7233	0.0602	0.3472	31.0000
916	243.4340	240	243.4340	0.1646	0.2269	36.0000
917	247.3284	242	247.3284	0.0686	0.1609	40.0000
918	246.5579	247	246.5579	0.1693	0.1816	31.0000
919	249.0361	248	249.0361	0.0547	0.1574	34.0000
920	244.5169	239	244.5169	0.0851	0.1816	36.0000
921	249.5985	242	249.5985	0.0335	0.0728	40.0000
922	250.3064	252	250.3064	0.1405	0.2548	33.0000
923	242.4760	240	242.4760	0.0902	0.1929	35.0000
924	249.6401	245	249.6401	0.2174	0.2269	36.0000
925	243.5592	237	243.5592	0.0729	0.1289	39.0000
926	249.8273	250	249.8273	0.1733	0.2370	32.0000
927	234.6244	238	234.6244	0.1044	0.1557	30.0000
928	247.2660	248	247.2660	0.0869	0.1301	37.0000
929	248.5985	246	248.5985	0.0357	0.0434	37.0000
930	243.1426	240	243.1426	0.0520	0.1289	38.0000
931	243.3089	243	243.3089	0.2295	0.3256	30.0000
932	243.5382	241	243.5382	0.2978	0.2999	34.0000
933	245.9958	241	245.9958	0.2094	0.2269	42.0000
934	243.8086	247	243.8086	0.0114	0.2269	33.0000
935	250.0570	247	250.0570	0.1838	0.2696	36.0000
936	246.7245	240	246.7245	0.1119	0.1557	39.0000
937	248.7236	246	248.7236	0.0722	0.0728	39.0000
938	246.3704	244	246.3704	0.0414	0.0434	34.0000
939	242.8922	244	242.8922	0.1659	0.2459	33.0000
940	247.5579	243	247.5579	0.0883	0.2068	34.0000
941	246.2453	242	246.2453	0.0804	0.2650	35.0000
942	238.9985	233	238.9985	0.0437	0.1013	37.0000
943	243.2048	242	243.2048	0.3300	0.3589	34.0000
944	247.8703	247	247.8703	0.0114	0.1557	37.0000
945	249.5986	251	249.5986	0.0305	0.2506	29.0000
946	248.4324	246	248.4324	0.1294	0.1609	34.0000
947	248.8068	251	248.8068	0.0140	0.3751	29.0000
948	246.2043	243	246.2043	0.0251	0.0434	34.0000
949	239.8729	243	239.8729	0.2734	0.2736	32.0000
950	249.3901	243	249.3901	0.0504	0.1816	39.0000
951	241.4971	238	241.4971	0.0803	0.1289	34.0000
952	245.7663	244	245.7663	0.0098	0.1013	36.0000
953	247.5786	244	247.5786	0.1085	0.1884	38.0000
954	249.5364	241	249.5364	0.0756	0.1974	42.0000
955	247.5576	246	247.5576	0.1605	0.2068	34.0000
956	246.7869	244	246.7869	0.0489	0.1013	38.0000
957	247.9738	251	247.9738	0.0047	0.3747	33.0000
958	247.7034	246	247.7034	0.1728	0.1816	37.0000
959	245.4122	248	245.4122	0.2769	0.4018	31.0000
960	249.2235	252	249.2235	0.2302	0.2777	31.0000
961	244.2253	243	244.2253	0.1031	0.1557	36.0000
962	243.0797	240	243.0797	0.0025	0.0728	35.0000
963	240.7054	241	240.7054	0.1168	0.3837	32.0000
964	244.7461	238	244.7461	0.1487	0.1867	38.0000
965	248.8903	243	248.8903	0.0717	0.1557	38.0000
966	242.3716	243	242.3716	0.0170	0.0676	33.0000
967	247.5366	245	247.5366	0.0348	0.2269	37.0000
968	238.6229	239	238.6229	0.0546	0.2269	35.0000
969	244.8918	240	244.8918	0.0241	0.1457	38.0000
970	244.7881	240	244.7881	0.0693	0.1013	33.0000
971	247.7033	243	247.7033	0.0816	0.1719	35.0000
972	244.8497	246	244.8497	0.0355	0.0786	32.0000
973	239.0601	238	239.0601	0.1670	0.2311	35.0000
974	243.2676	240	243.2676	0.1221	0.1289	33.0000
975	243.5169	246	243.5169	0.0524	0.2777	31.0000
976	246.3699	248	246.3699	0.0476	0.1609	37.0000
977	249.0987	245	249.0987	0.1393	0.1557	35.0000
978	246.3912	243	246.3912	0.2582	0.3553	33.0000
979	250.0566	244	250.0566	0.1198	0.1719	37.0000
980	247.6827	236	247.6827	0.1333	0.1557	42.0000
981	236.3948	234	236.3948	0.0522	0.0728	35.0000
982	246.8703	246	246.8703	0.0617	0.0741	35.0000
983	249.9313	253	249.9313	0.0548	0.3905	32.0000
984	244.4542	247	244.4542	0.2289	0.2915	30.0000
985	247.2036	247	247.2036	0.0494	0.2311	32.0000
986	249.8272	245	249.8272	0.0153	0.1510	38.0000
987	248.6825	244	248.6825	0.0232	0.1974	38.0000
988	242.2888	241	242.2888	0.1068	0.2696	32.0000
989	243.8293	244	243.8293	0.0176	0.1409	35.0000
990	249.8274	248	249.8274	0.0803	0.1409	33.0000
991	248.3696	246	248.3696	0.0869	0.3214	37.0000
992	243.1008	235	243.1008	0.0371	0.1241	39.0000
993	247.8074	250	247.8074	0.0459	0.1557	28.0000
994	249.7231	245	249.7231	0.0877	0.3095	36.0000
995	250.2857	249	250.2857	0.0445	0.3214	34.0000
996	249.5359	244	249.5359	0.0359	0.0728	40.0000
997	230.1470	225	230.1470	0.0201	0.0728	34.0000
998	246.4329	245	246.4329	0.0248	0.1719	32.0000
999	244.2463	236	244.2463	0.0119	0.1557	40.0000
1000	247.6203	241	247.6203	0.1094	0.2594	39.0000
