1	544	243	230	71	13	10	4	27
2	545	236	223	86	13	6	2	21
3	544	239	229	76	10	10	3	23
4	542	248	233	61	15	18	4	37
5	543	238	228	77	10	11	7	28
6	544	243	230	71	13	8	2	23
7	545	240	229	76	11	13	4	28
8	545	244	233	68	11	17	3	31
9	543	246	228	69	18	14	2	34
10	545	241	227	77	14	10	2	26
11	543	244	231	68	13	12	4	29
12	546	236	230	80	6	5	3	14
13	538	250	231	57	19	10	4	33
14	540	242	227	71	15	6	7	28
15	544	248	232	64	16	11	1	28
16	546	243	228	75	15	10	1	26
17	544	242	229	73	13	9	4	26
18	545	243	230	72	13	8	1	22
19	544	242	231	71	11	12	3	26
20	548	246	237	65	9	23	4	36
21	541	243	229	69	14	11	5	30
22	547	238	225	84	13	15	4	32
23	542	245	232	65	13	10	2	25
24	543	243	233	67	10	12	6	28
25	544	246	232	66	14	11	3	28
26	544	241	233	70	8	20	8	36
27	544	247	232	65	15	15	4	34
28	540	243	231	66	12	9	5	26
29	542	246	235	61	11	8	1	20
30	541	242	223	76	19	10	4	33
31	543	239	228	76	11	6	3	20
32	545	241	226	78	15	15	6	36
33	545	244	233	68	11	11	4	26
34	539	239	226	74	13	3	5	21
35	538	249	228	61	21	9	5	35
36	546	244	236	66	8	12	2	22
37	547	243	234	70	9	13	3	25
38	546	242	232	72	10	13	2	25
39	543	248	234	61	14	12	2	28
40	546	242	231	73	11	10	4	25
41	548	242	233	73	9	18	5	32
42	543	249	233	61	16	17	4	37
43	545	247	236	62	11	15	2	28
44	546	241	236	69	5	11	2	18
45	542	242	227	73	15	10	3	28
46	541	239	233	69	6	12	8	26
47	543	243	232	68	11	10	5	26
48	546	237	229	80	8	11	2	21
49	541	242	225	74	17	7	4	28
50	548	240	232	76	8	14	0	22
51	546	246	235	65	11	9	1	21
52	544	241	228	75	13	9	1	23
53	547	246	237	64	9	19	4	32
54	544	242	230	72	12	16	5	33
55	546	243	233	70	10	8	2	20
56	538	248	234	56	14	10	5	29
57	544	246	232	66	14	15	3	32
58	542	245	232	65	13	13	4	30
59	543	244	231	68	13	12	4	29
60	544	244	231	69	13	9	3	25
61	544	245	234	65	11	14	2	27
62	546	246	236	64	10	16	2	28
63	544	246	228	70	18	12	5	35
64	542	242	237	63	5	11	5	21
65	542	242	226	74	16	7	4	27
66	544	244	234	66	10	13	7	30
67	540	244	236	60	8	4	3	15
68	542	244	230	68	14	14	6	34
69	546	244	231	71	13	14	2	29
70	546	243	229	74	14	16	4	34
71	544	246	228	70	18	15	2	35
72	541	248	230	63	18	11	2	31
73	550	237	225	88	12	17	2	31
74	548	245	237	66	8	13	1	22
75	539	243	234	62	9	11	9	29
76	543	241	231	71	10	7	2	19
77	545	249	237	59	12	14	1	27
78	543	242	232	69	10	10	4	24
79	543	246	239	58	7	13	5	25
80	543	239	226	78	13	14	7	34
81	546	239	226	81	13	9	3	25
82	548	240	230	78	10	15	3	28
83	542	249	237	56	12	11	3	26
84	546	243	228	75	15	15	3	33
85	543	246	227	70	19	13	3	35
86	546	243	234	69	9	13	2	24
87	549	236	229	84	7	13	4	24
88	547	239	234	74	5	13	3	21
89	541	245	232	64	13	10	5	28
90	542	235	229	78	6	7	6	19
91	545	245	229	71	16	17	4	37
92	542	244	238	60	6	10	5	21
93	545	247	234	64	13	18	2	33
94	543	244	235	64	9	9	4	22
95	545	243	228	74	15	14	6	35
96	546	238	228	80	10	9	5	24
97	546	242	232	72	10	15	2	27
98	544	240	230	74	10	9	3	22
99	545	244	236	65	8	8	4	20
100	541	249	233	59	16	14	6	36
101	545	242	233	70	9	8	2	19
102	545	241	229	75	12	13	3	28
103	542	237	228	77	9	10	7	26
104	540	244	228	68	16	14	7	37
105	542	248	230	64	18	10	2	30
106	545	245	238	62	7	9	2	18
107	543	246	235	62	11	14	4	29
108	543	245	231	67	14	12	2	28
109	541	242	231	68	11	4	3	18
110	546	235	228	83	7	9	2	18
111	545	243	236	66	7	13	4	24
112	543	244	230	69	14	10	2	26
113	545	248	234	63	14	15	1	30
114	539	243	235	61	8	7	5	20
115	546	238	228	80	10	9	2	21
116	543	243	231	69	12	15	5	32
117	545	241	232	72	9	14	4	27
118	545	247	233	65	14	12	2	28
119	543	249	240	54	9	17	3	29
120	542	239	226	77	13	10	4	27
121	550	242	234	74	8	15	3	26
122	542	250	234	58	16	18	4	38
123	543	241	232	70	9	10	6	25
124	550	248	243	59	5	21	3	29
125	540	249	234	57	15	10	3	28
126	550	235	230	85	5	10	3	18
127	541	245	237	59	8	12	6	26
128	543	241	229	73	12	13	7	32
129	538	245	229	64	16	6	5	27
130	543	243	230	70	13	8	2	23
131	546	243	233	70	10	13	4	27
132	545	243	236	66	7	9	3	19
133	543	241	232	70	9	8	6	23
134	547	241	230	76	11	16	3	30
135	543	240	232	71	8	13	7	28
136	544	247	237	60	10	11	2	23
137	543	245	235	63	10	10	4	24
138	547	246	230	71	16	17	3	36
139	543	244	229	70	15	11	2	28
140	545	240	230	75	10	11	2	23
141	546	237	228	81	9	9	1	19
142	544	247	234	63	13	14	2	29
143	544	247	231	66	16	11	2	29
144	543	243	232	68	11	10	3	24
145	542	241	234	67	7	12	6	25
146	542	244	231	67	13	10	5	28
147	542	245	231	66	14	6	4	24
148	543	245	234	64	11	10	2	23
149	540	242	227	71	15	9	6	30
150	545	244	235	66	9	16	2	27
151	545	246	233	66	13	17	3	33
152	544	242	229	73	13	17	5	35
153	543	251	235	57	16	15	2	33
154	544	245	230	69	15	13	3	31
155	545	238	230	77	8	16	8	32
156	538	247	232	59	15	11	7	33
157	545	242	229	74	13	16	5	34
158	546	238	231	77	7	10	3	20
159	545	245	231	69	14	11	2	27
160	543	249	238	56	11	16	5	32
161	545	237	226	82	11	11	5	27
162	543	244	228	71	16	15	4	35
163	546	240	231	75	9	13	3	25
164	545	247	235	63	12	18	3	33
165	542	248	231	63	17	10	2	29
166	541	245	236	60	9	19	8	36
167	543	246	234	63	12	13	3	28
168	544	239	231	74	8	12	4	24
169	546	242	229	75	13	11	1	25
170	541	247	233	61	14	15	6	35
171	542	243	233	66	10	12	5	27
172	542	242	230	70	12	6	2	20
173	542	245	231	66	14	6	2	22
174	549	241	233	75	8	20	4	32
175	542	246	231	65	15	16	5	36
176	543	246	228	69	18	12	3	33
177	545	240	227	78	13	11	3	27
178	550	241	234	75	7	16	3	26
179	544	244	232	68	12	15	4	31
180	545	242	235	68	7	12	4	23
181	543	245	236	62	9	12	3	24
182	549	241	231	77	10	19	2	31
183	544	240	227	77	13	14	6	33
184	540	243	230	67	13	12	7	32
185	542	247	232	63	15	10	1	26
186	546	243	228	75	15	10	2	27
187	542	245	234	63	11	11	6	28
188	540	247	231	62	16	11	4	31
189	543	244	230	69	14	12	3	29
190	545	247	234	64	13	15	2	30
191	543	243	231	69	12	11	5	28
192	541	244	232	65	12	8	5	25
193	545	243	232	70	11	13	3	27
194	545	242	233	70	9	14	5	28
195	544	243	233	68	10	14	4	28
196	546	244	232	70	12	11	1	24
197	544	240	229	75	11	8	1	20
198	543	239	233	71	6	10	7	23
199	544	247	236	61	11	13	1	25
200	543	241	225	77	16	5	2	23
201	543	248	231	64	17	16	4	37
202	540	251	233	56	18	10	3	31
203	542	248	229	65	19	12	1	32
204	547	246	233	68	13	16	1	30
205	541	241	225	75	16	11	7	34
206	541	244	229	68	15	11	6	32
207	543	243	229	71	14	12	4	30
208	543	242	234	67	8	13	5	26
209	544	248	238	58	10	20	4	34
210	543	249	228	66	21	19	2	42
211	541	242	234	65	8	15	8	31
212	543	242	230	71	12	10	3	25
213	543	243	231	69	12	8	3	23
214	544	243	230	71	13	11	3	27
215	544	242	231	71	11	10	3	24
216	547	245	234	68	11	14	2	27
217	544	241	224	79	17	12	3	32
218	543	252	232	59	20	16	4	40
219	545	239	230	76	9	13	4	26
220	543	240	230	73	10	13	8	31
221	544	240	224	80	16	14	4	34
222	543	243	230	70	13	16	7	36
223	545	238	233	74	5	11	4	20
224	544	243	229	72	14	15	3	32
225	541	243	231	67	12	8	3	23
226	547	237	227	83	10	12	2	24
227	544	247	229	68	18	13	0	31
228	546	243	234	69	9	11	1	21
229	545	238	224	83	14	10	2	26
230	542	248	238	56	10	12	2	24
231	548	239	225	84	14	19	5	38
232	541	245	229	67	16	6	4	26
233	543	248	228	67	20	14	2	36
234	546	238	227	81	11	11	6	28
235	544	248	237	59	11	11	1	23
236	541	245	232	64	13	7	5	25
237	541	243	229	69	14	11	6	31
238	544	242	230	72	12	9	1	22
239	542	240	225	77	15	8	5	28
240	544	242	229	73	13	17	5	35
241	544	239	234	71	5	9	4	18
242	539	243	219	77	24	8	4	36
243	545	241	234	70	7	10	5	22
244	541	247	228	66	19	9	2	30
245	545	244	234	67	10	9	1	20
246	543	243	228	72	15	11	3	29
247	541	245	230	66	15	10	3	28
248	544	242	234	68	8	10	3	21
249	544	243	231	70	12	12	6	30
250	548	241	228	79	13	14	1	28
251	541	244	234	63	10	8	4	22
252	541	241	229	71	12	5	5	22
253	545	238	227	80	11	14	5	30
254	542	244	230	68	14	12	4	30
255	547	243	230	74	13	14	0	27
256	541	242	225	74	17	8	4	29
257	545	240	229	76	11	10	2	23
258	547	244	231	72	13	13	1	27
259	542	241	229	72	12	13	7	32
260	544	243	231	70	12	14	5	31
261	547	243	227	77	16	16	2	34
262	539	250	227	62	23	14	5	42
263	546	245	230	71	15	9	1	25
264	546	244	230	72	14	16	2	32
265	543	243	231	69	12	5	1	18
266	542	240	229	73	11	8	6	25
267	542	242	234	66	8	11	5	24
268	544	243	231	70	12	11	6	29
269	543	245	231	67	14	14	6	34
270	542	246	233	63	13	9	3	25
271	545	244	225	76	19	12	2	33
272	544	241	225	78	16	10	3	29
273	542	246	234	62	12	10	4	26
274	543	245	233	65	12	8	2	22
275	545	241	231	73	10	16	5	31
276	537	246	231	60	15	11	7	33
277	547	246	237	64	9	13	0	22
278	545	244	227	74	17	20	6	43
279	544	246	236	62	10	12	2	24
280	546	245	236	65	9	15	2	26
281	538	248	233	57	15	4	4	23
282	539	244	225	70	19	8	5	32
283	547	245	230	72	15	16	1	32
284	543	244	232	67	12	11	3	26
285	541	245	235	61	10	12	4	26
286	541	242	229	70	13	13	7	33
287	542	246	236	60	10	10	5	25
288	547	240	232	75	8	14	3	25
289	545	240	226	79	14	12	3	29
290	547	241	231	75	10	14	3	27
291	545	242	229	74	13	11	2	26
292	542	246	232	64	14	15	5	34
293	540	244	230	66	14	11	5	30
294	546	245	232	69	13	21	5	39
295	542	242	234	66	8	8	4	20
296	544	241	228	75	13	12	4	29
297	545	239	232	74	7	10	4	21
298	547	245	233	69	12	14	2	28
299	545	240	228	77	12	11	5	28
300	543	245	233	65	12	10	3	25
301	540	242	231	67	11	6	4	21
302	545	242	228	75	14	14	2	30
303	545	244	233	68	11	11	0	22
304	544	241	229	74	12	11	4	27
305	535	247	230	58	17	9	9	35
306	542	245	234	63	11	10	4	25
307	540	245	229	66	16	11	5	32
308	543	239	228	76	11	9	3	23
309	546	241	229	76	12	18	4	34
310	545	245	232	68	13	16	4	33
311	546	245	236	65	9	16	4	29
312	547	246	235	66	11	17	2	30
313	545	245	233	67	12	11	1	24
314	541	246	233	62	13	11	4	28
315	545	245	235	65	10	16	3	29
316	541	247	232	62	15	9	2	26
317	543	244	231	68	13	14	4	31
318	544	247	231	66	16	19	3	38
319	538	249	229	60	20	10	7	37
320	542	248	234	60	14	11	3	28
321	545	243	233	69	10	14	3	27
322	541	243	229	69	14	10	4	28
323	543	245	234	64	11	13	3	27
324	545	245	233	67	12	14	3	29
325	545	249	237	59	12	12	1	25
326	538	246	233	59	13	4	5	22
327	546	246	240	60	6	16	2	24
328	548	239	232	77	7	12	3	22
329	542	249	232	61	17	17	5	39
330	544	246	233	65	13	13	3	29
331	547	241	234	72	7	13	5	25
332	543	241	230	72	11	11	5	27
333	540	250	237	53	13	12	4	29
334	545	236	222	87	14	11	4	29
335	543	247	233	63	14	13	4	31
336	544	243	227	74	16	14	4	34
337	542	241	235	66	6	9	7	22
338	541	245	232	64	13	10	4	27
339	547	241	231	75	10	15	2	27
340	546	240	231	75	9	13	1	23
341	542	235	224	83	11	8	6	25
342	546	245	235	66	10	15	2	27
343	544	244	231	69	13	13	2	28
344	541	238	224	79	14	7	6	27
345	537	246	230	61	16	7	7	30
346	542	243	228	71	15	10	4	29
347	538	244	231	63	13	6	5	24
348	538	241	224	73	17	9	7	33
349	542	239	226	77	13	6	5	24
350	545	239	230	76	9	11	5	25
351	544	241	232	71	9	18	5	32
352	543	242	223	78	19	8	3	30
353	539	250	232	57	18	11	3	32
354	545	240	227	78	13	9	1	23
355	542	246	232	64	14	14	4	32
356	545	243	229	73	14	16	4	34
357	540	249	234	57	15	9	4	28
358	543	241	230	72	11	11	4	26
359	544	245	236	63	9	16	4	29
360	544	245	229	70	16	14	4	34
361	542	245	234	63	11	6	2	19
362	541	239	229	73	10	6	6	22
363	544	245	231	68	14	11	1	26
364	545	242	226	77	16	10	2	28
365	541	243	232	66	11	10	6	27
366	542	244	231	67	13	12	5	30
367	545	244	231	70	13	11	5	29
368	542	249	232	61	17	15	3	35
369	541	245	227	69	18	15	6	39
370	548	238	227	83	11	15	3	29
371	549	240	232	77	8	12	1	21
372	544	245	233	66	12	13	4	29
373	545	242	231	72	11	14	3	28
374	543	249	231	63	18	16	3	37
375	542	243	231	68	12	10	4	26
376	545	240	223	82	17	11	4	32
377	543	249	237	57	12	12	3	27
378	547	245	232	70	13	14	1	28
379	542	243	235	64	8	8	3	19
380	540	241	231	68	10	11	7	28
381	542	241	230	71	11	9	5	25
382	544	241	231	72	10	12	4	26
383	550	244	235	71	9	22	2	33
384	544	242	231	71	11	13	5	29
385	542	248	235	59	13	11	3	27
386	545	243	235	67	8	11	3	22
387	543	249	238	56	11	12	2	25
388	546	246	232	68	14	12	0	26
389	539	250	233	56	17	10	4	31
390	542	245	231	66	14	12	3	29
391	542	242	226	74	16	9	4	29
392	537	245	226	66	19	12	9	40
393	546	241	232	73	9	14	3	26
394	543	245	230	68	15	12	3	30
395	544	239	230	75	9	10	4	23
396	544	242	233	69	9	14	6	29
397	546	244	239	63	5	12	1	18
398	547	245	238	64	7	20	5	32
399	548	243	233	72	10	10	2	22
400	542	243	228	71	15	12	5	32
401	544	235	225	84	10	7	5	22
402	542	242	234	66	8	9	4	21
403	542	243	231	68	12	11	5	28
404	546	244	234	68	10	18	4	32
405	547	244	235	68	9	19	3	31
406	544	244	235	65	9	19	5	33
407	545	243	230	72	13	20	4	37
408	544	239	231	74	8	4	3	15
409	543	247	232	64	15	13	2	30
410	544	246	234	64	12	12	2	26
411	543	244	227	72	17	16	8	41
412	544	243	232	69	11	12	2	25
413	544	239	226	79	13	11	4	28
414	544	247	227	70	20	18	5	43
415	547	240	229	78	11	15	2	28
416	545	242	228	75	14	12	3	29
417	541	248	230	63	18	11	3	32
418	540	242	233	65	9	10	7	26
419	544	241	229	74	12	13	5	30
420	542	243	229	70	14	9	4	27
421	542	244	236	62	8	13	5	26
422	540	247	230	63	17	8	3	28
423	548	243	236	69	7	14	1	22
424	542	248	232	62	16	14	5	35
425	542	246	228	68	18	7	1	26
426	542	244	234	64	10	10	4	24
427	547	242	231	74	11	13	3	27
428	544	240	231	73	9	8	2	19
429	545	237	228	80	9	12	4	25
430	542	244	233	65	11	10	4	25
431	547	247	230	70	17	12	1	30
432	541	247	234	60	13	12	4	29
433	541	246	230	65	16	8	2	26
434	541	245	230	66	15	4	4	23
435	541	243	232	66	11	12	5	28
436	541	241	230	70	11	9	6	26
437	544	244	229	71	15	11	3	29
438	546	245	232	69	13	18	2	33
439	543	249	231	63	18	12	2	32
440	548	240	236	72	4	13	2	19
441	544	238	226	80	12	10	7	29
442	544	242	230	72	12	13	3	28
443	543	245	232	66	13	10	4	27
444	538	247	228	63	19	8	5	32
445	544	245	234	65	11	12	3	26
446	546	245	232	69	13	16	2	31
447	544	248	237	59	11	17	3	31
448	543	243	227	73	16	11	2	29
449	542	245	235	62	10	14	6	30
450	546	242	232	72	10	15	3	28
451	542	246	228	68	18	12	2	32
452	541	246	235	60	11	11	4	26
453	546	244	236	66	8	13	2	23
454	543	244	233	66	11	13	3	27
455	539	246	233	60	13	7	4	24
456	542	241	225	76	16	9	3	28
457	542	244	228	70	16	10	4	30
458	545	245	227	73	18	12	1	31
459	544	246	236	62	10	7	2	19
460	545	244	230	71	14	10	3	27
461	540	243	232	65	11	8	4	23
462	545	238	233	74	5	7	2	14
463	547	246	231	70	15	16	2	33
464	542	245	233	64	12	15	6	33
465	547	245	230	72	15	14	3	32
466	539	244	232	63	12	7	6	25
467	540	246	232	62	14	9	6	29
468	546	240	233	73	7	14	3	24
469	543	240	229	74	11	11	5	27
470	541	239	230	72	9	9	5	23
471	545	246	239	60	7	15	5	27
472	545	243	231	71	12	9	2	23
473	546	244	237	65	7	16	1	24
474	546	241	231	74	10	11	0	21
475	541	245	232	64	13	14	6	33
476	545	240	234	71	6	10	4	20
477	546	248	234	64	14	14	1	29
478	545	242	235	68	7	15	4	26
479	548	244	235	69	9	21	2	32
480	542	244	235	63	9	11	5	25
481	544	243	234	67	9	10	5	24
482	544	244	230	70	14	8	1	23
483	548	242	231	75	11	19	4	34
484	538	245	226	67	19	5	4	28
485	547	243	236	68	7	11	3	21
486	545	248	240	57	8	17	4	29
487	547	242	231	74	11	8	2	21
488	541	241	230	70	11	11	6	28
489	547	242	235	70	7	17	4	28
490	549	247	238	64	9	15	1	25
491	543	242	231	70	11	5	4	20
492	549	244	233	72	11	18	1	30
493	542	243	229	70	14	11	5	30
494	546	246	235	65	11	17	3	31
495	541	247	224	70	23	14	4	41
496	546	239	226	81	13	12	5	30
497	541	251	238	52	13	14	4	31
498	548	242	232	74	10	10	1	21
499	545	241	232	72	9	10	2	21
500	542	241	226	75	15	14	6	35
501	541	246	227	68	19	16	8	43
502	543	245	237	61	8	15	4	27
503	544	246	236	62	10	17	3	30
504	541	247	234	60	13	11	7	31
505	542	246	228	68	18	13	6	37
506	540	247	235	58	12	9	5	26
507	541	242	227	72	15	9	5	29
508	545	241	229	75	12	11	1	24
509	543	242	228	73	14	15	5	34
510	546	247	237	62	10	16	3	29
511	543	244	230	69	14	6	5	25
512	540	244	232	64	12	10	7	29
513	546	242	232	72	10	10	3	23
514	547	243	233	71	10	18	1	29
515	543	244	232	67	12	11	4	27
516	541	243	232	66	11	5	3	19
517	543	242	231	70	11	9	5	25
518	542	246	231	65	15	9	1	25
519	545	244	230	71	14	15	3	32
520	546	240	231	75	9	11	4	24
521	542	242	231	69	11	11	6	28
522	543	246	233	64	13	9	2	24
523	544	240	227	77	13	8	1	22
524	540	243	224	73	19	11	7	37
525	541	247	233	61	14	14	5	33
526	545	243	233	69	10	10	2	22
527	541	249	233	59	16	10	3	29
528	542	246	235	61	11	10	3	24
529	544	244	231	69	13	15	4	32
530	541	244	226	71	18	6	4	28
531	538	246	229	63	17	7	4	28
532	544	244	233	67	11	13	3	27
533	543	244	233	66	11	10	2	23
534	546	245	229	72	16	12	0	28
535	545	240	229	76	11	9	4	24
536	543	247	231	65	16	14	2	32
537	544	242	232	70	10	12	4	26
538	538	244	230	64	14	10	8	32
539	544	245	228	71	17	12	2	31
540	544	244	232	68	12	9	1	22
541	543	241	231	71	10	13	4	27
542	544	241	227	76	14	11	4	29
543	540	250	230	60	20	10	2	32
544	547	240	233	74	7	11	3	21
545	540	241	224	75	17	7	6	30
546	544	246	234	64	12	10	0	22
547	545	249	232	64	17	14	0	31
548	541	244	230	67	14	13	5	32
549	540	241	225	74	16	7	6	29
550	543	242	229	72	13	14	5	32
551	542	241	233	68	8	7	3	18
552	546	244	236	66	8	20	3	31
553	543	244	229	70	15	10	2	27
554	542	241	227	74	14	9	4	27
555	542	246	232	64	14	11	5	30
556	543	244	228	71	16	8	2	26
557	542	243	227	72	16	10	5	31
558	545	238	232	75	6	15	5	26
559	542	246	233	63	13	9	2	24
560	545	242	236	67	6	14	4	24
561	543	245	231	67	14	13	3	30
562	541	248	230	63	18	10	1	29
563	540	248	233	59	15	8	3	26
564	544	249	232	63	17	20	5	42
565	543	240	234	69	6	15	8	29
566	542	247	232	63	15	16	4	35
567	544	247	233	64	14	15	3	32
568	547	238	231	78	7	12	5	24
569	543	240	231	72	9	13	5	27
570	542	243	234	65	9	14	6	29
571	545	241	233	71	8	14	5	27
572	540	250	228	62	22	13	2	37
573	546	242	232	72	10	14	3	27
574	543	244	233	66	11	16	7	34
575	544	246	231	67	15	12	3	30
576	544	244	236	64	8	12	4	24
577	545	239	232	74	7	5	2	14
578	546	243	233	70	10	10	1	21
579	542	244	228	70	16	11	4	31
580	544	245	231	68	14	10	1	25
581	547	245	233	69	12	18	5	35
582	543	244	235	64	9	13	3	25
583	545	246	234	65	12	18	4	34
584	540	244	226	70	18	12	5	35
585	543	247	237	59	10	13	3	26
586	542	239	229	74	10	7	5	22
587	545	245	232	68	13	8	0	21
588	538	244	233	61	11	11	8	30
589	542	238	233	71	5	10	7	22
590	544	242	228	74	14	9	1	24
591	543	249	233	61	16	15	2	33
592	543	247	231	65	16	13	6	35
593	543	246	233	64	13	10	1	24
594	539	248	230	61	18	9	5	32
595	545	245	228	72	17	11	5	33
596	544	242	235	67	7	9	1	17
597	544	241	229	74	12	8	2	22
598	547	246	228	73	18	23	3	44
599	544	246	234	64	12	16	5	33
600	544	242	236	66	6	11	4	21
601	547	241	233	73	8	7	2	17
602	542	243	228	71	15	6	1	22
603	546	244	231	71	13	16	2	31
604	543	240	227	76	13	11	5	29
605	539	245	229	65	16	8	4	28
606	544	245	231	68	14	14	3	31
607	543	241	232	70	9	7	2	18
608	542	242	230	70	12	15	6	33
609	546	242	232	72	10	21	4	35
610	545	246	236	63	10	11	1	22
611	545	245	233	67	12	11	1	24
612	544	244	234	66	10	9	4	23
613	541	244	228	69	16	12	4	32
614	542	243	228	71	15	17	6	38
615	544	245	234	65	11	10	1	22
616	543	243	232	68	11	10	3	24
617	545	243	230	72	13	16	3	32
618	542	245	230	67	15	10	3	28
619	547	242	233	72	9	13	2	24
620	545	241	226	78	15	13	4	32
621	544	243	235	66	8	15	7	30
622	544	243	228	73	15	15	5	35
623	544	243	230	71	13	10	2	25
624	544	247	234	63	13	7	1	21
625	548	243	232	73	11	16	3	30
626	544	245	233	66	12	10	2	24
627	548	243	227	78	16	18	2	36
628	542	243	233	66	10	6	4	20
629	540	246	229	65	17	8	4	29
630	546	243	231	72	12	17	5	34
631	544	243	230	71	13	15	7	35
632	543	247	237	59	10	11	1	22
633	542	247	228	67	19	11	2	32
634	544	244	231	69	13	13	4	30
635	540	244	227	69	17	9	3	29
636	541	246	230	65	16	6	1	23
637	545	240	229	76	11	9	4	24
638	548	244	236	68	8	14	0	22
639	542	239	228	75	11	8	5	24
640	545	241	229	75	12	11	5	28
641	542	239	225	78	14	13	6	33
642	546	242	230	74	12	13	2	27
643	543	245	234	64	11	8	1	20
644	541	246	235	60	11	12	6	29
645	546	240	230	76	10	12	2	24
646	544	246	234	64	12	13	3	28
647	545	241	232	72	9	9	2	20
648	546	240	230	76	10	13	3	26
649	543	246	233	64	13	12	4	29
650	542	246	229	67	17	9	2	28
651	542	244	231	67	13	8	3	24
652	542	243	230	69	13	12	3	28
653	541	242	235	64	7	8	5	20
654	545	236	225	84	11	7	5	23
655	542	243	232	67	11	6	2	19
656	547	244	233	70	11	16	1	28
657	544	241	228	75	13	13	5	31
658	546	245	232	69	13	11	1	25
659	546	245	237	64	8	17	3	28
660	546	242	227	77	15	12	2	29
661	539	245	230	64	15	8	5	28
662	545	241	227	77	14	15	5	34
663	542	246	230	66	16	11	2	29
664	545	244	231	70	13	15	3	31
665	547	248	233	66	15	18	2	35
666	548	244	237	67	7	16	1	24
667	543	246	236	61	10	12	3	25
668	541	244	226	71	18	9	4	31
669	542	242	232	68	10	10	5	25
670	542	248	234	60	14	13	4	31
671	543	240	232	71	8	8	4	20
672	538	247	229	62	18	10	6	34
673	540	245	226	69	19	17	8	44
674	545	238	229	78	9	11	6	26
675	550	238	230	82	8	15	1	24
676	547	242	228	77	14	15	2	31
677	547	244	233	70	11	20	4	35
678	545	241	228	76	13	11	5	29
679	542	243	232	67	11	13	5	29
680	539	242	230	67	12	6	5	23
681	544	240	227	77	13	15	7	35
682	546	242	235	69	7	13	4	24
683	539	247	234	58	13	8	4	25
684	543	244	231	68	13	12	3	28
685	544	241	227	76	14	8	1	23
686	546	245	239	62	6	19	2	27
687	543	246	235	62	11	15	4	30
688	543	243	230	70	13	10	3	26
689	543	245	233	65	12	10	2	24
690	543	243	229	71	14	10	5	29
691	543	240	224	79	16	6	5	27
692	543	253	236	54	17	22	5	44
693	542	246	231	65	15	14	5	34
694	539	242	230	67	12	6	5	23
695	545	243	233	69	10	16	4	30
696	542	244	234	64	10	12	6	28
697	544	245	235	64	10	13	3	26
698	544	239	228	77	11	13	4	28
699	544	249	234	61	15	13	1	29
700	547	247	229	71	18	16	3	37
701	545	241	227	77	14	18	5	37
702	538	245	233	60	12	6	6	24
703	541	238	226	77	12	12	7	31
704	542	247	235	60	12	18	9	39
705	543	244	231	68	13	11	3	27
706	545	245	236	64	9	13	2	24
707	543	243	230	70	13	9	3	25
708	546	242	230	74	12	10	1	23
709	541	244	232	65	12	7	3	22
710	546	247	236	63	11	16	2	29
711	542	244	236	62	8	4	2	14
712	544	240	227	77	13	5	2	20
713	542	240	228	74	12	10	6	28
714	542	245	228	69	17	12	3	32
715	545	243	229	73	14	15	6	35
716	541	245	233	63	12	11	4	27
717	545	247	239	59	8	11	1	20
718	547	241	233	73	8	12	3	23
719	547	240	231	76	9	14	3	26
720	545	246	235	64	11	13	1	25
721	545	243	230	72	13	11	1	25
722	543	244	234	65	10	16	5	31
723	543	243	235	65	8	9	2	19
724	543	241	228	74	13	16	6	35
725	548	245	233	70	12	20	2	34
726	545	244	235	66	9	17	4	30
727	545	243	233	69	10	12	4	26
728	544	246	235	63	11	15	2	28
729	545	246	234	65	12	15	2	29
730	542	241	227	74	14	12	6	32
731	542	247	235	60	12	10	3	25
732	540	249	232	59	17	9	2	28
733	547	239	227	81	12	13	3	28
734	542	244	229	69	15	5	1	21
735	548	242	232	74	10	22	4	36
736	542	254	231	57	23	12	2	37
737	546	239	230	77	9	10	3	22
738	539	244	232	63	12	7	5	24
739	537	243	231	63	12	8	9	29
740	540	242	225	73	17	14	6	37
741	543	239	225	79	14	10	4	28
742	546	239	231	76	8	12	3	23
743	541	248	237	56	11	6	2	19
744	545	241	227	77	14	9	2	25
745	541	243	222	76	21	15	9	45
746	547	242	231	74	11	16	3	30
747	543	250	234	59	16	12	2	30
748	544	245	231	68	14	14	3	31
749	542	247	230	65	17	15	6	38
750	538	247	232	59	15	11	7	33
751	545	241	228	76	13	10	2	25
752	545	243	235	67	8	16	4	28
753	545	240	229	76	11	15	4	30
754	543	250	234	59	16	16	1	33
755	543	245	229	69	16	13	3	32
756	546	243	227	76	16	12	2	30
757	541	244	226	71	18	9	4	31
758	548	239	228	81	11	16	2	29
759	541	246	236	59	10	10	6	26
760	544	243	230	71	13	12	3	28
761	544	243	232	69	11	11	3	25
762	546	237	230	79	7	9	2	18
763	545	243	231	71	12	14	2	28
764	544	242	228	74	14	12	4	30
765	544	243	233	68	10	8	0	18
766	545	243	228	74	15	13	3	31
767	543	243	232	68	11	13	5	29
768	539	241	227	71	14	8	5	27
769	546	244	238	64	6	13	3	22
770	543	238	225	80	13	7	4	24
771	542	247	231	64	16	9	4	29
772	541	245	230	66	15	9	2	26
773	546	243	232	71	11	15	2	28
774	542	245	233	64	12	14	5	31
775	539	245	229	65	16	7	5	28
776	542	245	228	69	17	11	3	31
777	543	242	229	72	13	7	3	23
778	546	244	232	70	12	15	2	29
779	541	246	229	66	17	10	3	30
780	543	242	226	75	16	8	3	27
781	548	243	234	71	9	16	1	26
782	541	245	228	68	17	13	5	35
783	544	245	238	61	7	11	1	19
784	545	247	230	68	17	19	3	39
785	541	245	232	64	13	9	4	26
786	546	247	236	63	11	16	2	29
787	547	239	231	77	8	13	5	26
788	543	243	231	69	12	11	5	28
789	543	241	225	77	16	6	4	26
790	545	239	227	79	12	9	4	25
791	547	241	229	77	12	13	1	26
792	547	245	234	68	11	16	1	28
793	545	242	232	71	10	11	2	23
794	542	243	225	74	18	9	3	30
795	543	241	230	72	11	9	4	24
796	544	243	236	65	7	11	4	22
797	546	244	238	64	6	18	2	26
798	542	239	229	74	10	8	8	26
799	541	241	224	76	17	10	6	33
800	544	242	233	69	9	9	3	21
801	544	249	242	53	7	14	1	22
802	545	245	234	66	11	13	2	26
803	544	245	229	70	16	11	2	29
804	542	241	230	71	11	8	5	24
805	542	243	230	69	13	4	2	19
806	545	239	229	77	10	9	3	22
807	542	247	233	62	14	8	2	24
808	544	242	234	68	8	12	4	24
809	546	241	228	77	13	13	2	28
810	545	245	233	67	12	14	2	28
811	541	249	237	55	12	14	3	29
812	542	245	231	66	14	18	6	38
813	544	243	231	70	12	10	1	23
814	543	239	227	77	12	9	5	26
815	544	247	237	60	10	10	3	23
816	546	236	223	87	13	12	3	28
817	547	239	231	77	8	14	2	24
818	543	243	232	68	11	14	6	31
819	543	240	231	72	9	11	5	25
820	545	246	234	65	12	8	2	22
821	542	248	232	62	16	15	3	34
822	542	242	228	72	14	10	4	28
823	548	238	234	76	4	11	1	16
824	547	241	230	76	11	11	0	22
825	543	246	232	65	14	12	3	29
826	546	243	235	68	8	12	2	22
827	542	246	232	64	14	11	4	29
828	546	241	234	71	7	17	5	29
829	542	239	226	77	13	10	5	28
830	542	247	240	55	7	11	4	22
831	542	243	228	71	15	12	3	30
832	547	238	230	79	8	12	3	23
833	540	242	229	69	13	11	9	33
834	541	246	227	68	19	11	3	33
835	547	240	232	75	8	14	3	25
836	545	240	230	75	10	12	3	25
837	543	244	232	67	12	15	5	32
838	545	243	229	73	14	11	1	26
839	545	240	232	73	8	10	3	21
840	542	244	229	69	15	7	3	25
841	540	251	234	55	17	12	4	33
842	542	241	229	72	12	11	5	28
843	542	245	234	63	11	10	3	24
844	546	246	228	72	18	13	2	33
845	541	243	232	66	11	4	4	19
846	545	242	232	71	10	13	3	26
847	543	243	232	68	11	12	6	29
848	541	246	235	60	11	10	5	26
849	546	244	236	66	8	13	1	22
850	546	246	234	66	12	14	2	28
851	542	245	235	62	10	15	7	32
852	543	244	235	64	9	11	2	22
853	547	242	235	70	7	15	1	23
854	542	246	234	62	12	14	6	32
855	543	243	230	70	13	6	2	21
856	545	237	229	79	8	12	5	25
857	543	247	236	60	11	13	4	28
858	544	244	235	65	9	11	2	22
859	544	241	229	74	12	12	3	27
860	542	244	230	68	14	9	3	26
861	548	242	234	72	8	17	2	27
862	546	239	229	78	10	13	2	25
863	542	241	231	70	10	12	4	26
864	548	244	234	70	10	19	4	33
865	546	242	233	71	9	18	5	32
866	545	246	234	65	12	15	1	28
867	539	245	228	66	17	6	5	28
868	538	249	233	56	16	16	6	38
869	542	249	238	55	11	15	4	30
870	543	240	235	68	5	8	6	19
871	543	244	233	66	11	8	4	23
872	543	250	231	62	19	17	3	39
873	543	248	228	67	20	15	1	36
874	545	244	232	69	12	13	2	27
875	542	245	237	60	8	7	2	17
876	542	242	230	70	12	5	3	20
877	542	241	234	67	7	8	5	20
878	545	239	228	78	11	11	3	25
879	542	245	237	60	8	18	7	33
880	541	246	236	59	10	10	4	24
881	544	243	229	72	14	14	3	31
882	544	246	235	63	11	13	1	25
883	543	242	226	75	16	12	5	33
884	547	246	233	68	13	20	3	36
885	545	240	232	73	8	9	3	20
886	538	243	231	64	12	4	4	20
887	544	238	230	76	8	13	5	26
888	545	244	235	66	9	8	3	20
889	547	239	226	82	13	10	0	23
890	542	247	233	62	14	15	4	33
891	547	243	231	73	12	11	1	24
892	541	244	222	75	22	8	6	36
893	546	246	239	61	7	13	3	23
894	543	247	233	63	14	13	4	31
895	545	246	231	68	15	15	3	33
896	546	240	231	75	9	12	1	22
897	546	244	234	68	10	14	1	25
898	545	245	235	65	10	11	2	23
899	541	243	232	66	11	13	5	29
900	540	244	226	70	18	10	6	34
901	540	242	224	74	18	12	6	36
902	541	242	230	69	12	9	5	26
903	544	247	233	64	14	15	2	31
904	543	248	223	72	25	14	2	41
905	541	242	232	67	10	10	8	28
906	542	247	234	61	13	12	3	28
907	542	244	227	71	17	9	2	28
908	541	248	235	58	13	14	4	31
909	542	248	232	62	16	12	2	30
910	542	243	234	65	9	12	4	25
911	544	246	233	65	13	12	2	27
912	542	243	231	68	12	12	5	29
913	542	249	227	66	22	12	2	36
914	544	248	232	64	16	13	2	31
915	543	249	234	60	15	13	3	31
916	543	243	229	71	14	10	3	27
917	544	240	224	80	16	9	4	29
918	542	248	232	62	16	8	2	26
919	542	246	229	67	17	10	2	29
920	546	243	231	72	12	12	1	25
921	546	240	227	79	13	12	2	27
922	545	248	235	62	13	17	4	34
923	543	244	230	69	14	11	3	28
924	546	245	229	72	16	11	0	27
925	544	239	230	75	9	11	4	24
926	546	247	235	64	12	14	3	29
927	540	249	232	59	17	13	5	35
928	539	245	223	71	22	10	5	37
929	547	244	232	71	12	20	3	35
930	541	240	228	73	12	10	7	29
931	544	246	239	59	7	14	3	24
932	543	244	233	66	11	12	3	26
933	541	237	223	81	14	9	7	30
934	542	246	232	64	14	14	7	35
935	544	242	235	67	7	12	5	24
936	545	239	229	77	10	13	4	27
937	543	240	227	76	13	14	6	33
938	544	245	232	67	13	12	2	27
939	543	248	230	65	18	13	3	34
940	544	243	235	66	8	10	2	20
941	546	245	231	70	14	14	0	28
942	542	239	231	72	8	8	5	21
943	544	246	231	67	15	13	3	31
944	537	243	223	71	20	4	5	29
945	542	248	237	57	11	8	3	22
946	543	242	234	67	8	8	5	21
947	542	250	234	58	16	12	1	29
948	542	242	235	65	7	8	5	20
949	539	244	234	61	10	10	9	29
950	548	240	231	77	9	16	3	28
951	544	246	230	68	16	12	0	28
952	544	244	229	71	15	14	4	33
953	542	242	228	72	14	10	4	28
954	545	237	228	80	9	11	4	24
955	543	245	233	65	12	12	3	27
956	544	243	226	75	17	12	4	33
957	540	247	229	64	18	12	5	35
958	542	243	228	71	15	10	5	30
959	542	248	234	60	14	14	5	33
960	541	249	233	59	16	13	3	32
961	542	242	230	70	12	12	6	30
962	546	246	230	70	16	13	1	30
963	545	247	234	64	13	16	3	32
964	546	241	229	76	12	10	2	24
965	546	240	230	76	10	13	3	26
966	543	246	234	63	12	17	4	33
967	544	242	231	71	11	16	5	32
968	541	246	225	70	21	11	4	36
969	545	243	227	75	16	11	2	29
970	544	243	236	65	7	8	2	17
971	547	244	234	69	10	14	1	25
972	545	248	233	64	15	15	3	33
973	545	247	228	70	19	16	3	38
974	545	245	236	64	9	13	2	24
975	543	250	231	62	19	15	3	37
976	544	244	228	72	16	19	7	42
977	544	243	231	70	12	9	2	23
978	545	244	235	66	9	13	2	24
979	549	243	233	73	10	15	1	26
980	549	237	228	84	9	11	1	21
981	545	243	236	66	7	17	5	29
982	540	245	227	68	18	9	3	30
983	544	248	233	63	15	14	5	34
984	544	250	236	58	14	17	3	34
985	541	246	233	62	13	10	3	26
986	549	243	231	75	12	18	2	32
987	543	240	229	74	11	7	5	23
988	542	246	234	62	12	9	3	24
989	543	247	228	68	19	16	3	38
990	544	245	233	66	12	12	3	27
991	544	243	227	74	16	11	4	31
992	546	240	229	77	11	12	3	26
993	542	250	238	54	12	12	2	26
994	548	243	234	71	9	20	2	31
995	542	245	231	66	14	10	4	28
996	546	239	227	80	12	11	5	28
997	547	243	237	67	6	18	3	27
998	544	246	235	63	11	12	2	25
999	546	237	230	79	7	13	4	24
1000	544	239	229	76	10	10	4	24
