1	249.8069	246	249.8069	0.0169	0.0728	34.0000
2	248.6821	246	248.6821	0.0725	0.1013	33.0000
3	247.3494	248	247.3494	0.1849	0.4194	37.0000
4	247.5993	244	247.5993	0.1138	0.1816	37.0000
5	247.5576	252	247.5576	0.0223	0.0728	33.0000
6	240.4144	237	240.4144	0.1581	0.2777	33.0000
7	249.5360	242	249.5360	0.2023	0.2220	39.0000
8	245.7670	235	245.7670	0.0567	0.0728	41.0000
9	247.3289	242	247.3289	0.0741	0.1186	38.0000
10	250.3692	245	250.3692	0.0885	0.2079	38.0000
11	246.4956	246	246.4956	0.0253	0.2269	32.0000
12	245.3710	246	245.3710	0.0263	0.1771	32.0000
13	245.2877	242	245.2877	0.0138	0.1719	35.0000
14	245.6416	241	245.6416	0.0846	0.2459	37.0000
15	246.8495	242	246.8495	0.2512	0.2548	36.0000
16	248.2453	237	248.2453	0.2154	0.3624	43.0000
17	247.4117	242	247.4117	0.1665	0.2068	39.0000
18	239.6229	238	239.6229	0.0179	0.2370	33.0000
19	247.5366	246	247.5366	0.1536	0.2035	34.0000
20	242.8093	239	242.8093	0.0932	0.1816	35.0000
21	244.4756	241	244.4756	0.1003	0.1771	37.0000
22	244.1004	242	244.1004	0.4279	0.4372	33.0000
23	244.9754	242	244.9754	0.1521	0.1816	34.0000
24	244.0170	245	244.0170	0.0241	0.2311	30.0000
25	249.3279	249	249.3279	0.0742	0.1289	33.0000
26	247.3493	245	247.3493	0.2316	0.2777	33.0000
27	240.7059	236	240.7059	0.0014	0.2736	35.0000
28	248.0992	247	248.0992	0.2148	0.3589	33.0000
29	249.0153	247	249.0153	0.3302	0.3712	37.0000
30	244.6420	241	244.6420	0.1451	0.1929	36.0000
31	245.4541	244	245.4541	0.2846	0.3549	36.0000
32	248.6820	245	248.6820	0.1315	0.2609	38.0000
33	246.0579	244	246.0579	0.0612	0.0728	37.0000
34	249.7859	243	249.7859	0.0142	0.0728	40.0000
35	250.1604	252	250.1604	0.1574	0.1719	39.0000
36	239.6853	243	239.6853	0.1421	0.1510	29.0000
37	248.9941	248	248.9941	0.0538	0.1557	39.0000
38	250.4109	248	250.4109	0.0840	0.1289	38.0000
39	248.4112	246	248.4112	0.1691	0.1816	33.0000
40	245.3499	239	245.3499	0.0900	0.2068	40.0000
41	250.0570	243	250.0570	0.0700	0.1289	37.0000
42	243.1216	243	243.1216	0.0247	0.1289	34.0000
43	247.0784	247	247.0784	0.0500	0.2023	33.0000
44	249.1820	251	249.1820	0.1690	0.1771	33.0000
45	238.0400	237	238.0400	0.0130	0.2311	35.0000
46	243.8919	242	243.8919	0.0654	0.0906	37.0000
47	246.7038	245	246.7038	0.1904	0.2068	35.0000
48	245.9331	246	245.9331	0.0439	0.0728	34.0000
49	250.2859	251	250.2859	0.1362	0.1771	32.0000
50	239.3104	235	239.3104	0.0109	0.0434	36.0000
51	239.6651	235	239.6651	0.1553	0.1557	34.0000
52	248.5573	247	248.5573	0.1602	0.2311	32.0000
53	234.7292	230	234.7292	0.2747	0.3095	33.0000
54	245.7041	242	245.7041	0.0359	0.0618	39.0000
55	250.2023	252	250.2023	0.1175	0.1557	31.0000
56	242.6634	239	242.6634	0.0162	0.2068	37.0000
57	243.1630	235	243.1630	0.0287	0.1013	39.0000
58	250.1402	242	250.1402	0.2736	0.2777	41.0000
59	243.4131	238	243.4131	0.0172	0.0434	36.0000
60	243.1841	240	243.1841	0.0271	0.2311	34.0000
61	248.7651	249	248.7651	0.0394	0.0963	32.0000
62	248.1407	248	248.1407	0.1625	0.2133	37.0000
63	250.1400	248	250.1400	0.0453	0.1289	33.0000
64	245.9126	244	245.9126	0.1390	0.2023	34.0000
65	245.6412	244	245.6412	0.1620	0.1974	37.0000
66	250.0778	244	250.0778	0.0162	0.0747	38.0000
67	250.2443	248	250.2443	0.0431	0.2999	34.0000
68	242.2892	242	242.2892	0.2418	0.2459	35.0000
69	248.7861	245	248.7861	0.0868	0.1557	37.0000
70	249.6196	244	249.6196	0.1477	0.2269	38.0000
71	248.8698	249	248.8698	0.0654	0.1568	36.0000
72	249.8480	247	249.8480	0.0105	0.0728	39.0000
73	248.0574	240	248.0574	0.1267	0.1289	38.0000
74	247.7241	247	247.7241	0.1394	0.1462	31.0000
75	248.2864	243	248.2864	0.0145	0.0728	37.0000
76	248.4113	248	248.4113	0.0786	0.2553	39.0000
77	245.7039	242	245.7039	0.0202	0.2777	37.0000
78	248.2031	245	248.2031	0.3996	0.4818	34.0000
79	246.7452	244	246.7452	0.0498	0.2506	35.0000
80	248.0787	243	248.0787	0.1275	0.3214	40.0000
81	248.3907	242	248.3907	0.0313	0.1719	36.0000
82	250.2651	248	250.2651	0.1694	0.3386	34.0000
83	250.4320	242	250.4320	0.0899	0.1816	44.0000
84	249.6812	250	249.6812	0.0166	0.1289	37.0000
85	247.7034	244	247.7034	0.0657	0.3344	33.0000
86	246.8079	239	246.8079	0.0259	0.1725	41.0000
87	248.4534	245	248.4534	0.0393	0.1557	36.0000
88	247.8282	245	247.8282	0.0172	0.1013	36.0000
89	247.0577	243	247.0577	0.0531	0.1241	36.0000
90	245.0583	239	245.0583	0.2671	0.2920	38.0000
91	248.9945	244	248.9945	0.0159	0.2691	40.0000
92	243.0172	245	243.0172	0.0384	0.1289	29.0000
93	240.3726	239	240.3726	0.0399	0.1343	29.0000
94	247.6612	249	247.6612	0.0344	0.1289	34.0000
95	245.6206	249	245.6206	0.1150	0.2220	31.0000
96	247.9526	251	247.9526	0.1781	0.2691	34.0000
97	248.2034	244	248.2034	0.0476	0.2459	38.0000
98	248.5153	246	248.5153	0.1410	0.1979	34.0000
99	247.6618	244	247.6618	0.0050	0.0434	37.0000
100	249.6194	242	249.6194	0.0201	0.1013	45.0000
101	244.8918	241	244.8918	0.2147	0.2311	33.0000
102	249.3488	244	249.3488	0.1544	0.1557	34.0000
103	249.9321	242	249.9321	0.1137	0.1557	43.0000
104	241.9756	246	241.9756	0.0842	0.2650	33.0000
105	247.5368	243	247.5368	0.2060	0.2459	37.0000
106	249.6403	248	249.6403	0.0188	0.0728	33.0000
107	247.3492	239	247.3492	0.0015	0.2370	40.0000
108	238.2273	236	238.2273	0.0725	0.2691	35.0000
109	247.2658	246	247.2658	0.0018	0.1557	32.0000
110	240.3936	239	240.3936	0.2211	0.2459	33.0000
111	247.9117	246	247.9117	0.1816	0.3989	32.0000
112	247.2453	245	247.2453	0.0210	0.1295	37.0000
113	250.0774	248	250.0774	0.1333	0.2220	35.0000
114	245.6831	244	245.6831	0.2038	0.2831	32.0000
115	243.8293	242	243.8293	0.0596	0.1516	34.0000
116	247.3492	249	247.3492	0.0138	0.1474	35.0000
117	250.1608	247	250.1608	0.0311	0.2311	33.0000
118	248.6821	251	248.6821	0.0613	0.2777	29.0000
119	248.5781	247	248.5781	0.1416	0.1974	39.0000
120	244.4337	238	244.4337	0.0923	0.1719	38.0000
121	249.7440	248	249.7440	0.0309	0.1289	35.0000
122	250.1813	248	250.1813	0.0433	0.1295	35.0000
123	247.3700	245	247.3700	0.0001	0.1013	37.0000
124	250.3902	248	250.3902	0.0471	0.1867	32.0000
125	250.3685	251	250.3685	0.0321	0.2269	37.0000
126	238.6437	238	238.6437	0.1375	0.1462	31.0000
127	247.4744	243	247.4744	0.0298	0.1816	42.0000
128	248.6823	247	248.6823	0.1233	0.1289	37.0000
129	243.5382	241	243.5382	0.1786	0.1816	34.0000
130	245.3084	240	245.3084	0.0023	0.0434	39.0000
131	247.4535	245	247.4535	0.1004	0.1013	33.0000
132	249.2653	246	249.2653	0.1974	0.2068	39.0000
133	241.4763	239	241.4763	0.0347	0.0676	33.0000
134	240.8932	237	240.8932	0.1477	0.1719	34.0000
135	248.3075	249	248.3075	0.0368	0.0728	31.0000
136	237.9151	239	237.9151	0.0141	0.1289	30.0000
137	248.0361	248	248.0361	0.0689	0.1289	31.0000
138	250.2856	249	250.2856	0.2143	0.2964	34.0000
139	247.8286	243	247.8286	0.0826	0.1013	34.0000
140	247.9740	248	247.9740	0.2365	0.4341	30.0000
141	248.0994	240	248.0994	0.0466	0.3939	39.0000
142	244.5174	236	244.5174	0.0492	0.2459	41.0000
143	248.2448	243	248.2448	0.1837	0.2311	38.0000
144	248.4320	249	248.4320	0.2513	0.2696	30.0000
145	248.6200	243	248.6200	0.0397	0.2999	34.0000
146	245.2253	240	245.2253	0.1557	0.2068	37.0000
147	246.1417	243	246.1417	0.0411	0.2831	33.0000
148	240.9561	237	240.9561	0.1594	0.2269	33.0000
149	245.0587	238	245.0587	0.1451	0.1457	40.0000
150	248.7862	245	248.7862	0.1094	0.3422	39.0000
151	242.2261	242	242.2261	0.1662	0.1974	33.0000
152	247.2452	246	247.2452	0.0359	0.1673	35.0000
153	241.5389	239	241.5389	0.0342	0.3712	33.0000
154	241.9347	238	241.9347	0.2326	0.2548	36.0000
155	244.0587	240	244.0587	0.1322	0.2311	34.0000
156	241.4973	239	241.4973	0.0075	0.0906	33.0000
157	236.0407	239	236.0407	0.2323	0.2691	33.0000
158	240.9559	235	240.9559	0.0507	0.2417	36.0000
159	246.9330	241	246.9330	0.1560	0.3176	39.0000
160	241.7054	244	241.7054	0.1107	0.2311	31.0000
161	245.6627	242	245.6627	0.0810	0.1510	36.0000
162	244.7045	246	244.7045	0.0503	0.1816	32.0000
163	249.7029	248	249.7029	0.1498	0.2311	39.0000
164	248.6197	249	248.6197	0.2694	0.2881	32.0000
165	242.8720	237	242.8720	0.1820	0.2548	35.0000
166	248.7027	248	248.7027	0.1002	0.1013	34.0000
167	245.1419	239	245.1419	0.2496	0.2548	37.0000
168	237.3114	232	237.3114	0.2028	0.3905	33.0000
169	246.2871	239	246.2871	0.0111	0.0906	45.0000
170	247.6615	248	247.6615	0.0334	0.2269	32.0000
171	248.0575	247	248.0575	0.1256	0.1557	33.0000
172	244.9546	243	244.9546	0.0679	0.4587	36.0000
173	248.0990	247	248.0990	0.0485	0.1013	35.0000
174	248.9735	250	248.9735	0.0024	0.0494	32.0000
175	243.6840	243	243.6840	0.1045	0.2023	35.0000
176	243.9547	242	243.9547	0.0057	0.0321	32.0000
177	249.5565	244	249.5565	0.0493	0.1013	38.0000
178	245.3500	245	245.3500	0.0131	0.2464	33.0000
179	249.9945	247	249.9945	0.1888	0.2594	36.0000
180	248.0155	244	248.0155	0.0541	0.1013	37.0000
181	240.2054	240	240.2054	0.1442	0.2128	35.0000
182	243.8503	243	243.8503	0.1087	0.3589	34.0000
183	243.2886	239	243.2886	0.1105	0.2999	37.0000
184	249.3071	241	249.3071	0.0932	0.2506	42.0000
185	247.6821	249	247.6821	0.3284	0.3977	33.0000
186	247.0787	244	247.0787	0.2405	0.2464	32.0000
187	244.3508	243	244.3508	0.0344	0.1013	37.0000
188	245.2668	241	245.2668	0.0536	0.1816	38.0000
189	241.8930	238	241.8930	0.1444	0.2999	37.0000
190	249.0987	245	249.0987	0.0720	0.1013	37.0000
191	242.6006	245	242.6006	0.1555	0.2311	30.0000
192	242.5596	238	242.5596	0.1208	0.1241	37.0000
193	248.5780	248	248.5780	0.0090	0.2311	30.0000
194	239.2475	235	239.2475	0.0138	0.0728	37.0000
195	241.9971	239	241.9971	0.1551	0.2117	38.0000
196	244.2877	241	244.2877	0.0894	0.1510	34.0000
197	243.4135	240	243.4135	0.0470	0.2691	39.0000
198	240.4982	239	240.4982	0.2256	0.3008	37.0000
199	249.9313	254	249.9313	0.2028	0.3358	32.0000
200	249.0777	251	249.0777	0.0422	0.3095	32.0000
201	249.3065	249	249.3065	0.0174	0.1289	35.0000
202	249.3068	254	249.3068	0.1378	0.1510	35.0000
203	244.5585	243	244.5585	0.1772	0.2117	34.0000
204	247.4532	242	247.4532	0.0914	0.1013	37.0000
205	247.2241	244	247.2241	0.0239	0.1289	37.0000
206	235.9159	234	235.9159	0.0180	0.2023	32.0000
207	248.8901	244	248.8901	0.2480	0.3905	36.0000
208	250.0567	253	250.0567	0.0650	0.2792	34.0000
209	248.9111	246	248.9111	0.0904	0.1816	34.0000
210	249.3487	250	249.3487	0.0634	0.2023	33.0000
211	247.5578	250	247.5578	0.1294	0.2459	32.0000
212	246.1415	243	246.1415	0.0197	0.0728	37.0000
213	245.1834	238	245.1834	0.0102	0.1013	36.0000
214	247.9533	244	247.9533	0.0719	0.1828	41.0000
215	248.6402	247	248.6402	0.1394	0.1557	40.0000
216	245.7454	245	245.7454	0.0141	0.1771	34.0000
217	250.3481	247	250.3481	0.3284	0.3553	36.0000
218	248.4951	244	248.4951	0.0730	0.1301	37.0000
219	246.6203	243	246.6203	0.0252	0.0728	35.0000
220	238.6232	233	238.6232	0.0213	0.0728	37.0000
221	240.6851	237	240.6851	0.1078	0.2023	34.0000
222	247.8909	242	247.8909	0.1144	0.3422	34.0000
223	249.1193	250	249.1193	0.1095	0.2691	29.0000
224	243.3716	237	243.3716	0.0709	0.2777	38.0000
225	241.5597	240	241.5597	0.1261	0.1816	32.0000
226	244.8710	245	244.8710	0.0700	0.1013	33.0000
227	244.1214	243	244.1214	0.1271	0.1510	35.0000
228	248.0571	247	248.0571	0.0975	0.3176	38.0000
229	248.3078	247	248.3078	0.0434	0.0494	37.0000
230	247.7659	247	247.7659	0.0053	0.0728	30.0000
231	247.5573	246	247.5573	0.0430	0.1289	36.0000
232	248.2654	246	248.2654	0.2933	0.3133	34.0000
233	245.0797	238	245.0797	0.0336	0.0728	39.0000
234	240.8310	234	240.8310	0.1329	0.2999	35.0000
235	249.7443	249	249.7443	0.0439	0.2023	34.0000
236	246.3083	236	246.3083	0.0815	0.1289	40.0000
237	245.1207	241	245.1207	0.0441	0.1673	36.0000
238	247.5786	251	247.5786	0.0379	0.0728	32.0000
239	244.7256	238	244.7256	0.1012	0.1816	38.0000
240	248.8491	250	248.8491	0.0143	0.1816	34.0000
241	244.3713	240	244.3713	0.0546	0.0676	34.0000
242	245.3501	242	245.3501	0.2245	0.3386	35.0000
243	249.1610	246	249.1610	0.1145	0.2068	34.0000
244	240.2895	234	240.2895	0.0434	0.2650	36.0000
245	247.7447	244	247.7447	0.1156	0.1289	35.0000
246	234.0625	231	234.0625	0.2363	0.2960	34.0000
247	243.5589	244	243.5589	0.1772	0.3477	31.0000
248	245.4959	243	245.4959	0.2937	0.3095	35.0000
249	249.7026	244	249.7026	0.1139	0.1725	38.0000
250	248.9735	250	248.9735	0.2966	0.3138	35.0000
251	242.5382	246	242.5382	0.1326	0.3143	34.0000
252	242.1432	238	242.1432	0.1573	0.2226	35.0000
253	248.2660	241	248.2660	0.0721	0.3677	38.0000
254	247.3702	242	247.3702	0.1180	0.1510	36.0000
255	249.5155	244	249.5155	0.0709	0.1816	36.0000
256	249.4318	246	249.4318	0.0369	0.2417	38.0000
257	247.7451	245	247.7451	0.0095	0.2548	36.0000
258	250.0358	246	250.0358	0.1205	0.1816	37.0000
259	245.8292	241	245.8292	0.1053	0.2023	36.0000
260	247.9738	249	247.9738	0.0510	0.1510	34.0000
261	248.7240	252	248.7240	0.0942	0.1025	35.0000
262	242.4345	244	242.4345	0.0399	0.2736	29.0000
263	246.1204	252	246.1204	0.0033	0.0434	30.0000
264	245.0169	239	245.0169	0.0089	0.0434	33.0000
265	244.7044	236	244.7044	0.0073	0.0963	40.0000
266	246.7453	247	246.7453	0.1299	0.2177	31.0000
267	242.9550	240	242.9550	0.1524	0.1771	33.0000
268	243.5796	245	243.5796	0.1126	0.2777	29.0000
269	247.0580	244	247.0580	0.0339	0.1816	37.0000
270	241.7468	242	241.7468	0.1176	0.2422	32.0000
271	247.0161	243	247.0161	0.1619	0.2068	37.0000
272	245.1209	241	245.1209	0.1019	0.1816	33.0000
273	248.7861	246	248.7861	0.1296	0.1673	36.0000
274	249.7859	249	249.7859	0.2005	0.2068	34.0000
275	248.7235	244	248.7235	0.2621	0.3386	39.0000
276	246.7453	246	246.7453	0.1354	0.2023	31.0000
277	244.6841	234	244.6841	0.0300	0.1609	40.0000
278	245.3292	240	245.3292	0.0326	0.0434	37.0000
279	248.4531	241	248.4531	0.1538	0.3549	37.0000
280	246.2246	245	246.2246	0.0379	0.1462	38.0000
281	241.4766	237	241.4766	0.0086	0.1241	36.0000
282	245.7875	246	245.7875	0.0702	0.1013	37.0000
283	245.2252	242	245.2252	0.1593	0.2279	33.0000
284	245.8915	241	245.8915	0.2209	0.2470	37.0000
285	248.6404	246	248.6404	0.2906	0.3349	35.0000
286	249.5152	246	249.5152	0.0177	0.1816	37.0000
287	247.4747	241	247.4747	0.0389	0.1013	39.0000
288	249.9112	248	249.9112	0.0901	0.2736	37.0000
289	246.6831	241	246.6831	0.0344	0.2311	40.0000
290	238.2278	238	238.2278	0.1087	0.1457	30.0000
291	247.9323	250	247.9323	0.1535	0.1771	31.0000
292	247.5991	242	247.5991	0.0355	0.1289	37.0000
293	250.2233	247	250.2233	0.1271	0.1557	40.0000
294	249.1819	245	249.1819	0.0045	0.2691	39.0000
295	241.0385	244	241.0385	0.2199	0.3716	33.0000
296	244.5799	237	244.5799	0.1292	0.1510	35.0000
297	237.1023	239	237.1023	0.0428	0.1771	34.0000
298	247.7871	242	247.7871	0.1323	0.2220	35.0000
299	246.5579	242	246.5579	0.0784	0.1974	40.0000
300	249.8692	242	249.8692	0.0502	0.1013	42.0000
301	246.5787	244	246.5787	0.2365	0.3589	32.0000
302	249.2030	242	249.2030	0.1226	0.1289	40.0000
303	247.7654	244	247.7654	0.2295	0.3095	35.0000
304	249.1192	246	249.1192	0.0371	0.1289	36.0000
305	247.2247	239	247.2247	0.0293	0.0434	38.0000
306	243.2465	241	243.2465	0.0324	0.1241	34.0000
307	242.9762	240	242.9762	0.0416	0.1013	33.0000
308	249.8483	246	249.8483	0.0646	0.0728	35.0000
309	249.2026	244	249.2026	0.1267	0.1289	39.0000
310	245.4330	245	245.4330	0.2335	0.2736	37.0000
311	242.3514	237	242.3514	0.0385	0.1013	38.0000
312	242.7881	240	242.7881	0.0976	0.3109	35.0000
313	242.9758	240	242.9758	0.1019	0.1241	34.0000
314	241.2053	239	241.2053	0.1562	0.2836	34.0000
315	244.9753	238	244.9753	0.2516	0.2999	36.0000
316	248.4946	248	248.4946	0.0243	0.1816	34.0000
317	237.6653	239	237.6653	0.0832	0.2068	32.0000
318	247.3079	249	247.3079	0.0268	0.1457	36.0000
319	246.2875	243	246.2875	0.1348	0.2604	36.0000
320	244.6213	241	244.6213	0.1452	0.1929	34.0000
321	246.1206	245	246.1206	0.0479	0.0728	36.0000
322	246.6620	247	246.6620	0.0197	0.1510	31.0000
323	248.1195	246	248.1195	0.1410	0.2311	35.0000
324	248.6401	246	248.6401	0.0218	0.0728	36.0000
325	250.3061	250	250.3061	0.0261	0.1771	33.0000
326	248.1617	251	248.1617	0.0595	0.1289	31.0000
327	249.7864	247	249.7864	0.1403	0.1557	34.0000
328	249.2653	244	249.2653	0.0272	0.1510	37.0000
329	250.3897	250	250.3897	0.1454	0.3095	34.0000
330	247.7246	243	247.7246	0.0620	0.2960	38.0000
331	243.9751	241	243.9751	0.1920	0.2068	34.0000
332	246.5999	239	246.5999	0.0049	0.1013	38.0000
333	246.3502	243	246.3502	0.0032	0.2023	36.0000
334	246.1623	246	246.1623	0.1142	0.2960	33.0000
335	246.4332	242	246.4332	0.0489	0.1186	36.0000
336	239.1855	238	239.1855	0.1318	0.1771	35.0000
337	247.3705	240	247.3705	0.1393	0.2068	37.0000
338	249.3485	243	249.3485	0.0729	0.1186	39.0000
339	246.4328	245	246.4328	0.0838	0.1557	34.0000
340	241.5179	237	241.5179	0.0918	0.2220	35.0000
341	246.1414	243	246.1414	0.3743	0.4022	34.0000
342	245.0375	242	245.0375	0.0690	0.1289	34.0000
343	245.3710	239	245.3710	0.1803	0.2548	36.0000
344	244.2881	239	244.2881	0.1941	0.2459	36.0000
345	246.8915	241	246.8915	0.0341	0.0676	36.0000
346	250.3691	249	250.3691	0.0188	0.3786	37.0000
347	239.7689	236	239.7689	0.2126	0.2417	37.0000
348	244.9752	243	244.9752	0.0448	0.2736	34.0000
349	246.6617	241	246.6617	0.0755	0.1013	39.0000
350	248.0366	242	248.0366	0.0424	0.1609	39.0000
351	247.7243	240	247.7243	0.1675	0.2516	40.0000
352	245.5586	239	245.5586	0.0426	0.1510	36.0000
353	247.2871	243	247.2871	0.1260	0.1289	34.0000
354	243.3300	238	243.3300	0.0697	0.1609	38.0000
355	249.4318	244	249.4318	0.2540	0.2548	38.0000
356	246.7457	242	246.7457	0.0077	0.0728	34.0000
357	243.8506	238	243.8506	0.0263	0.1069	39.0000
358	250.0773	250	250.0773	0.1927	0.2548	33.0000
359	247.0158	248	247.0158	0.2284	0.2736	31.0000
360	245.5159	246	245.5159	0.1785	0.1816	35.0000
361	248.3070	248	248.3070	0.2063	0.2327	31.0000
362	244.0377	244	244.0377	0.0283	0.2459	33.0000
363	241.9348	235	241.9348	0.0212	0.0434	42.0000
364	246.4332	244	246.4332	0.1119	0.2338	38.0000
365	248.4531	242	248.4531	0.0105	0.0728	39.0000
366	246.9744	242	246.9744	0.0162	0.1013	36.0000
367	246.5370	243	246.5370	0.0208	0.0434	36.0000
368	237.0407	232	237.0407	0.0203	0.0434	34.0000
369	249.9942	252	249.9942	0.0114	0.1719	33.0000
370	247.2032	244	247.2032	0.1753	0.1816	38.0000
371	244.7046	240	244.7046	0.0960	0.1289	34.0000
372	242.8300	241	242.8300	0.1504	0.3673	35.0000
373	240.6224	238	240.6224	0.0003	0.1557	33.0000
374	246.8703	243	246.8703	0.1163	0.2548	36.0000
375	246.7870	244	246.7870	0.0571	0.0728	33.0000
376	248.5781	247	248.5781	0.2073	0.2751	36.0000
377	248.3698	243	248.3698	0.1247	0.1557	38.0000
378	239.7478	237	239.7478	0.1196	0.1409	31.0000
379	239.5397	231	239.5397	0.0071	0.1289	38.0000
380	239.4978	237	239.4978	0.1989	0.2023	30.0000
381	249.2032	243	249.2032	0.0810	0.2876	38.0000
382	247.4325	246	247.4325	0.0492	0.0618	39.0000
383	249.9732	245	249.9732	0.1403	0.2068	36.0000
384	249.7652	246	249.7652	0.0176	0.1289	36.0000
385	249.7861	245	249.7861	0.0849	0.2548	37.0000
386	245.2461	244	245.2461	0.0440	0.1510	35.0000
387	249.7233	251	249.7233	0.0646	0.1828	31.0000
388	247.1620	240	247.1620	0.1432	0.1719	41.0000
389	248.0992	248	248.0992	0.0717	0.0728	32.0000
390	248.8907	245	248.8907	0.0746	0.2691	35.0000
391	247.4120	243	247.4120	0.1645	0.1771	37.0000
392	245.3292	242	245.3292	0.0018	0.0728	34.0000
393	249.3069	243	249.3069	0.0767	0.0906	38.0000
394	247.3908	244	247.3908	0.0857	0.1457	36.0000
395	243.1840	243	243.1840	0.1492	0.2459	36.0000
396	246.4746	247	246.4746	0.0779	0.1974	35.0000
397	243.7468	241	243.7468	0.0625	0.1462	35.0000
398	246.4746	250	246.4746	0.0633	0.0906	33.0000
399	245.4745	247	245.4745	0.1398	0.3138	32.0000
400	249.9526	248	249.9526	0.0245	0.1719	37.0000
401	250.3693	248	250.3693	0.0057	0.1816	37.0000
402	245.2251	242	245.2251	0.1693	0.1816	30.0000
403	249.3068	243	249.3068	0.0423	0.2594	41.0000
404	244.5172	243	244.5172	0.2888	0.2999	39.0000
405	247.4949	241	247.4949	0.0475	0.1409	39.0000
406	247.7033	245	247.7033	0.0802	0.2068	33.0000
407	246.6411	248	246.6411	0.0382	0.0728	32.0000
408	244.5586	243	244.5586	0.0811	0.2023	32.0000
409	249.2237	245	249.2237	0.3665	0.4010	36.0000
410	246.7870	244	246.7870	0.0158	0.2220	37.0000
411	250.3694	247	250.3694	0.2606	0.2691	32.0000
412	238.4357	236	238.4357	0.0476	0.1013	31.0000
413	240.2686	234	240.2686	0.1905	0.2311	38.0000
414	243.4338	244	243.4338	0.0579	0.2999	33.0000
415	246.8287	243	246.8287	0.0421	0.1557	31.0000
416	243.8508	240	243.8508	0.1215	0.2068	37.0000
417	245.9123	238	245.9123	0.0478	0.1069	39.0000
418	249.8902	247	249.8902	0.0446	0.0728	35.0000
419	243.5588	240	243.5588	0.0739	0.3214	37.0000
420	248.0575	245	248.0575	0.0809	0.1462	38.0000
421	245.2661	250	245.2661	0.0069	0.1771	35.0000
422	246.0788	243	246.0788	0.0263	0.1510	33.0000
423	241.9344	239	241.9344	0.0455	0.0963	40.0000
424	242.3094	239	242.3094	0.2916	0.3100	35.0000
425	246.4536	245	246.4536	0.0127	0.2650	37.0000
426	244.9130	235	244.9130	0.1962	0.2068	39.0000
427	249.3485	253	249.3485	0.0454	0.1253	31.0000
428	243.2049	234	243.2049	0.0170	0.1557	38.0000
429	248.4737	250	248.4737	0.0614	0.1816	37.0000
430	247.2872	245	247.2872	0.0640	0.0906	34.0000
431	248.2447	245	248.2447	0.0831	0.1816	36.0000
432	246.3703	244	246.3703	0.0320	0.2220	36.0000
433	241.4552	240	241.4552	0.0724	0.2220	35.0000
434	247.4949	245	247.4949	0.0353	0.0906	35.0000
435	245.2043	248	245.2043	0.1425	0.2506	31.0000
436	249.3906	247	249.3906	0.1401	0.1557	33.0000
437	249.0987	247	249.0987	0.2467	0.2792	35.0000
438	245.6832	243	245.6832	0.0113	0.0434	35.0000
439	243.2255	242	243.2255	0.2085	0.3977	33.0000
440	244.8502	247	244.8502	0.0550	0.1186	34.0000
441	247.4530	246	247.4530	0.0061	0.1510	38.0000
442	246.6620	242	246.6620	0.1228	0.1719	37.0000
443	241.6847	239	241.6847	0.0284	0.2736	32.0000
444	246.6415	240	246.6415	0.1524	0.2311	38.0000
445	248.9323	248	248.9323	0.0695	0.1510	31.0000
446	243.4547	242	243.4547	0.1017	0.1289	33.0000
447	245.7666	245	245.7666	0.0381	0.2177	33.0000
448	242.3723	236	242.3723	0.0015	0.0145	39.0000
449	245.4750	241	245.4750	0.0739	0.1884	37.0000
450	245.6416	242	245.6416	0.0128	0.2876	35.0000
451	244.7671	239	244.7671	0.1750	0.3133	38.0000
452	249.2237	246	249.2237	0.0546	0.2311	36.0000
453	241.2892	239	241.2892	0.0229	0.2311	32.0000
454	246.5369	246	246.5369	0.0020	0.2285	37.0000
455	243.1841	242	243.1841	0.0354	0.1557	31.0000
456	250.2856	247	250.2856	0.1835	0.2068	37.0000
457	235.3116	235	235.3116	0.1703	0.2886	37.0000
458	245.5791	243	245.5791	0.2600	0.2736	32.0000
459	249.1194	245	249.1194	0.0157	0.0728	36.0000
460	242.5803	236	242.5803	0.0446	0.1816	35.0000
461	246.6414	247	246.6414	0.0431	0.0906	35.0000
462	249.5152	247	249.5152	0.0962	0.2915	36.0000
463	243.3717	241	243.3717	0.1842	0.2311	36.0000
464	247.7868	246	247.7868	0.1531	0.2969	35.0000
465	249.0571	245	249.0571	0.1523	0.1816	37.0000
466	245.0165	245	245.0165	0.0781	0.1013	34.0000
467	245.1839	242	245.1839	0.1404	0.3256	36.0000
468	243.8717	238	243.8717	0.2531	0.2548	37.0000
469	247.4533	244	247.4533	0.0291	0.2960	34.0000
470	237.2697	234	237.2697	0.1025	0.2269	33.0000
471	249.7444	250	249.7444	0.0133	0.1673	33.0000
472	250.2854	257	250.2854	0.2476	0.3589	32.0000
473	240.3725	237	240.3725	0.0151	0.0963	35.0000
474	250.4316	251	250.4316	0.0955	0.1137	32.0000
475	248.4325	242	248.4325	0.0505	0.2023	37.0000
476	249.5566	243	249.5566	0.1356	0.2696	42.0000
477	244.8710	244	244.8710	0.1688	0.2831	34.0000
478	249.4942	245	249.4942	0.1159	0.2084	39.0000
479	244.5583	244	244.5583	0.3410	0.3905	34.0000
480	246.6623	244	246.6623	0.0512	0.0741	34.0000
481	247.9950	245	247.9950	0.1304	0.2506	36.0000
482	242.5804	233	242.5804	0.0548	0.1289	38.0000
483	246.2034	249	246.2034	0.2570	0.2876	33.0000
484	240.0811	235	240.0811	0.0198	0.2311	37.0000
485	248.7239	243	248.7239	0.0350	0.1289	38.0000
486	249.5571	249	249.5571	0.0378	0.2696	33.0000
487	247.4325	242	247.4325	0.0131	0.0728	35.0000
488	247.4120	246	247.4120	0.0204	0.1816	33.0000
489	246.4123	248	246.4123	0.0497	0.2220	36.0000
490	246.2456	245	246.2456	0.1069	0.1301	36.0000
491	246.6827	248	246.6827	0.0382	0.1816	31.0000
492	249.3066	248	249.3066	0.0490	0.2068	34.0000
493	244.1840	239	244.1840	0.2585	0.3977	32.0000
494	248.3488	250	248.3488	0.0903	0.1069	34.0000
495	249.8069	247	249.8069	0.0373	0.1816	33.0000
496	249.7029	244	249.7029	0.0005	0.2548	39.0000
497	248.3696	244	248.3696	0.0475	0.1289	36.0000
498	249.3904	244	249.3904	0.0765	0.1822	37.0000
499	244.2879	242	244.2879	0.2217	0.2999	36.0000
500	246.3491	249	246.3491	0.0612	0.2691	31.0000
501	248.2657	250	248.2657	0.0158	0.1186	32.0000
502	250.1191	249	250.1191	0.1261	0.1974	35.0000
503	249.9739	242	249.9739	0.1436	0.1816	39.0000
504	249.0366	243	249.0366	0.2209	0.2459	37.0000
505	243.7464	240	243.7464	0.1809	0.2548	36.0000
506	244.8502	241	244.8502	0.2278	0.2746	35.0000
507	249.2028	245	249.2028	0.0425	0.1557	35.0000
508	250.0361	246	250.0361	0.0566	0.1510	38.0000
509	249.1405	249	249.1405	0.0038	0.3133	30.0000
510	248.5781	246	248.5781	0.0026	0.1816	34.0000
511	248.4323	244	248.4323	0.0387	0.1816	36.0000
512	249.5358	248	249.5358	0.1094	0.1719	33.0000
513	245.8915	241	245.8915	0.1500	0.1771	41.0000
514	246.7871	245	246.7871	0.1473	0.2068	35.0000
515	246.1832	243	246.1832	0.2310	0.2311	34.0000
516	248.4946	247	248.4946	0.0311	0.2459	36.0000
517	241.7684	233	241.7684	0.1743	0.2220	39.0000
518	244.9960	245	244.9960	0.0602	0.2128	35.0000
519	249.7861	246	249.7861	0.0699	0.1343	39.0000
520	241.5387	237	241.5387	0.1180	0.2023	36.0000
521	247.4741	250	247.4741	0.1067	0.2506	29.0000
522	249.1822	244	249.1822	0.0880	0.1013	39.0000
523	238.8526	236	238.8526	0.2012	0.2068	35.0000
524	248.8072	243	248.8072	0.0121	0.0434	39.0000
525	246.9537	243	246.9537	0.1432	0.1816	36.0000
526	248.0577	245	248.0577	0.2259	0.2777	33.0000
527	244.9544	239	244.9544	0.1462	0.1557	35.0000
528	247.1616	243	247.1616	0.1396	0.2068	35.0000
529	249.1406	248	249.1406	0.3151	0.3256	32.0000
530	239.3106	237	239.3106	0.2006	0.2459	33.0000
531	247.5993	246	247.5993	0.1396	0.1816	33.0000
532	242.8929	239	242.8929	0.2163	0.2821	36.0000
533	245.3706	240	245.3706	0.1526	0.2226	39.0000
534	243.4134	240	243.4134	0.0820	0.2023	37.0000
535	248.4530	245	248.4530	0.2647	0.2920	35.0000
536	246.3080	246	246.3080	0.1883	0.2701	37.0000
537	250.3069	243	250.3069	0.1075	0.1289	37.0000
538	247.6828	242	247.6828	0.0750	0.1019	38.0000
539	247.9530	249	247.9530	0.1264	0.1771	33.0000
540	249.4943	246	249.4943	0.0589	0.1013	36.0000
541	246.2662	243	246.2662	0.1651	0.2506	33.0000
542	247.2041	245	247.2041	0.0260	0.3223	39.0000
543	246.8494	242	246.8494	0.0233	0.0728	35.0000
544	249.5776	247	249.5776	0.0779	0.2311	34.0000
545	245.5374	247	245.5374	0.1399	0.2068	34.0000
546	237.2277	237	237.2277	0.2888	0.2969	32.0000
547	243.0590	244	243.0590	0.1073	0.1974	31.0000
548	240.7889	232	240.7889	0.0229	0.1289	39.0000
549	246.0786	244	246.0786	0.0692	0.0786	35.0000
550	247.8287	246	247.8287	0.1310	0.2311	32.0000
551	248.5157	243	248.5157	0.0590	0.1137	41.0000
552	243.6837	246	243.6837	0.0499	0.2777	35.0000
553	250.1194	249	250.1194	0.0973	0.1929	34.0000
554	248.7447	247	248.7447	0.1370	0.3422	34.0000
555	249.8900	249	249.8900	0.0146	0.2506	34.0000
556	242.5183	238	242.5183	0.0591	0.1013	33.0000
557	243.7882	241	243.7882	0.3581	0.4060	35.0000
558	243.9338	236	243.9338	0.1703	0.2023	38.0000
559	243.6221	237	243.6221	0.0136	0.0447	42.0000
560	243.3302	238	243.3302	0.0185	0.1025	38.0000
561	246.6827	240	246.6827	0.0195	0.1289	37.0000
562	249.9732	250	249.9732	0.0619	0.1241	36.0000
563	247.6618	245	247.6618	0.1700	0.2068	35.0000
564	244.6417	243	244.6417	0.0318	0.0728	33.0000
565	244.3713	239	244.3713	0.1316	0.1929	36.0000
566	246.2665	246	246.2665	0.0686	0.1828	35.0000
567	248.1617	247	248.1617	0.1396	0.1557	33.0000
568	239.5191	235	239.5191	0.1092	0.2322	34.0000
569	247.5992	249	247.5992	0.1317	0.2269	31.0000
570	242.9971	239	242.9971	0.0248	0.2604	33.0000
571	239.7686	231	239.7686	0.3847	0.3977	39.0000
572	237.3112	235	237.3112	0.0615	0.3624	33.0000
573	243.1010	240	243.1010	0.0372	0.0728	35.0000
574	249.8278	244	249.8278	0.0549	0.1013	40.0000
575	242.7887	242	242.7887	0.1730	0.2023	35.0000
576	246.0581	243	246.0581	0.1278	0.2023	34.0000
577	241.0393	237	241.0393	0.1534	0.1568	37.0000
578	246.7870	243	246.7870	0.1131	0.3270	36.0000
579	241.0603	234	241.0603	0.0462	0.2459	37.0000
580	247.2452	244	247.2452	0.0807	0.1557	34.0000
581	247.4747	240	247.4747	0.0055	0.2023	35.0000
582	248.8279	244	248.8279	0.1382	0.1557	38.0000
583	248.3911	243	248.3911	0.0087	0.0434	38.0000
584	247.3700	245	247.3700	0.0172	0.0728	36.0000
585	245.5167	242	245.5167	0.0952	0.1719	36.0000
586	243.1007	245	243.1007	0.1212	0.1568	35.0000
587	250.0566	248	250.0566	0.1649	0.2777	36.0000
588	248.1612	251	248.1612	0.1107	0.1137	33.0000
589	248.8696	241	248.8696	0.1938	0.2311	38.0000
590	250.0358	247	250.0358	0.0859	0.2068	34.0000
591	245.9540	243	245.9540	0.0283	0.0434	38.0000
592	249.8901	242	249.8901	0.0798	0.1673	42.0000
593	248.6610	243	248.6610	0.0010	0.0728	38.0000
594	241.5392	240	241.5392	0.2427	0.2548	35.0000
595	245.5165	245	245.5165	0.0405	0.0728	29.0000
596	248.0990	247	248.0990	0.1150	0.2311	35.0000
597	248.1406	248	248.1406	0.1376	0.1522	32.0000
598	248.7448	243	248.7448	0.0476	0.2792	40.0000
599	248.4113	246	248.4113	0.1349	0.2459	36.0000
600	248.9110	249	248.9110	0.0358	0.1816	29.0000
601	249.0987	250	249.0987	0.0063	0.1289	31.0000
602	240.8936	235	240.8936	0.0679	0.1816	36.0000
603	249.4111	241	249.4111	0.1537	0.1557	40.0000
604	249.8071	246	249.8071	0.1286	0.2220	37.0000
605	243.1425	242	243.1425	0.1019	0.1289	34.0000
606	240.0602	236	240.0602	0.0077	0.1289	36.0000
607	249.1612	246	249.1612	0.1763	0.2915	35.0000
608	237.8730	241	237.8730	0.1182	0.2068	32.0000
609	237.4573	232	237.4573	0.0744	0.1816	35.0000
610	244.0168	246	244.0168	0.1085	0.1929	30.0000
611	247.5784	241	247.5784	0.1140	0.2068	39.0000
612	245.9539	246	245.9539	0.2039	0.2650	31.0000
613	248.3075	241	248.3075	0.0962	0.1013	38.0000
614	247.4322	243	247.4322	0.1510	0.2691	38.0000
615	247.0368	246	247.0368	0.0109	0.0906	34.0000
616	235.6658	236	235.6658	0.1413	0.1816	30.0000
617	244.1004	242	244.1004	0.0746	0.1557	35.0000
618	242.3093	242	242.3093	0.0106	0.0728	36.0000
619	245.5165	246	245.5165	0.0357	0.1013	33.0000
620	245.0590	238	245.0590	0.2147	0.2548	40.0000
621	246.9536	241	246.9536	0.1132	0.2177	36.0000
622	244.1006	247	244.1006	0.1013	0.2701	30.0000
623	247.8491	249	247.8491	0.1377	0.2269	34.0000
624	244.8087	241	244.8087	0.0324	0.1878	36.0000
625	244.4131	238	244.4131	0.1840	0.3133	36.0000
626	240.5601	241	240.5601	0.0501	0.1557	33.0000
627	249.4319	245	249.4319	0.1014	0.2068	34.0000
628	245.0375	244	245.0375	0.0004	0.1013	34.0000
629	248.1406	243	248.1406	0.0056	0.0192	39.0000
630	237.2905	231	237.2905	0.0645	0.0676	38.0000
631	245.5582	245	245.5582	0.0857	0.2068	32.0000
632	244.5174	240	244.5174	0.0256	0.0631	39.0000
633	241.6638	241	241.6638	0.0470	0.0906	35.0000
634	244.3086	247	244.3086	0.0578	0.0728	32.0000
635	247.4533	242	247.4533	0.2364	0.3344	37.0000
636	241.7049	237	241.7049	0.0687	0.1557	37.0000
637	240.1851	236	240.1851	0.0350	0.1557	37.0000
638	236.2701	231	236.2701	0.2657	0.2915	31.0000
639	246.6201	242	246.6201	0.1259	0.3056	35.0000
640	245.0170	240	245.0170	0.1921	0.2068	35.0000
641	249.0156	242	249.0156	0.0649	0.1510	38.0000
642	245.8289	244	245.8289	0.0202	0.1289	34.0000
643	246.7453	241	246.7453	0.0518	0.1289	36.0000
644	247.6824	246	247.6824	0.0749	0.1457	33.0000
645	241.0179	245	241.0179	0.0814	0.1816	31.0000
646	247.7242	244	247.7242	0.0857	0.3214	37.0000
647	247.1408	246	247.1408	0.1459	0.1557	33.0000
648	247.9533	246	247.9533	0.0611	0.2128	34.0000
649	242.3716	242	242.3716	0.0346	0.1013	33.0000
650	246.4329	246	246.4329	0.1471	0.1719	34.0000
651	243.2256	241	243.2256	0.1470	0.2322	34.0000
652	246.5992	245	246.5992	0.1714	0.2226	34.0000
653	249.5567	246	249.5567	0.1637	0.2220	37.0000
654	246.5790	245	246.5790	0.1900	0.2079	35.0000
655	243.5176	240	243.5176	0.2792	0.3133	32.0000
656	247.6616	245	247.6616	0.0629	0.1673	35.0000
657	241.7264	238	241.7264	0.0983	0.1510	41.0000
658	249.2239	245	249.2239	0.1058	0.3138	39.0000
659	245.9123	247	245.9123	0.0011	0.1816	33.0000
660	244.0799	242	244.0799	0.0419	0.1457	34.0000
661	246.4956	244	246.4956	0.0766	0.1557	36.0000
662	249.8275	247	249.8275	0.0194	0.2068	36.0000
663	248.2866	244	248.2866	0.1234	0.3095	34.0000
664	240.3522	238	240.3522	0.0867	0.1013	33.0000
665	246.6620	242	246.6620	0.1389	0.1510	37.0000
666	245.3713	241	245.3713	0.1665	0.2691	36.0000
667	244.8502	243	244.8502	0.0166	0.3223	34.0000
668	242.7674	238	242.7674	0.0447	0.0728	35.0000
669	247.6823	247	247.6823	0.0258	0.0618	35.0000
670	247.2873	241	247.2873	0.0269	0.1013	36.0000
671	246.2249	244	246.2249	0.0649	0.1816	37.0000
672	243.4966	243	243.4966	0.0211	0.2548	33.0000
673	245.4123	236	245.4123	0.0116	0.2220	39.0000
674	249.6605	251	249.6605	0.0131	0.2920	33.0000
675	245.5377	246	245.5377	0.0278	0.0741	32.0000
676	244.5795	243	244.5795	0.2016	0.2459	33.0000
677	247.8909	244	247.8909	0.0675	0.2177	40.0000
678	249.0364	244	249.0364	0.0118	0.1557	34.0000
679	248.4114	250	248.4114	0.1857	0.2068	29.0000
680	249.7026	249	249.7026	0.0965	0.1771	34.0000
681	246.6833	239	246.6833	0.1192	0.2459	39.0000
682	248.8071	248	248.8071	0.0903	0.2459	34.0000
683	248.8906	244	248.8906	0.0923	0.2269	35.0000
684	248.5365	241	248.5365	0.0579	0.1557	40.0000
685	242.6011	241	242.6011	0.0648	0.1289	33.0000
686	244.7045	238	244.7045	0.0719	0.2068	37.0000
687	247.4949	246	247.4949	0.1347	0.2777	34.0000
688	249.4317	249	249.4317	0.0612	0.0625	32.0000
689	248.5989	246	248.5989	0.0449	0.1771	36.0000
690	243.1841	240	243.1841	0.1716	0.3214	34.0000
691	242.7468	238	242.7468	0.1687	0.2068	39.0000
692	243.9755	243	243.9755	0.1196	0.1289	36.0000
693	245.9123	240	245.9123	0.0309	0.2736	39.0000
694	244.2464	242	244.2464	0.0483	0.1510	34.0000
695	248.3281	247	248.3281	0.0238	0.2226	33.0000
696	249.5777	244	249.5777	0.2667	0.2736	38.0000
697	245.2666	240	245.2666	0.0302	0.1816	39.0000
698	249.3905	246	249.3905	0.0315	0.2023	36.0000
699	249.5572	244	249.5572	0.0842	0.1289	40.0000
700	243.7045	243	243.7045	0.1427	0.2311	33.0000
701	246.8077	246	246.8077	0.2195	0.2459	31.0000
702	248.9318	248	248.9318	0.0868	0.1884	36.0000
703	245.5375	243	245.5375	0.1839	0.3344	35.0000
704	248.5987	248	248.5987	0.0662	0.0728	32.0000
705	245.7245	243	245.7245	0.0443	0.1557	33.0000
706	239.2689	235	239.2689	0.0248	0.1568	36.0000
707	245.6000	241	245.6000	0.0244	0.0434	38.0000
708	249.4323	245	249.4323	0.0112	0.0728	37.0000
709	247.3491	246	247.3491	0.2332	0.2960	32.0000
710	250.1401	247	250.1401	0.0717	0.2068	38.0000
711	245.7457	240	245.7457	0.1783	0.2269	40.0000
712	244.3293	244	244.3293	0.0089	0.1289	35.0000
713	249.6818	244	249.6818	0.0812	0.1069	38.0000
714	249.1198	246	249.1198	0.1161	0.1289	34.0000
715	249.7230	249	249.7230	0.1040	0.1289	33.0000
716	245.9963	242	245.9963	0.0917	0.1816	32.0000
717	249.9942	249	249.9942	0.2053	0.2736	33.0000
718	241.9971	241	241.9971	0.0973	0.2068	33.0000
719	245.2872	246	245.2872	0.0817	0.1816	33.0000
720	249.7442	247	249.7442	0.0555	0.2068	38.0000
721	247.8287	245	247.8287	0.0132	0.1186	37.0000
722	244.5167	242	244.5167	0.0201	0.0728	35.0000
723	245.7871	246	245.7871	0.1088	0.2999	29.0000
724	245.2458	241	245.2458	0.1323	0.1457	35.0000
725	249.1819	247	249.1819	0.0097	0.1510	34.0000
726	243.1217	241	243.1217	0.0521	0.2594	37.0000
727	245.5998	243	245.5998	0.0091	0.3422	37.0000
728	245.8289	249	245.8289	0.1932	0.3176	30.0000
729	249.7650	248	249.7650	0.0317	0.2068	32.0000
730	244.7876	244	244.7876	0.0367	0.1462	34.0000
731	249.3489	249	249.3489	0.0360	0.3214	34.0000
732	249.8904	245	249.8904	0.0965	0.2269	38.0000
733	243.4340	237	243.4340	0.0211	0.1462	39.0000
734	247.8487	245	247.8487	0.1846	0.2548	36.0000
735	249.0155	248	249.0155	0.1545	0.1609	34.0000
736	237.8320	232	237.8320	0.0042	0.1289	37.0000
737	250.3068	247	250.3068	0.2231	0.2311	33.0000
738	247.9535	242	247.9535	0.3336	0.3624	40.0000
739	242.0386	239	242.0386	0.0672	0.1013	36.0000
740	247.9739	248	247.9739	0.1372	0.1771	34.0000
741	246.3914	241	246.3914	0.0494	0.0734	35.0000
742	247.3076	245	247.3076	0.0651	0.1013	35.0000
743	250.1403	238	250.1403	0.0944	0.0963	43.0000
744	249.8697	245	249.8697	0.0995	0.1457	38.0000
745	245.4122	243	245.4122	0.0554	0.1816	36.0000
746	245.4957	241	245.4957	0.0482	0.2999	38.0000
747	239.1023	236	239.1023	0.2055	0.3549	32.0000
748	249.9108	251	249.9108	0.1102	0.1719	35.0000
749	250.3897	250	250.3897	0.0058	0.1929	37.0000
750	248.3907	245	248.3907	0.1605	0.1627	35.0000
751	242.4138	240	242.4138	0.1907	0.2311	38.0000
752	247.5163	244	247.5163	0.0450	0.2068	36.0000
753	246.7037	245	246.7037	0.0010	0.2068	31.0000
754	242.2680	239	242.2680	0.0025	0.1816	35.0000
755	249.2025	247	249.2025	0.0353	0.2023	35.0000
756	245.9336	242	245.9336	0.0203	0.1822	38.0000
757	249.3904	246	249.3904	0.0705	0.1557	37.0000
758	239.5188	232	239.5188	0.0699	0.2777	40.0000
759	250.3066	246	250.3066	0.1328	0.1557	39.0000
760	248.2450	243	248.2450	0.1253	0.2311	35.0000
761	245.5793	243	245.5793	0.0750	0.2999	33.0000
762	239.0187	242	239.0187	0.1410	0.1510	32.0000
763	247.1200	246	247.1200	0.1437	0.3307	36.0000
764	243.4342	241	243.4342	0.0583	0.2604	33.0000
765	242.4556	234	242.4556	0.0090	0.0728	38.0000
766	244.2466	242	244.2466	0.0525	0.2311	36.0000
767	249.9318	249	249.9318	0.1949	0.3712	37.0000
768	241.3510	242	241.3510	0.1080	0.2548	31.0000
769	250.3482	251	250.3482	0.2305	0.2999	36.0000
770	248.0574	247	248.0574	0.0352	0.1013	33.0000
771	244.9125	244	244.9125	0.1207	0.1557	36.0000
772	245.7459	238	245.7459	0.0600	0.1557	41.0000
773	242.2265	237	242.2265	0.0010	0.0631	36.0000
774	244.6212	247	244.6212	0.0175	0.1816	32.0000
775	246.7246	246	246.7246	0.1019	0.2023	34.0000
776	236.0619	233	236.0619	0.1037	0.1186	33.0000
777	249.0363	241	249.0363	0.0508	0.0728	40.0000
778	242.4344	239	242.4344	0.0332	0.2650	34.0000
779	246.9330	242	246.9330	0.1035	0.2777	34.0000
780	245.0793	241	245.0793	0.0214	0.2226	36.0000
781	242.7047	244	242.7047	0.1114	0.1241	31.0000
782	248.0368	248	248.0368	0.2547	0.2691	36.0000
783	246.0998	242	246.0998	0.2847	0.3095	35.0000
784	248.0781	245	248.0781	0.0650	0.2506	34.0000
785	248.8071	248	248.8071	0.1429	0.1816	31.0000
786	246.2037	243	246.2037	0.1486	0.1929	34.0000
787	244.4963	238	244.4963	0.0377	0.1289	39.0000
788	248.7030	244	248.7030	0.0312	0.0494	36.0000
789	249.6611	245	249.6611	0.2603	0.2777	35.0000
790	237.0822	231	237.0822	0.0167	0.1289	36.0000
791	250.0776	249	250.0776	0.1645	0.2548	33.0000
792	250.3272	247	250.3272	0.1249	0.1557	39.0000
793	241.3514	239	241.3514	0.0564	0.3307	35.0000
794	250.0151	248	250.0151	0.3582	0.3829	33.0000
795	247.2244	248	247.2244	0.1236	0.1253	36.0000
796	246.3288	244	246.3288	0.0586	0.1289	33.0000
797	246.8708	241	246.8708	0.0883	0.3133	36.0000
798	246.3291	241	246.3291	0.0721	0.1510	38.0000
799	247.9950	240	247.9950	0.1146	0.1289	39.0000
800	248.2867	248	248.2867	0.0641	0.0728	32.0000
801	248.9529	248	248.9529	0.3812	0.4056	33.0000
802	244.3919	240	244.3919	0.0268	0.1816	37.0000
803	243.6420	244	243.6420	0.1916	0.2269	30.0000
804	247.6200	240	247.6200	0.0702	0.1013	38.0000
805	239.1854	235	239.1854	0.0618	0.1557	36.0000
806	245.4544	242	245.4544	0.0920	0.1557	34.0000
807	239.4769	240	239.4769	0.0012	0.2459	31.0000
808	249.2652	247	249.2652	0.0182	0.2079	38.0000
809	250.1190	253	250.1190	0.2574	0.2876	31.0000
810	244.5168	241	244.5168	0.1393	0.1557	38.0000
811	248.6197	242	248.6197	0.1313	0.1627	41.0000
812	246.4536	243	246.4536	0.0883	0.1013	37.0000
813	241.1015	239	241.1015	0.0240	0.1241	34.0000
814	247.2458	240	247.2458	0.0577	0.1289	37.0000
815	246.0579	246	246.0579	0.0101	0.2960	36.0000
816	247.2866	247	247.2866	0.0612	0.2736	34.0000
817	246.1416	244	246.1416	0.3537	0.3786	32.0000
818	242.1637	244	242.1637	0.0844	0.1289	34.0000
819	246.6830	246	246.6830	0.1901	0.2548	34.0000
820	245.3290	248	245.3290	0.1024	0.3751	28.0000
821	244.7044	246	244.7044	0.0252	0.0434	35.0000
822	242.1429	239	242.1429	0.0504	0.1198	36.0000
823	238.2071	238	238.2071	0.0688	0.1510	31.0000
824	243.4135	236	243.4135	0.1097	0.1289	38.0000
825	246.0374	243	246.0374	0.0170	0.1557	33.0000
826	247.3701	248	247.3701	0.0319	0.1289	31.0000
827	246.6623	244	246.6623	0.0669	0.1557	34.0000
828	243.4546	245	243.4546	0.1058	0.2177	30.0000
829	246.5789	241	246.5789	0.0634	0.2023	36.0000
830	242.1431	241	242.1431	0.0758	0.2269	34.0000
831	242.9552	239	242.9552	0.0675	0.2777	37.0000
832	250.1400	250	250.1400	0.0968	0.1985	31.0000
833	243.4544	243	243.4544	0.0087	0.2311	33.0000
834	246.5787	243	246.5787	0.1126	0.1137	35.0000
835	241.2058	235	241.2058	0.0146	0.1462	38.0000
836	246.9118	243	246.9118	0.0509	0.2023	36.0000
837	250.0983	246	250.0983	0.1203	0.2269	35.0000
838	249.8902	247	249.8902	0.0815	0.1241	37.0000
839	245.1831	241	245.1831	0.1393	0.2459	37.0000
840	249.2032	240	249.2032	0.0057	0.0434	37.0000
841	249.5567	249	249.5567	0.0116	0.1816	34.0000
842	243.4760	238	243.4760	0.1495	0.1557	37.0000
843	243.7470	241	243.7470	0.0255	0.2220	36.0000
844	247.6411	246	247.6411	0.0439	0.1013	37.0000
845	244.4548	239	244.4548	0.0832	0.1557	36.0000
846	248.3072	249	248.3072	0.1319	0.1816	32.0000
847	244.2880	243	244.2880	0.0037	0.1771	36.0000
848	250.2020	250	250.2020	0.0958	0.1557	36.0000
849	245.1626	242	245.1626	0.0912	0.1013	38.0000
850	246.2248	248	246.2248	0.1592	0.3833	32.0000
851	244.2668	241	244.2668	0.0831	0.0963	39.0000
852	249.9733	248	249.9733	0.1199	0.1557	37.0000
853	248.2866	242	248.2866	0.4111	0.4242	39.0000
854	245.0382	235	245.0382	0.0944	0.1013	39.0000
855	245.9333	240	245.9333	0.0253	0.0494	38.0000
856	245.1419	243	245.1419	0.0687	0.1568	36.0000
857	243.3926	236	243.3926	0.1112	0.1736	37.0000
858	244.3505	240	244.3505	0.0339	0.0434	38.0000
859	245.1625	241	245.1625	0.1510	0.3214	34.0000
860	249.4317	249	249.4317	0.0997	0.1719	33.0000
861	247.4329	240	247.4329	0.1260	0.1557	37.0000
862	243.9755	239	243.9755	0.0015	0.1013	36.0000
863	249.0570	255	249.0570	0.0099	0.1013	33.0000
864	247.3493	246	247.3493	0.0345	0.1929	35.0000
865	242.7052	239	242.7052	0.0314	0.1557	36.0000
866	241.6637	243	241.6637	0.0791	0.1289	35.0000
867	241.3098	238	241.3098	0.2218	0.2777	36.0000
868	246.3915	244	246.3915	0.3574	0.3833	37.0000
869	245.2251	243	245.2251	0.0398	0.1609	36.0000
870	243.7879	240	243.7879	0.0079	0.0434	35.0000
871	248.1621	237	248.1621	0.0947	0.1719	39.0000
872	248.5570	251	248.5570	0.0549	0.1289	33.0000
873	250.2026	247	250.2026	0.0725	0.1816	37.0000
874	249.7445	242	249.7445	0.0428	0.2459	42.0000
875	245.9125	249	245.9125	0.1035	0.3481	30.0000
876	247.2660	243	247.2660	0.1203	0.1719	37.0000
877	248.5573	241	248.5573	0.2907	0.2960	36.0000
878	246.4332	245	246.4332	0.0654	0.0728	31.0000
879	244.8089	243	244.8089	0.0103	0.1719	29.0000
880	245.3294	246	245.3294	0.1227	0.2068	32.0000
881	248.9947	245	248.9947	0.0789	0.3624	36.0000
882	247.6199	248	247.6199	0.0734	0.1557	34.0000
883	246.7868	242	246.7868	0.1661	0.2177	39.0000
884	246.2873	237	246.2873	0.1990	0.2068	41.0000
885	245.9539	242	245.9539	0.0288	0.0434	40.0000
886	248.2444	249	248.2444	0.1219	0.4654	32.0000
887	243.7464	241	243.7464	0.0870	0.0906	34.0000
888	240.0187	240	240.0187	0.0986	0.1510	36.0000
889	248.5573	245	248.5573	0.0245	0.1557	35.0000
890	249.8484	244	249.8484	0.0901	0.1557	38.0000
891	248.4949	244	248.4949	0.0025	0.0394	39.0000
892	247.0789	246	247.0789	0.0713	0.1013	34.0000
893	250.4108	248	250.4108	0.0073	0.1289	35.0000
894	247.7029	240	247.7029	0.0661	0.0676	41.0000
895	244.4333	246	244.4333	0.1500	0.2269	33.0000
896	247.3913	239	247.3913	0.0294	0.1816	40.0000
897	236.5198	235	236.5198	0.0159	0.0447	34.0000
898	248.5574	241	248.5574	0.3437	0.3712	39.0000
899	249.8899	249	249.8899	0.2258	0.3786	35.0000
900	241.0393	240	241.0393	0.0321	0.3307	33.0000
901	237.4777	239	237.4777	0.1004	0.1289	31.0000
902	243.1634	238	243.1634	0.0701	0.1289	36.0000
903	247.4535	248	247.4535	0.0976	0.2563	35.0000
904	249.7864	242	249.7864	0.0426	0.1771	43.0000
905	248.3280	245	248.3280	0.1558	0.2777	36.0000
906	248.6615	246	248.6615	0.0469	0.1816	39.0000
907	247.5574	243	247.5574	0.0614	0.0618	39.0000
908	244.6002	236	244.6002	0.1389	0.3138	38.0000
909	247.6408	245	247.6408	0.0521	0.1673	40.0000
910	243.6219	236	243.6219	0.0345	0.1557	36.0000
911	240.5389	236	240.5389	0.0021	0.2311	38.0000
912	249.2439	251	249.2439	0.0092	0.0434	32.0000
913	248.5572	242	248.5572	0.0801	0.1013	38.0000
914	250.1814	247	250.1814	0.1289	0.1816	35.0000
915	244.7039	239	244.7039	0.1550	0.2594	40.0000
916	242.8513	240	242.8513	0.0237	0.0728	35.0000
917	246.2244	246	246.2244	0.0036	0.2311	33.0000
918	246.3709	243	246.3709	0.0761	0.2068	36.0000
919	244.9959	244	244.9959	0.2030	0.2226	33.0000
920	243.6214	243	243.6214	0.1953	0.2220	32.0000
921	249.4113	247	249.4113	0.0649	0.1013	33.0000
922	245.4960	243	245.4960	0.0321	0.2068	35.0000
923	242.9135	246	242.9135	0.0795	0.2777	30.0000
924	240.9976	238	240.9976	0.1006	0.2915	36.0000
925	249.1407	244	249.1407	0.0250	0.0434	36.0000
926	243.8090	237	243.8090	0.0021	0.1725	38.0000
927	240.1228	236	240.1228	0.0129	0.1816	35.0000
928	247.5573	247	247.5573	0.0206	0.0434	35.0000
929	249.8483	248	249.8483	0.2594	0.2915	34.0000
930	244.4130	235	244.4130	0.0213	0.1289	42.0000
931	246.5997	238	246.5997	0.0488	0.1289	39.0000
932	245.3288	244	245.3288	0.1150	0.1557	34.0000
933	249.2861	243	249.2861	0.1555	0.1557	37.0000
934	248.1619	238	248.1619	0.2009	0.2311	41.0000
935	250.1399	251	250.1399	0.2936	0.3820	31.0000
936	248.4324	246	248.4324	0.0437	0.1457	32.0000
937	248.9321	246	248.9321	0.0599	0.3589	34.0000
938	244.4545	239	244.4545	0.0698	0.1457	37.0000
939	244.1837	244	244.1837	0.2587	0.3133	33.0000
940	241.1641	233	241.1641	0.1034	0.2220	39.0000
941	245.7665	238	245.7665	0.1698	0.1816	37.0000
942	248.1409	244	248.1409	0.0896	0.1457	34.0000
943	247.7452	244	247.7452	0.1610	0.1771	36.0000
944	246.9326	247	246.9326	0.0511	0.3820	31.0000
945	247.7656	246	247.7656	0.1961	0.2269	34.0000
946	236.7493	234	236.7493	0.0916	0.2548	34.0000
947	245.4128	242	245.4128	0.0311	0.2068	35.0000
948	241.1223	241	241.1223	0.0781	0.3214	28.0000
949	245.3291	239	245.3291	0.0763	0.0906	40.0000
950	246.2245	239	246.2245	0.0009	0.0728	39.0000
951	246.3082	241	246.3082	0.2538	0.3095	36.0000
952	244.2048	243	244.2048	0.0431	0.0434	35.0000
953	250.1609	249	250.1609	0.1183	0.2311	35.0000
954	240.9137	241	240.9137	0.0962	0.3386	35.0000
955	248.4117	247	248.4117	0.0047	0.1025	34.0000
956	249.3692	248	249.3692	0.1436	0.3422	36.0000
957	247.8491	244	247.8491	0.0835	0.1019	38.0000
958	248.0992	245	248.0992	0.0201	0.1253	33.0000
959	247.4536	240	247.4536	0.1337	0.1816	39.0000
960	236.8738	233	236.8738	0.1092	0.2736	33.0000
961	249.8274	247	249.8274	0.0002	0.3344	36.0000
962	242.2258	236	242.2258	0.0514	0.1289	35.0000
963	249.3695	244	249.3695	0.0098	0.4274	34.0000
964	243.7675	240	243.7675	0.0675	0.1731	34.0000
965	245.0795	245	245.0795	0.0268	0.2999	36.0000
966	244.5794	245	244.5794	0.0197	0.2736	31.0000
967	244.3294	248	244.3294	0.0554	0.2548	26.0000
968	245.3083	246	245.3083	0.1333	0.2311	35.0000
969	242.9554	241	242.9554	0.0463	0.0728	36.0000
970	250.2027	244	250.2027	0.0127	0.3747	38.0000
971	250.1192	247	250.1192	0.1520	0.3133	37.0000
972	247.4533	244	247.4533	0.2112	0.2548	35.0000
973	237.4151	240	237.4151	0.3031	0.3513	31.0000
974	248.2865	250	248.2865	0.1493	0.3228	32.0000
975	247.5368	242	247.5368	0.0933	0.2506	38.0000
976	248.8696	245	248.8696	0.0404	0.1013	33.0000
977	245.9752	241	245.9752	0.1631	0.3786	36.0000
978	246.0791	242	246.0791	0.2363	0.3422	37.0000
979	248.8074	242	248.8074	0.0015	0.1816	39.0000
980	247.2657	251	247.2657	0.1446	0.2068	31.0000
981	243.8921	246	243.8921	0.0625	0.2220	33.0000
982	249.5361	247	249.5361	0.0948	0.1289	33.0000
983	246.6411	240	246.6411	0.1647	0.2506	37.0000
984	248.6195	240	248.6195	0.0624	0.0906	39.0000
985	243.4755	242	243.4755	0.0165	0.2220	32.0000
986	249.8483	247	249.8483	0.0090	0.0494	38.0000
987	242.4135	240	242.4135	0.0058	0.2068	29.0000
988	248.9116	240	248.9116	0.0853	0.1816	41.0000
989	245.4956	237	245.4956	0.0755	0.1557	43.0000
990	249.1611	245	249.1611	0.0264	0.2311	38.0000
991	247.5163	241	247.5163	0.0065	0.0728	38.0000
992	247.1410	251	247.1410	0.0468	0.2311	29.0000
993	240.1231	238	240.1231	0.0453	0.1771	34.0000
994	244.5375	243	244.5375	0.0544	0.1013	33.0000
995	250.1398	246	250.1398	0.0095	0.0728	38.0000
996	244.2875	245	244.2875	0.0022	0.2736	35.0000
997	245.0374	246	245.0374	0.0716	0.2548	32.0000
998	248.6828	239	248.6828	0.0141	0.0434	43.0000
999	249.0571	249	249.0571	0.0340	0.2736	31.0000
1000	242.4966	239	242.4966	0.1105	0.1816	40.0000
