1	545	245	232	68	13	8	1	22
2	545	246	233	66	13	10	1	24
3	539	244	227	68	17	12	6	35
4	543	243	227	73	16	8	3	27
5	537	248	225	64	23	5	6	34
6	543	244	234	65	10	10	2	22
7	548	240	231	77	9	14	2	25
8	545	237	228	80	9	8	2	19
9	542	239	229	74	10	6	5	21
10	547	241	231	75	10	11	4	25
11	541	244	234	63	10	8	5	23
12	540	246	233	61	13	9	4	26
13	542	244	230	68	14	10	2	26
14	544	242	228	74	14	8	3	25
15	545	241	235	69	6	16	3	25
16	545	235	225	85	10	6	3	19
17	546	239	229	78	10	12	5	27
18	543	247	232	64	15	11	2	28
19	544	246	231	67	15	13	2	30
20	544	244	231	69	13	10	2	25
21	542	241	231	70	10	11	5	26
22	543	245	234	64	11	13	2	26
23	541	243	232	66	11	8	3	22
24	544	249	237	58	12	14	2	28
25	541	246	231	64	15	8	3	26
26	544	245	233	66	12	10	2	24
27	544	243	232	69	11	12	2	25
28	542	243	235	64	8	10	5	23
29	543	244	227	72	17	11	4	32
30	544	241	232	71	9	10	5	24
31	542	245	227	70	18	11	4	33
32	546	242	230	74	12	15	4	31
33	543	243	228	72	15	14	4	33
34	547	241	226	80	15	11	2	28
35	542	247	220	75	27	13	5	45
36	540	249	236	55	13	13	4	30
37	544	241	227	76	14	17	7	38
38	544	240	231	73	9	9	8	26
39	546	246	235	65	11	15	1	27
40	546	240	227	79	13	15	3	31
41	546	241	232	73	9	7	2	18
42	541	245	231	65	14	13	4	31
43	543	245	233	65	12	13	4	29
44	540	245	232	63	13	10	6	29
45	543	243	233	67	10	15	6	31
46	545	244	230	71	14	17	4	35
47	542	242	232	68	10	10	6	26
48	541	246	230	65	16	13	4	33
49	541	246	235	60	11	11	5	27
50	545	243	231	71	12	13	3	28
51	541	242	235	64	7	8	4	19
52	543	244	236	63	8	10	4	22
53	540	244	232	64	12	5	2	19
54	543	240	228	75	12	13	6	31
55	544	249	234	61	15	11	3	29
56	545	241	234	70	7	17	5	29
57	549	239	232	78	7	18	2	27
58	547	239	227	81	12	9	3	24
59	547	243	233	71	10	14	2	26
60	544	246	231	67	15	11	1	27
61	544	247	233	64	14	15	2	31
62	541	242	229	70	13	13	7	33
63	545	246	233	66	13	8	2	23
64	540	243	231	66	12	7	4	23
65	545	244	227	74	17	15	4	36
66	546	241	232	73	9	11	3	23
67	541	244	232	65	12	8	4	24
68	536	242	229	65	13	4	7	24
69	545	242	230	73	12	15	3	30
70	544	240	230	74	10	8	4	22
71	539	243	229	67	14	11	6	31
72	548	241	230	77	11	18	6	35
73	547	239	232	76	7	12	2	21
74	544	249	233	62	16	11	0	27
75	547	240	234	73	6	15	4	25
76	542	240	228	74	12	14	9	35
77	545	241	232	72	9	14	6	29
78	545	244	234	67	10	14	2	26
79	546	243	234	69	9	14	4	27
80	541	236	230	75	6	9	8	23
81	546	241	235	70	6	13	3	22
82	545	245	234	66	11	10	3	24
83	542	236	224	82	12	9	6	27
84	545	246	225	74	21	15	4	40
85	546	244	237	65	7	13	2	22
86	546	239	226	81	13	10	3	26
87	541	243	228	70	15	5	3	23
88	543	244	228	71	16	12	2	30
89	545	244	231	70	13	14	2	29
90	546	241	230	75	11	15	2	28
91	544	241	225	78	16	13	3	32
92	544	250	237	57	13	14	2	29
93	543	247	238	58	9	10	2	21
94	545	247	231	67	16	17	4	37
95	541	248	234	59	14	13	5	32
96	543	248	228	67	20	18	4	42
97	542	240	229	73	11	9	5	25
98	546	245	235	66	10	18	2	30
99	542	245	224	73	21	6	1	28
100	546	236	224	86	12	15	6	33
101	546	245	235	66	10	11	1	22
102	545	243	234	68	9	8	1	18
103	545	236	227	82	9	10	6	25
104	542	250	228	64	22	18	4	44
105	544	240	232	72	8	12	5	25
106	540	244	233	63	11	9	4	24
107	547	240	227	80	13	14	1	28
108	543	245	229	69	16	14	3	33
109	545	246	237	62	9	16	2	27
110	540	245	229	66	16	5	3	24
111	542	246	233	63	13	9	1	23
112	540	242	226	72	16	8	5	29
113	546	244	232	70	12	11	4	27
114	545	246	236	63	10	13	2	25
115	545	247	231	67	16	15	2	33
116	540	246	227	67	19	11	5	35
117	547	246	235	66	11	11	1	23
118	542	249	235	58	14	10	3	27
119	541	242	224	75	18	9	6	33
120	545	242	227	76	15	10	1	26
121	546	244	232	70	12	13	4	29
122	549	244	236	69	8	18	4	30
123	543	244	227	72	17	12	3	32
124	545	245	237	63	8	7	3	18
125	547	246	230	71	16	20	5	41
126	546	249	236	61	13	17	1	31
127	542	239	224	79	15	12	6	33
128	542	243	229	70	14	11	5	30
129	543	244	233	66	11	11	3	25
130	545	239	231	75	8	16	5	29
131	544	244	238	62	6	15	4	25
132	543	241	226	76	15	11	5	31
133	544	246	234	64	12	14	2	28
134	545	245	233	67	12	14	2	28
135	540	247	234	59	13	8	3	24
136	541	248	234	59	14	9	3	26
137	546	248	237	61	11	20	1	32
138	547	245	235	67	10	14	4	28
139	543	241	235	67	6	8	3	17
140	544	248	236	60	12	11	2	25
141	545	237	232	76	5	10	4	19
142	542	238	224	80	14	6	3	23
143	545	242	228	75	14	12	2	28
144	544	249	235	60	14	12	1	27
145	545	243	235	67	8	8	1	17
146	543	240	230	73	10	8	4	22
147	542	243	234	65	9	7	3	19
148	543	244	235	64	9	11	3	23
149	543	238	227	78	11	10	5	26
150	544	240	227	77	13	11	6	30
151	543	246	233	64	13	14	4	31
152	542	244	231	67	13	12	4	29
153	542	244	234	64	10	10	4	24
154	543	243	230	70	13	9	3	25
155	545	243	235	67	8	15	3	26
156	543	243	235	65	8	10	4	22
157	539	249	227	63	22	12	5	39
158	545	242	233	70	9	11	2	22
159	543	242	224	77	18	7	3	28
160	540	248	230	62	18	7	5	30
161	542	243	229	70	14	7	3	24
162	541	243	237	61	6	12	8	26
163	540	242	224	74	18	7	6	31
164	543	247	235	61	12	13	3	28
165	545	242	234	69	8	9	2	19
166	546	245	235	66	10	17	4	31
167	544	242	229	73	13	10	1	24
168	544	245	233	66	12	9	1	22
169	545	237	222	86	15	16	6	37
170	544	247	235	62	12	15	3	30
171	542	245	234	63	11	12	3	26
172	541	243	229	69	14	7	5	26
173	542	243	231	68	12	11	5	28
174	543	246	235	62	11	15	4	30
175	541	243	232	66	11	13	6	30
176	543	246	234	63	12	10	2	24
177	549	242	231	76	11	17	2	30
178	542	245	232	65	13	10	4	27
179	542	243	230	69	13	8	4	25
180	546	244	228	74	16	13	2	31
181	546	247	229	70	18	17	3	38
182	544	247	230	67	17	13	2	32
183	541	240	231	70	9	9	5	23
184	546	237	227	82	10	12	4	26
185	544	249	231	64	18	16	2	36
186	544	244	237	63	7	12	3	22
187	538	242	227	69	15	7	6	28
188	542	242	226	74	16	9	3	28
189	542	244	226	72	18	10	2	30
190	544	241	231	72	10	12	4	26
191	543	249	236	58	13	18	3	34
192	544	241	233	70	8	13	5	26
193	543	248	236	59	12	11	1	24
194	549	243	232	74	11	19	3	33
195	543	240	229	74	11	11	7	29
196	545	245	232	68	13	13	1	27
197	540	240	225	75	15	8	6	29
198	537	240	229	68	11	8	9	28
199	543	250	232	61	18	16	4	38
200	541	249	230	62	19	12	2	33
201	546	246	233	67	13	21	3	37
202	539	245	229	65	16	15	9	40
203	543	245	232	66	13	16	4	33
204	548	242	233	73	9	17	2	28
205	545	244	229	72	15	17	2	34
206	543	248	231	64	17	9	2	28
207	547	243	232	72	11	16	1	28
208	540	247	228	65	19	8	6	33
209	546	242	237	67	5	16	5	26
210	541	245	233	63	12	10	5	27
211	538	247	233	58	14	11	6	31
212	542	242	228	72	14	10	5	29
213	547	241	234	72	7	13	1	21
214	542	237	225	80	12	10	8	30
215	544	244	223	77	21	17	4	42
216	545	246	233	66	13	16	3	32
217	548	243	234	71	9	14	4	27
218	541	241	229	71	12	7	4	23
219	545	245	231	69	14	12	1	27
220	547	242	233	72	9	17	4	30
221	543	243	234	66	9	12	3	24
222	546	244	234	68	10	10	0	20
223	544	248	239	57	9	14	2	25
224	545	241	230	74	11	13	2	26
225	543	246	234	63	12	11	2	25
226	543	246	234	63	12	14	5	31
227	541	245	227	69	18	6	4	28
228	542	244	224	74	20	13	4	37
229	538	240	228	70	12	4	8	24
230	544	247	238	59	9	10	2	21
231	544	244	231	69	13	17	4	34
232	545	246	231	68	15	14	1	30
233	542	238	227	77	11	6	5	22
234	546	242	235	69	7	12	1	20
235	541	244	231	66	13	10	5	28
236	547	237	232	78	5	12	2	19
237	545	243	230	72	13	13	2	28
238	539	246	235	58	11	12	7	30
239	545	238	234	73	4	11	5	20
240	537	244	229	64	15	6	6	27
241	545	244	234	67	10	10	2	22
242	543	242	232	69	10	10	4	24
243	545	244	234	67	10	15	2	27
244	544	240	233	71	7	10	4	21
245	547	245	232	70	13	16	1	30
246	543	244	232	67	12	9	4	25
247	543	246	236	61	10	12	4	26
248	543	243	233	67	10	13	4	27
249	548	240	234	74	6	16	4	26
250	541	245	228	68	17	12	5	34
251	540	248	227	65	21	14	5	40
252	543	242	233	68	9	7	4	20
253	544	240	229	75	11	8	2	21
254	545	242	234	69	8	15	3	26
255	545	241	234	70	7	10	3	20
256	545	242	229	74	13	14	4	31
257	543	243	230	70	13	9	4	26
258	544	242	229	73	13	11	4	28
259	545	242	233	70	9	11	3	23
260	542	245	231	66	14	14	5	33
261	537	241	231	65	10	10	11	31
262	541	247	240	54	7	13	4	24
263	538	248	233	57	15	11	7	33
264	546	243	237	66	6	12	0	18
265	548	239	230	79	9	14	2	25
266	543	247	235	61	12	10	3	25
267	545	245	236	64	9	15	2	26
268	543	250	236	57	14	13	2	29
269	541	241	231	69	10	10	7	27
270	543	248	233	62	15	17	2	34
271	542	243	225	74	18	7	2	27
272	547	246	235	66	11	14	0	25
273	544	243	231	70	12	15	3	30
274	543	247	229	67	18	9	2	29
275	545	242	225	78	17	14	2	33
276	544	247	236	61	11	11	2	24
277	544	237	228	79	9	5	2	16
278	546	240	234	72	6	15	4	25
279	546	242	231	73	11	11	1	23
280	542	241	227	74	14	12	7	33
281	542	242	229	71	13	7	3	23
282	540	243	229	68	14	13	7	34
283	543	243	235	65	8	9	3	20
284	546	241	233	72	8	13	4	25
285	545	244	232	69	12	12	3	27
286	545	242	231	72	11	13	4	28
287	541	240	226	75	14	6	3	23
288	542	242	230	70	12	9	6	27
289	544	237	229	78	8	9	7	24
290	540	247	235	58	12	7	3	22
291	541	246	235	60	11	12	6	29
292	546	242	231	73	11	14	2	27
293	541	240	224	77	16	9	7	32
294	544	240	227	77	13	11	5	29
295	543	247	231	65	16	18	6	40
296	544	240	235	69	5	8	3	16
297	543	249	227	67	22	19	3	44
298	542	240	232	70	8	4	3	15
299	545	239	230	76	9	16	6	31
300	548	238	227	83	11	13	4	28
301	546	244	240	62	4	15	3	22
302	546	237	232	77	5	14	5	24
303	549	245	234	70	11	18	1	30
304	546	243	232	71	11	16	3	30
305	544	239	229	76	10	5	2	17
306	543	245	232	66	13	13	2	28
307	543	243	236	64	7	9	4	20
308	547	243	234	70	9	12	3	24
309	546	241	227	78	14	13	3	30
310	543	241	230	72	11	16	8	35
311	542	239	230	73	9	9	5	23
312	546	246	231	69	15	16	1	32
313	545	245	233	67	12	12	2	26
314	547	246	234	67	12	17	2	31
315	547	241	235	71	6	12	2	20
316	544	245	233	66	12	14	4	30
317	539	246	231	62	15	8	5	28
318	538	242	229	67	13	9	9	31
319	541	243	229	69	14	8	3	25
320	543	244	233	66	11	9	2	22
321	541	242	230	69	12	11	6	29
322	543	248	235	60	13	12	2	27
323	545	244	232	69	12	17	4	33
324	547	246	229	72	17	16	1	34
325	549	247	236	66	11	18	3	32
326	539	246	235	58	11	10	6	27
327	543	241	238	64	3	9	6	18
328	544	242	229	73	13	11	2	26
329	545	248	230	67	18	11	2	31
330	541	239	229	73	10	6	6	22
331	548	246	234	68	12	17	1	30
332	543	241	227	75	14	6	1	21
333	540	240	232	68	8	6	6	20
334	541	247	230	64	17	8	3	28
335	543	242	232	69	10	11	3	24
336	543	244	232	67	12	13	5	30
337	544	240	230	74	10	5	3	18
338	546	241	227	78	14	11	2	27
339	544	246	231	67	15	13	2	30
340	546	243	234	69	9	15	2	26
341	544	243	235	66	8	13	3	24
342	544	244	233	67	11	13	2	26
343	545	242	231	72	11	9	1	21
344	543	242	230	71	12	8	2	22
345	542	241	231	70	10	7	2	19
346	543	246	225	72	21	8	3	32
347	539	242	227	70	15	8	5	28
348	543	244	232	67	12	10	4	26
349	549	241	231	77	10	19	3	32
350	544	240	227	77	13	10	3	26
351	546	239	229	78	10	13	3	26
352	544	242	231	71	11	7	1	19
353	543	242	234	67	8	7	3	18
354	544	240	230	74	10	12	4	26
355	547	242	231	74	11	16	2	29
356	544	243	234	67	9	7	2	18
357	543	238	228	77	10	10	6	26
358	546	246	235	65	11	14	4	29
359	543	247	235	61	12	14	3	29
360	547	246	232	69	14	22	4	40
361	545	248	235	62	13	14	1	28
362	542	248	229	65	19	13	1	33
363	542	236	224	82	12	9	7	28
364	541	241	228	72	13	10	6	29
365	546	241	228	77	13	12	2	27
366	545	242	232	71	10	13	2	25
367	544	242	231	71	11	13	5	29
368	543	242	235	66	7	10	3	20
369	542	245	232	65	13	8	7	28
370	543	244	223	76	21	12	2	35
371	543	244	231	68	13	7	1	21
372	543	245	228	70	17	9	3	29
373	545	246	233	66	13	13	2	28
374	543	243	230	70	13	12	2	27
375	546	244	237	65	7	13	3	23
376	543	243	231	69	12	12	5	29
377	545	241	229	75	12	11	3	26
378	545	246	237	62	9	13	1	23
379	546	237	234	75	3	12	5	20
380	545	246	239	60	7	13	1	21
381	543	239	230	74	9	7	4	20
382	541	243	221	77	22	8	5	35
383	548	244	232	72	12	13	1	26
384	545	243	231	71	12	10	3	25
385	543	241	229	73	12	9	4	25
386	540	243	229	68	14	7	6	27
387	542	245	236	61	9	12	6	27
388	544	238	225	81	13	9	4	26
389	541	244	236	61	8	10	5	23
390	542	242	231	69	11	7	3	21
391	543	242	229	72	13	10	4	27
392	544	245	231	68	14	10	2	26
393	545	242	228	75	14	11	2	27
394	544	244	228	72	16	12	2	30
395	541	245	226	70	19	11	5	35
396	540	245	227	68	18	8	6	32
397	541	242	233	66	9	8	5	22
398	538	246	230	62	16	11	7	34
399	544	249	231	64	18	15	2	35
400	544	243	230	71	13	12	5	30
401	544	243	232	69	11	12	5	28
402	545	245	240	60	5	12	1	18
403	546	239	226	81	13	14	4	31
404	539	240	228	71	12	12	9	33
405	547	241	228	78	13	13	2	28
406	545	245	234	66	11	11	2	24
407	541	248	229	64	19	8	3	30
408	544	246	235	63	11	12	2	25
409	544	243	230	71	13	10	2	25
410	544	243	230	71	13	13	4	30
411	545	245	237	63	8	6	2	16
412	545	244	240	61	4	15	3	22
413	544	241	228	75	13	9	3	25
414	543	245	235	63	10	16	5	31
415	547	246	239	62	7	13	0	20
416	543	241	231	71	10	10	5	25
417	546	239	229	78	10	12	3	25
418	544	244	231	69	13	8	3	24
419	546	244	229	73	15	16	3	34
420	542	240	229	73	11	11	6	28
421	541	247	227	67	20	18	7	45
422	544	245	233	66	12	13	2	27
423	544	241	226	77	15	16	6	37
424	545	244	233	68	11	15	3	29
425	543	244	227	72	17	13	4	34
426	547	239	231	77	8	10	1	19
427	540	248	233	59	15	11	5	31
428	549	240	233	76	7	14	1	22
429	541	243	226	72	17	12	8	37
430	541	241	234	66	7	6	6	19
431	545	244	231	70	13	15	2	30
432	543	244	229	70	15	14	3	32
433	544	246	228	70	18	14	2	34
434	545	244	231	70	13	12	3	28
435	538	248	231	59	17	8	4	29
436	542	243	236	63	7	8	4	19
437	542	246	227	69	19	9	1	29
438	544	244	232	68	12	13	3	28
439	545	245	236	64	9	18	3	30
440	540	246	230	64	16	12	6	34
441	546	242	230	74	12	20	6	38
442	546	242	231	73	11	13	3	27
443	544	245	236	63	9	11	2	22
444	545	240	231	74	9	10	3	22
445	541	246	234	61	12	7	2	21
446	543	244	234	65	10	13	4	27
447	541	247	229	65	18	8	2	28
448	542	238	229	75	9	8	5	22
449	544	242	228	74	14	9	3	26
450	545	243	234	68	9	13	3	25
451	544	240	230	74	10	9	4	23
452	543	243	229	71	14	9	3	26
453	541	244	235	62	9	8	3	20
454	542	245	226	71	19	13	4	36
455	543	246	236	61	10	12	2	24
456	547	244	230	73	14	13	3	30
457	544	244	230	70	14	21	7	42
458	545	245	236	64	9	12	2	23
459	545	244	230	71	14	14	1	29
460	545	240	235	70	5	11	4	20
461	540	243	231	66	12	9	7	28
462	544	244	230	70	14	12	3	29
463	541	243	230	68	13	11	4	28
464	539	245	227	67	18	8	3	29
465	544	240	232	72	8	12	5	25
466	543	248	228	67	20	13	2	35
467	539	240	230	69	10	4	6	20
468	543	240	230	73	10	7	4	21
469	546	244	235	67	9	14	3	26
470	542	246	231	65	15	9	1	25
471	542	246	233	63	13	10	4	27
472	538	249	229	60	20	13	8	41
473	543	244	229	70	15	10	3	28
474	542	247	233	62	14	10	4	28
475	545	241	231	73	10	9	2	21
476	548	238	227	83	11	16	5	32
477	543	243	236	64	7	15	7	29
478	545	243	225	77	18	12	2	32
479	545	245	233	67	12	16	4	32
480	542	244	232	66	12	7	3	22
481	543	242	232	69	10	13	4	27
482	547	238	234	75	4	11	2	17
483	542	247	233	62	14	20	6	40
484	544	242	229	73	13	13	3	29
485	544	240	229	75	11	11	3	25
486	542	244	237	61	7	12	5	24
487	547	243	234	70	9	13	1	23
488	542	244	235	63	9	10	4	23
489	538	243	228	67	15	9	8	32
490	541	244	229	68	15	13	4	32
491	543	248	235	60	13	13	3	29
492	545	247	231	67	16	15	1	32
493	546	245	237	64	8	10	0	18
494	541	246	229	66	17	11	5	33
495	544	246	233	65	13	8	1	22
496	544	240	228	76	12	8	4	24
497	546	245	229	72	16	13	0	29
498	545	241	231	73	10	10	4	24
499	542	244	228	70	16	11	3	30
500	543	249	232	62	17	16	3	36
501	541	246	235	60	11	13	5	29
502	544	244	231	69	13	11	5	29
503	545	239	230	76	9	6	3	18
504	543	240	232	71	8	9	3	20
505	546	240	236	70	4	15	6	25
506	542	245	227	70	18	8	1	27
507	545	244	232	69	12	12	1	25
508	544	241	229	74	12	8	5	25
509	542	247	237	58	10	10	2	22
510	544	245	232	67	13	10	2	25
511	545	242	232	71	10	11	3	24
512	546	246	235	65	11	15	2	28
513	544	241	224	79	17	13	4	34
514	543	244	231	68	13	11	4	28
515	542	243	231	68	12	6	3	21
516	542	244	226	72	18	9	4	31
517	544	239	229	76	10	7	2	19
518	540	246	226	68	20	9	4	33
519	544	240	229	75	11	11	6	28
520	545	244	229	72	15	12	2	29
521	540	251	231	58	20	9	1	30
522	543	240	227	76	13	9	4	26
523	541	242	232	67	10	8	5	23
524	544	239	229	76	10	12	4	26
525	543	242	230	71	12	10	3	25
526	542	243	235	64	8	8	3	19
527	546	243	233	70	10	11	1	22
528	547	244	233	70	11	16	1	28
529	541	245	233	63	12	6	3	21
530	543	244	235	64	9	11	4	24
531	543	246	232	65	14	9	2	25
532	541	240	231	70	9	6	6	21
533	545	242	226	77	16	15	2	33
534	541	242	230	69	12	13	5	30
535	544	244	232	68	12	12	3	27
536	540	243	227	70	16	13	7	36
537	548	241	235	72	6	11	2	19
538	545	238	233	74	5	10	6	21
539	543	243	235	65	8	14	7	29
540	546	242	235	69	7	16	4	27
541	545	244	236	65	8	15	2	25
542	536	239	225	72	14	5	8	27
543	545	242	233	70	9	12	2	23
544	545	246	232	67	14	13	1	28
545	540	245	230	65	15	12	6	33
546	544	249	233	62	16	17	2	35
547	543	248	234	61	14	11	3	28
548	549	240	233	76	7	19	2	28
549	544	245	229	70	16	13	2	31
550	541	245	234	62	11	7	3	21
551	544	237	228	79	9	11	7	27
552	541	247	228	66	19	15	6	40
553	543	245	233	65	12	9	4	25
554	543	241	237	65	4	14	6	24
555	544	246	230	68	16	9	3	28
556	541	242	235	64	7	5	3	15
557	543	244	231	68	13	10	3	26
558	548	239	233	76	6	15	3	24
559	541	234	228	79	6	8	9	23
560	543	241	229	73	12	9	4	25
561	549	242	234	73	8	17	1	26
562	543	246	227	70	19	11	4	34
563	541	243	229	69	14	8	4	26
564	545	245	235	65	10	17	3	30
565	545	241	232	72	9	10	5	24
566	541	242	233	66	9	13	7	29
567	541	245	232	64	13	8	3	24
568	542	243	233	66	10	9	2	21
569	542	247	236	59	11	13	4	28
570	543	244	235	64	9	8	2	19
571	547	240	229	78	11	14	2	27
572	544	245	235	64	10	12	3	25
573	541	242	230	69	12	7	4	23
574	544	241	225	78	16	8	3	27
575	539	244	231	64	13	11	6	30
576	545	243	235	67	8	12	4	24
577	543	241	231	71	10	11	5	26
578	545	243	231	71	12	11	3	26
579	543	242	227	74	15	3	1	19
580	543	244	232	67	12	11	2	25
581	545	241	235	69	6	7	2	15
582	544	241	229	74	12	13	3	28
583	542	238	230	74	8	6	6	20
584	542	244	226	72	18	9	3	30
585	543	243	230	70	13	10	3	26
586	541	243	231	67	12	13	9	34
587	543	244	228	71	16	11	4	31
588	541	247	230	64	17	13	5	35
589	547	239	233	75	6	14	2	22
590	547	244	236	67	8	13	3	24
591	542	242	225	75	17	9	5	31
592	547	239	225	83	14	11	3	28
593	547	241	231	75	10	18	3	31
594	540	242	232	66	10	9	6	25
595	543	249	237	57	12	11	1	24
596	541	244	228	69	16	10	5	31
597	543	245	236	62	9	13	4	26
598	543	239	227	77	12	12	4	28
599	544	245	228	71	17	12	2	31
600	545	248	239	58	9	15	1	25
601	541	248	233	60	15	10	2	27
602	545	242	233	70	9	11	3	23
603	547	240	228	79	12	12	1	25
604	543	241	231	71	10	8	5	23
605	541	244	230	67	14	9	4	27
606	544	243	230	71	13	13	3	29
607	544	240	234	70	6	9	6	21
608	543	248	233	62	15	19	5	39
609	543	243	232	68	11	9	3	23
610	545	249	237	59	12	16	3	31
611	546	238	231	77	7	13	5	25
612	542	246	234	62	12	10	3	25
613	546	239	233	74	6	13	3	22
614	548	243	230	75	13	19	2	34
615	542	244	230	68	14	9	4	27
616	544	249	235	60	14	12	2	28
617	544	245	232	67	13	15	3	31
618	541	244	228	69	16	13	5	34
619	543	246	234	63	12	15	4	31
620	541	237	228	76	9	7	5	21
621	545	243	230	72	13	11	0	24
622	538	247	233	58	14	7	5	26
623	540	243	231	66	12	10	7	29
624	543	243	231	69	12	12	3	27
625	545	243	230	72	13	9	1	23
626	540	245	232	63	13	10	5	28
627	546	244	234	68	10	11	1	22
628	542	245	229	68	16	10	3	29
629	544	242	225	77	17	11	2	30
630	545	241	229	75	12	10	3	25
631	544	246	236	62	10	15	3	28
632	540	239	227	74	12	9	7	28
633	541	243	229	69	14	8	6	28
634	540	246	233	61	13	12	6	31
635	546	244	228	74	16	12	0	28
636	549	243	232	74	11	21	3	35
637	545	243	230	72	13	13	3	29
638	545	245	238	62	7	11	0	18
639	547	245	233	69	12	16	1	29
640	543	242	233	68	9	10	2	21
641	545	239	231	75	8	10	4	22
642	543	246	230	67	16	11	2	29
643	547	243	232	72	11	12	1	24
644	544	247	232	65	15	14	1	30
645	541	249	233	59	16	16	5	37
646	545	241	231	73	10	11	5	26
647	545	245	236	64	9	18	3	30
648	542	244	230	68	14	8	3	25
649	544	247	233	64	14	17	2	33
650	543	244	234	65	10	14	5	29
651	544	244	234	66	10	15	3	28
652	546	246	232	68	14	15	2	31
653	545	244	228	73	16	12	2	30
654	541	243	231	67	12	8	5	25
655	542	245	234	63	11	8	1	20
656	544	243	232	69	11	12	4	27
657	543	237	229	77	8	16	9	33
658	542	240	227	75	13	9	5	27
659	539	247	229	63	18	10	3	31
660	542	244	233	65	11	9	4	24
661	540	243	229	68	14	10	5	29
662	545	244	230	71	14	12	3	29
663	544	244	232	68	12	8	1	21
664	539	243	232	64	11	4	4	19
665	546	242	231	73	11	13	3	27
666	541	241	230	70	11	5	4	20
667	544	244	234	66	10	12	4	26
668	547	243	234	70	9	15	2	26
669	544	246	230	68	16	15	3	34
670	543	239	233	71	6	5	4	15
671	541	242	229	70	13	11	5	29
672	540	245	231	64	14	9	4	27
673	550	240	232	78	8	17	0	25
674	545	249	230	66	19	15	2	36
675	539	246	232	61	14	8	4	26
676	543	244	235	64	9	11	4	24
677	541	240	225	76	15	11	5	31
678	544	243	234	67	9	9	2	20
679	542	249	237	56	12	12	2	26
680	543	245	231	67	14	9	4	27
681	544	240	228	76	12	7	2	21
682	541	245	229	67	16	9	3	28
683	543	243	230	70	13	7	1	21
684	547	239	231	77	8	15	3	26
685	542	246	232	64	14	10	2	26
686	546	241	232	73	9	11	2	22
687	544	246	230	68	16	13	2	31
688	544	247	233	64	14	11	2	27
689	545	242	235	68	7	16	5	28
690	543	245	231	67	14	11	1	26
691	543	241	227	75	14	13	4	31
692	542	245	228	69	17	12	4	33
693	544	241	227	76	14	13	2	29
694	542	243	233	66	10	10	4	24
695	543	245	233	65	12	10	3	25
696	546	242	230	74	12	13	2	27
697	544	240	228	76	12	13	5	30
698	543	241	233	69	8	10	5	23
699	543	238	228	77	10	8	6	24
700	545	245	235	65	10	16	4	30
701	545	248	236	61	12	13	1	26
702	543	243	229	71	14	13	5	32
703	542	243	229	70	14	9	4	27
704	544	247	235	62	12	15	2	29
705	548	245	237	66	8	18	2	28
706	543	243	229	71	14	9	3	26
707	544	241	229	74	12	12	4	28
708	542	241	230	71	11	7	4	22
709	545	246	235	64	11	13	2	26
710	544	243	227	74	16	9	4	29
711	546	239	230	77	9	16	5	30
712	542	246	228	68	18	13	3	34
713	547	241	231	75	10	13	3	26
714	542	243	234	65	9	9	3	21
715	548	246	236	66	10	19	3	32
716	540	242	236	62	6	3	3	12
717	545	244	237	64	7	12	5	24
718	543	244	236	63	8	12	5	25
719	544	245	235	64	10	18	5	33
720	545	243	230	72	13	16	4	33
721	539	241	228	70	13	7	5	25
722	545	244	231	70	13	14	3	30
723	546	249	240	57	9	16	1	26
724	546	244	233	69	11	13	2	26
725	544	245	232	67	13	12	2	27
726	541	240	230	71	10	11	7	28
727	544	244	227	73	17	12	4	33
728	542	248	239	55	9	18	5	32
729	547	245	239	63	6	15	3	24
730	541	248	226	67	22	9	1	32
731	540	244	231	65	13	7	5	25
732	544	240	232	72	8	10	5	23
733	546	240	230	76	10	15	3	28
734	547	244	232	71	12	18	3	33
735	541	245	230	66	15	9	3	27
736	545	242	231	72	11	12	3	26
737	546	245	236	65	9	9	2	20
738	542	239	226	77	13	9	4	26
739	543	243	231	69	12	15	4	31
740	541	247	227	67	20	10	2	32
741	546	241	235	70	6	12	3	21
742	544	243	232	69	11	12	4	27
743	549	236	228	85	8	10	2	20
744	543	240	231	72	9	8	5	22
745	545	244	230	71	14	15	3	32
746	544	243	227	74	16	14	3	33
747	544	245	237	62	8	14	2	24
748	540	241	232	67	9	11	10	30
749	545	245	228	72	17	13	5	35
750	544	243	232	69	11	10	3	24
751	540	240	227	73	13	9	7	29
752	541	242	230	69	12	6	4	22
753	545	246	238	61	8	12	2	22
754	543	243	233	67	10	11	4	25
755	547	242	236	69	6	18	6	30
756	539	240	226	73	14	5	5	24
757	543	243	229	71	14	11	3	28
758	545	239	228	78	11	13	3	27
759	547	240	231	76	9	13	6	28
760	545	241	234	70	7	9	3	19
761	543	243	235	65	8	8	4	20
762	540	248	232	60	16	15	5	36
763	543	246	226	71	20	12	3	35
764	543	245	234	64	11	9	3	23
765	544	239	231	74	8	9	2	19
766	541	242	232	67	10	10	6	26
767	542	244	226	72	18	8	5	31
768	545	248	237	60	11	20	2	33
769	542	243	231	68	12	14	8	34
770	542	246	232	64	14	11	2	27
771	544	244	231	69	13	15	5	33
772	545	238	228	79	10	13	4	27
773	543	241	233	69	8	10	4	22
774	539	246	232	61	14	8	6	28
775	541	246	228	67	18	6	3	27
776	541	244	232	65	12	7	3	22
777	545	241	224	80	17	9	0	26
778	545	245	234	66	11	13	2	26
779	542	243	232	67	11	7	2	20
780	543	242	230	71	12	10	3	25
781	543	248	233	62	15	14	3	32
782	538	244	225	69	19	6	5	30
783	544	244	230	70	14	8	2	24
784	545	245	233	67	12	15	1	28
785	543	246	236	61	10	12	2	24
786	545	245	233	67	12	14	1	27
787	544	240	228	76	12	11	3	26
788	546	241	233	72	8	10	4	22
789	545	244	231	70	13	8	1	22
790	544	241	231	72	10	10	4	24
791	545	245	237	63	8	13	4	25
792	547	241	229	77	12	13	6	31
793	543	245	229	69	16	10	3	29
794	545	245	236	64	9	11	3	23
795	538	245	225	68	20	10	5	35
796	544	246	233	65	13	12	1	26
797	541	241	230	70	11	5	2	18
798	543	240	230	73	10	10	4	24
799	546	239	230	77	9	12	2	23
800	540	246	232	62	14	6	3	23
801	542	246	231	65	15	10	2	27
802	544	241	230	73	11	13	4	28
803	545	249	237	59	12	17	1	30
804	548	242	230	76	12	13	0	25
805	546	243	233	70	10	15	3	28
806	542	243	232	67	11	6	3	20
807	543	246	236	61	10	14	4	28
808	544	241	230	73	11	15	6	32
809	543	250	233	60	17	13	3	33
810	544	242	227	75	15	13	4	32
811	546	240	226	80	14	13	3	30
812	545	244	229	72	15	15	2	32
813	543	244	233	66	11	12	4	27
814	542	240	230	72	10	4	2	16
815	541	245	226	70	19	12	4	35
816	543	245	230	68	15	11	4	30
817	544	244	238	62	6	11	4	21
818	539	246	228	65	18	9	6	33
819	541	245	229	67	16	6	4	26
820	542	250	236	56	14	11	2	27
821	540	245	229	66	16	11	6	33
822	543	243	231	69	12	13	5	30
823	538	244	235	59	9	6	6	21
824	544	239	231	74	8	9	3	20
825	543	244	234	65	10	10	2	22
826	542	248	233	61	15	10	2	27
827	541	244	231	66	13	8	3	24
828	544	249	237	58	12	16	3	31
829	544	242	232	70	10	11	2	23
830	542	244	235	63	9	12	5	26
831	543	242	230	71	12	11	4	27
832	545	247	238	60	9	12	3	24
833	545	247	233	65	14	17	2	33
834	545	244	232	69	12	12	2	26
835	545	241	229	75	12	10	3	25
836	545	241	232	72	9	13	4	26
837	547	244	234	69	10	12	2	24
838	544	242	231	71	11	11	5	27
839	546	242	230	74	12	16	3	31
840	546	239	233	74	6	7	1	14
841	544	245	232	67	13	12	4	29
842	543	241	231	71	10	11	3	24
843	537	241	228	68	13	4	7	24
844	541	242	228	71	14	8	6	28
845	543	242	230	71	12	7	2	21
846	542	247	231	64	16	9	3	28
847	541	242	231	68	11	12	6	29
848	546	247	228	71	19	15	3	37
849	543	241	227	75	14	9	6	29
850	540	246	232	62	14	7	6	27
851	544	241	227	76	14	15	5	34
852	545	243	231	71	12	14	5	31
853	544	242	225	77	17	9	1	27
854	543	238	228	77	10	4	1	15
855	543	241	229	73	12	11	4	27
856	540	243	227	70	16	8	4	28
857	545	241	231	73	10	10	2	22
858	542	241	229	72	12	12	5	29
859	545	244	233	68	11	13	1	25
860	544	247	233	64	14	14	2	30
861	544	240	231	73	9	8	2	19
862	546	243	232	71	11	12	2	25
863	536	248	227	61	21	10	7	38
864	543	243	232	68	11	12	5	28
865	543	241	230	72	11	8	5	24
866	541	244	230	67	14	13	7	34
867	543	241	231	71	10	11	5	26
868	541	241	227	73	14	6	6	26
869	542	241	230	71	11	10	6	27
870	546	244	233	69	11	14	2	27
871	545	237	231	77	6	5	1	12
872	542	247	232	63	15	15	5	35
873	545	241	233	71	8	12	6	26
874	546	238	227	81	11	12	4	27
875	537	248	233	56	15	8	4	27
876	544	243	228	73	15	11	2	28
877	548	242	234	72	8	12	0	20
878	542	245	236	61	9	7	3	19
879	542	248	237	57	11	6	1	18
880	540	245	234	61	11	9	5	25
881	542	242	230	70	12	9	4	25
882	541	247	228	66	19	11	3	33
883	545	242	225	78	17	12	3	32
884	547	237	231	79	6	15	4	25
885	543	242	222	79	20	11	4	35
886	545	247	235	63	12	17	3	32
887	543	244	234	65	10	14	4	28
888	541	243	231	67	12	13	8	33
889	544	243	232	69	11	9	3	23
890	547	241	231	75	10	12	3	25
891	544	239	231	74	8	13	6	27
892	540	242	234	64	8	9	6	23
893	546	244	236	66	8	14	4	26
894	550	241	227	82	14	19	1	34
895	543	247	232	64	15	16	4	35
896	544	238	227	79	11	6	3	20
897	543	244	235	64	9	15	5	29
898	546	239	231	76	8	11	3	22
899	544	247	228	69	19	11	2	32
900	540	246	230	64	16	8	3	27
901	540	247	233	60	14	11	4	29
902	544	241	232	71	9	11	3	23
903	539	245	227	67	18	9	6	33
904	544	236	227	81	9	10	6	25
905	545	243	231	71	12	13	3	28
906	541	242	226	73	16	12	5	33
907	546	241	228	77	13	14	4	31
908	548	241	231	76	10	15	0	25
909	542	242	221	79	21	8	5	34
910	544	241	232	71	9	7	1	17
911	547	242	229	76	13	18	4	35
912	545	248	234	63	14	18	3	35
913	547	241	231	75	10	13	2	25
914	545	245	231	69	14	14	2	30
915	549	241	229	79	12	21	3	36
916	541	243	232	66	11	8	4	23
917	545	245	236	64	9	18	4	31
918	541	240	233	68	7	8	6	21
919	543	246	232	65	14	11	3	28
920	543	246	234	63	12	11	3	26
921	543	244	235	64	9	9	3	21
922	541	245	228	68	17	7	2	26
923	539	247	237	55	10	12	6	28
924	542	242	231	69	11	10	5	26
925	543	241	232	70	9	8	3	20
926	545	240	230	75	10	11	3	24
927	544	243	232	69	11	9	3	23
928	544	244	231	69	13	13	5	31
929	545	245	232	68	13	10	3	26
930	544	238	223	83	15	9	2	26
931	546	239	229	78	10	10	2	22
932	546	244	236	66	8	19	5	32
933	547	242	232	73	10	14	1	25
934	546	235	231	80	4	10	4	18
935	544	248	235	61	13	10	3	26
936	543	246	234	63	12	8	1	21
937	543	244	232	67	12	10	2	24
938	546	243	231	72	12	14	2	28
939	540	245	230	65	15	8	5	28
940	546	240	228	78	12	11	3	26
941	549	240	235	74	5	15	2	22
942	543	244	232	67	12	8	1	21
943	544	240	233	71	7	8	6	21
944	545	246	238	61	8	15	4	27
945	545	247	231	67	16	13	1	30
946	541	244	232	65	12	8	4	24
947	541	242	232	67	10	9	4	23
948	545	248	242	55	6	13	2	21
949	545	241	224	80	17	11	2	30
950	548	240	231	77	9	17	2	28
951	544	241	232	71	9	9	3	21
952	539	244	228	67	16	7	4	27
953	543	245	230	68	15	9	4	28
954	545	244	233	68	11	18	6	35
955	540	244	232	64	12	8	5	25
956	544	245	228	71	17	13	3	33
957	544	242	227	75	15	11	4	30
958	544	243	237	64	6	12	3	21
959	546	239	231	76	8	12	3	23
960	546	246	234	66	12	12	1	25
961	547	243	233	71	10	15	4	29
962	549	242	237	70	5	19	1	25
963	546	243	235	68	8	10	2	20
964	543	243	233	67	10	7	3	20
965	539	242	230	67	12	11	7	30
966	543	246	238	59	8	14	4	26
967	542	250	242	50	8	14	3	25
968	541	243	230	68	13	11	8	32
969	541	240	232	69	8	7	8	23
970	546	241	231	74	10	9	3	22
971	542	243	228	71	15	11	4	30
972	546	243	233	70	10	14	3	27
973	542	250	232	60	18	13	3	34
974	540	248	231	61	17	10	3	30
975	546	239	232	75	7	12	5	24
976	547	245	237	65	8	14	1	23
977	542	240	233	69	7	9	5	21
978	542	241	229	72	12	9	4	25
979	543	237	229	77	8	7	5	20
980	542	247	235	60	12	16	6	34
981	541	247	232	62	15	13	5	33
982	545	243	237	65	6	11	4	21
983	549	241	235	73	6	17	2	25
984	550	241	231	78	10	16	0	26
985	545	246	236	63	10	15	2	27
986	546	242	231	73	11	17	5	33
987	546	246	242	58	4	14	1	19
988	544	236	227	81	9	7	4	20
989	549	236	229	84	7	19	5	31
990	545	240	231	74	9	14	5	28
991	544	239	231	74	8	8	4	20
992	540	248	237	55	11	12	5	28
993	538	243	230	65	13	5	5	23
994	545	247	233	65	14	15	1	30
995	547	243	229	75	14	13	3	30
996	544	245	231	68	14	17	6	37
997	542	246	234	62	12	14	4	30
998	542	233	227	82	6	7	7	20
999	542	246	237	59	9	12	4	25
1000	545	240	228	77	12	19	6	37
