1	542	246	229	67	17	10	3	30
2	543	247	234	62	13	9	1	23
3	541	245	231	65	14	10	4	28
4	546	243	232	71	11	12	2	25
5	546	243	233	70	10	13	1	24
6	541	247	233	61	14	10	4	28
7	542	249	232	61	17	17	4	38
8	541	241	230	70	11	9	7	27
9	546	243	234	69	9	11	1	21
10	545	242	232	71	10	12	1	23
11	544	245	234	65	11	10	3	24
12	544	242	233	69	9	9	4	22
13	547	243	233	71	10	13	1	24
14	543	240	230	73	10	10	4	24
15	546	243	227	76	16	14	1	31
16	542	241	223	78	18	11	6	35
17	544	245	233	66	12	12	2	26
18	543	244	234	65	10	10	3	23
19	547	236	226	85	10	12	2	24
20	543	248	230	65	18	11	4	33
21	542	241	232	69	9	10	5	24
22	542	244	231	67	13	9	4	26
23	539	249	228	62	21	10	3	34
24	542	242	232	68	10	12	6	28
25	544	243	233	68	10	13	6	29
26	546	244	234	68	10	11	2	23
27	541	248	234	59	14	6	2	22
28	545	239	228	78	11	9	2	22
29	544	246	231	67	15	13	2	30
30	540	246	230	64	16	7	3	26
31	544	240	229	75	11	14	6	31
32	540	244	234	62	10	11	5	26
33	539	242	228	69	14	11	8	33
34	545	243	225	77	18	15	2	35
35	543	242	236	65	6	9	4	19
36	544	239	226	79	13	12	5	30
37	541	246	228	67	18	16	5	39
38	545	245	234	66	11	11	3	25
39	541	246	227	68	19	8	2	29
40	546	242	229	75	13	16	3	32
41	543	243	230	70	13	15	5	33
42	539	243	231	65	12	7	5	24
43	545	244	235	66	9	15	3	27
44	542	243	231	68	12	6	2	20
45	546	245	236	65	9	15	2	26
46	543	246	232	65	14	18	5	37
47	542	242	231	69	11	8	5	24
48	542	250	235	57	15	13	2	30
49	543	244	235	64	9	12	2	23
50	539	246	231	62	15	13	6	34
51	546	241	235	70	6	11	6	23
52	546	246	237	63	9	14	2	25
53	542	237	225	80	12	7	5	24
54	545	243	234	68	9	7	3	19
55	542	246	234	62	12	9	4	25
56	544	239	226	79	13	10	3	26
57	543	244	231	68	13	17	6	36
58	540	248	230	62	18	16	6	40
59	547	240	231	76	9	10	2	21
60	547	246	235	66	11	15	0	26
61	542	250	233	59	17	17	5	39
62	547	245	233	69	12	13	1	26
63	547	243	231	73	12	10	1	23
64	544	246	230	68	16	14	2	32
65	540	245	231	64	14	11	6	31
66	545	248	235	62	13	15	0	28
67	542	241	229	72	12	10	6	28
68	546	236	229	81	7	7	2	16
69	545	244	238	63	6	9	2	17
70	543	246	234	63	12	10	2	24
71	543	243	226	74	17	14	5	36
72	547	243	234	70	9	11	0	20
73	544	239	228	77	11	10	4	25
74	543	244	229	70	15	15	4	34
75	543	244	231	68	13	11	3	27
76	544	243	234	67	9	18	7	34
77	546	240	231	75	9	11	2	22
78	545	245	225	75	20	17	5	42
79	543	246	230	67	16	12	3	31
80	547	244	231	72	13	14	2	29
81	546	237	233	76	4	15	7	26
82	542	242	230	70	12	11	6	29
83	541	241	231	69	10	5	5	20
84	545	247	236	62	11	18	4	33
85	542	241	226	75	15	8	4	27
86	545	245	234	66	11	12	0	23
87	547	238	230	79	8	12	3	23
88	544	243	230	71	13	12	3	28
89	543	243	236	64	7	12	4	23
90	546	239	230	77	9	9	2	20
91	545	246	231	68	15	13	2	30
92	539	241	231	67	10	12	8	30
93	541	246	233	62	13	11	5	29
94	542	243	230	69	13	11	3	27
95	541	240	226	75	14	12	8	34
96	546	249	233	64	16	20	3	39
97	543	243	231	69	12	7	3	22
98	542	242	233	67	9	14	8	31
99	543	245	231	67	14	11	2	27
100	541	241	226	74	15	6	5	26
101	543	244	234	65	10	11	7	28
102	541	241	231	69	10	5	5	20
103	545	247	229	69	18	13	2	33
104	539	242	233	64	9	6	8	23
105	545	241	231	73	10	14	5	29
106	542	245	234	63	11	14	4	29
107	543	243	227	73	16	7	4	27
108	544	241	226	77	15	9	3	27
109	547	238	227	82	11	13	2	26
110	542	248	230	64	18	7	2	27
111	539	247	231	61	16	9	4	29
112	545	244	231	70	13	13	5	31
113	544	241	226	77	15	10	5	30
114	544	247	235	62	12	10	2	24
115	544	243	228	73	15	9	1	25
116	547	239	228	80	11	11	3	25
117	542	248	235	59	13	10	3	26
118	546	243	234	69	9	10	3	22
119	542	244	229	69	15	11	3	29
120	546	239	230	77	9	14	7	30
121	545	247	238	60	9	11	0	20
122	542	240	229	73	11	8	3	22
123	548	243	233	72	10	19	3	32
124	545	243	237	65	6	11	4	21
125	544	246	230	68	16	13	1	30
126	541	244	231	66	13	8	3	24
127	547	241	230	76	11	12	1	24
128	544	250	237	57	13	16	3	32
129	544	242	234	68	8	9	3	20
130	544	240	224	80	16	9	3	28
131	542	241	231	70	10	8	5	23
132	543	237	231	75	6	15	8	29
133	545	239	231	75	8	10	2	20
134	545	243	229	73	14	16	5	35
135	545	240	230	75	10	12	3	25
136	547	242	229	76	13	24	6	43
137	545	238	227	80	11	10	2	23
138	549	241	231	77	10	13	1	24
139	544	242	230	72	12	14	3	29
140	545	245	233	67	12	14	2	28
141	543	242	227	74	15	9	3	27
142	549	240	234	75	6	16	2	24
143	545	238	224	83	14	11	3	28
144	542	243	232	67	11	13	5	29
145	544	245	233	66	12	8	4	24
146	540	245	234	61	11	8	6	25
147	544	242	227	75	15	15	3	33
148	544	238	228	78	10	9	3	22
149	545	240	226	79	14	11	3	28
150	546	245	232	69	13	17	5	35
151	545	244	229	72	15	19	5	39
152	542	244	230	68	14	8	2	24
153	542	246	228	68	18	13	5	36
154	542	245	235	62	10	10	4	24
155	546	247	235	64	12	13	1	26
156	541	244	231	66	13	9	6	28
157	544	240	223	81	17	12	5	34
158	539	244	228	67	16	11	6	33
159	546	239	233	74	6	11	2	19
160	545	245	227	73	18	15	4	37
161	542	243	231	68	12	11	5	28
162	541	246	231	64	15	11	3	29
163	539	245	237	57	8	10	6	24
164	538	243	228	67	15	8	7	30
165	544	242	229	73	13	12	6	31
166	538	239	230	69	9	6	9	24
167	542	243	233	66	10	11	6	27
168	546	247	239	60	8	16	0	24
169	541	246	230	65	16	8	4	28
170	545	244	237	64	7	11	5	23
171	541	245	234	62	11	13	4	28
172	546	243	233	70	10	14	1	25
173	542	242	230	70	12	8	2	22
174	547	243	236	68	7	13	1	21
175	540	244	227	69	17	7	7	31
176	544	243	231	70	12	6	0	18
177	545	249	244	52	5	16	3	24
178	543	249	234	60	15	16	3	34
179	545	245	234	66	11	14	2	27
180	545	244	233	68	11	11	1	23
181	543	248	238	57	10	13	1	24
182	545	242	231	72	11	11	1	23
183	543	247	233	63	14	14	2	30
184	543	246	232	65	14	8	1	23
185	546	249	232	65	17	13	1	31
186	544	245	232	67	13	8	2	23
187	546	238	231	77	7	15	4	26
188	539	247	229	63	18	11	5	34
189	546	245	235	66	10	17	6	33
190	547	242	227	78	15	17	1	33
191	546	239	228	79	11	15	4	30
192	541	241	232	68	9	5	3	17
193	542	243	236	63	7	11	5	23
194	546	240	228	78	12	8	2	22
195	546	242	230	74	12	14	2	28
196	545	245	236	64	9	12	0	21
197	540	245	231	64	14	14	6	34
198	544	244	231	69	13	11	3	27
199	540	244	232	64	12	8	5	25
200	546	242	234	70	8	16	4	28
201	547	245	233	69	12	17	2	31
202	543	241	232	70	9	5	1	15
203	544	243	235	66	8	12	5	25
204	547	237	224	86	13	15	5	33
205	546	242	234	70	8	7	1	16
206	545	247	234	64	13	13	2	28
207	543	237	227	79	10	11	8	29
208	545	244	231	70	13	15	4	32
209	540	243	230	67	13	9	7	29
210	540	243	228	69	15	6	3	24
211	543	244	226	73	18	5	2	25
212	541	241	234	66	7	11	8	26
213	544	245	228	71	17	12	3	32
214	542	246	231	65	15	16	5	36
215	545	241	225	79	16	16	4	36
216	539	242	224	73	18	5	5	28
217	544	243	226	75	17	8	3	28
218	550	238	229	83	9	19	3	31
219	541	246	235	60	11	5	2	18
220	542	246	237	59	9	7	4	20
221	541	242	229	70	13	11	4	28
222	540	244	231	65	13	10	5	28
223	546	239	228	79	11	16	4	31
224	542	246	232	64	14	12	5	31
225	541	243	233	65	10	10	5	25
226	539	243	230	66	13	9	7	29
227	546	241	236	69	5	10	2	17
228	545	241	236	68	5	13	4	22
229	546	240	232	74	8	17	4	29
230	544	239	227	78	12	13	4	29
231	546	249	235	62	14	17	1	32
232	544	246	232	66	14	17	2	33
233	543	250	226	67	24	19	3	46
234	541	241	232	68	9	5	5	19
235	544	242	230	72	12	10	2	24
236	544	243	230	71	13	12	3	28
237	553	247	238	68	9	24	0	33
238	543	240	232	71	8	13	6	27
239	546	236	227	83	9	10	3	22
240	542	242	229	71	13	14	7	34
241	545	242	234	69	8	14	3	25
242	544	247	239	58	8	13	2	23
243	544	243	229	72	14	16	4	34
244	544	247	235	62	12	16	4	32
245	543	248	234	61	14	13	4	31
246	537	240	227	70	13	6	9	28
247	545	245	236	64	9	8	0	17
248	539	246	232	61	14	6	4	24
249	543	246	236	61	10	10	4	24
250	545	243	233	69	10	11	2	23
251	541	245	233	63	12	11	7	30
252	543	253	237	53	16	15	1	32
253	541	242	224	75	18	8	5	31
254	545	243	230	72	13	13	3	29
255	545	247	233	65	14	17	2	33
256	543	244	235	64	9	14	6	29
257	542	249	235	58	14	15	2	31
258	543	244	231	68	13	13	3	29
259	543	242	229	72	13	11	3	27
260	543	251	232	60	19	16	3	38
261	546	245	230	71	15	16	4	35
262	545	242	227	76	15	13	2	30
263	538	248	233	57	15	13	8	36
264	546	243	234	69	9	14	3	26
265	544	246	235	63	11	11	4	26
266	545	244	230	71	14	13	2	29
267	545	245	232	68	13	17	3	33
268	544	242	228	74	14	15	4	33
269	545	241	235	69	6	16	5	27
270	540	245	228	67	17	8	6	31
271	545	244	229	72	15	10	3	28
272	543	241	235	67	6	11	4	21
273	542	249	233	60	16	15	4	35
274	542	246	232	64	14	14	5	33
275	544	240	230	74	10	14	5	29
276	545	241	233	71	8	13	4	25
277	544	239	234	71	5	13	7	25
278	539	245	229	65	16	10	6	32
279	548	239	230	79	9	17	2	28
280	544	241	229	74	12	8	4	24
281	538	245	233	60	12	9	6	27
282	544	244	232	68	12	6	1	19
283	546	241	231	74	10	14	2	26
284	538	243	231	64	12	9	8	29
285	544	242	229	73	13	13	5	31
286	542	243	231	68	12	10	4	26
287	541	248	235	58	13	8	3	24
288	545	245	239	61	6	15	4	25
289	545	242	232	71	10	17	3	30
290	541	244	237	60	7	13	6	26
291	544	246	232	66	14	12	0	26
292	542	237	230	75	7	4	4	15
293	541	244	233	64	11	10	4	25
294	544	246	228	70	18	11	0	29
295	549	238	229	82	9	18	4	31
296	546	244	233	69	11	14	2	27
297	544	244	237	63	7	10	2	19
298	546	240	231	75	9	9	1	19
299	545	240	233	72	7	14	4	25
300	546	237	222	87	15	8	2	25
301	544	239	227	78	12	8	4	24
302	542	242	226	74	16	9	4	29
303	542	245	234	63	11	12	4	27
304	540	246	230	64	16	10	4	30
305	542	245	230	67	15	16	5	36
306	542	245	231	66	14	11	2	27
307	544	235	229	80	6	8	5	19
308	547	243	232	72	11	20	2	33
309	541	246	233	62	13	12	6	31
310	540	244	225	71	19	10	4	33
311	544	245	231	68	14	11	1	26
312	537	237	227	73	10	4	10	24
313	545	238	231	76	7	7	2	16
314	547	241	229	77	12	14	4	30
315	545	243	236	66	7	11	2	20
316	545	244	233	68	11	12	3	26
317	542	247	238	57	9	14	5	28
318	545	238	228	79	10	12	5	27
319	542	247	229	66	18	11	3	32
320	546	244	227	75	17	15	2	34
321	544	244	226	74	18	14	3	35
322	543	243	226	74	17	8	5	30
323	546	242	228	76	14	19	5	38
324	542	243	232	67	11	10	7	28
325	547	245	237	65	8	19	3	30
326	543	244	233	66	11	13	4	28
327	543	239	231	73	8	13	6	27
328	543	248	232	63	16	11	2	29
329	546	243	234	69	9	16	4	29
330	541	243	228	70	15	10	4	29
331	544	241	232	71	9	8	5	22
332	543	247	232	64	15	12	3	30
333	547	241	234	72	7	13	3	23
334	545	245	231	69	14	19	5	38
335	544	244	235	65	9	9	1	19
336	547	238	231	78	7	13	3	23
337	542	243	232	67	11	10	4	25
338	542	245	230	67	15	7	3	25
339	543	244	235	64	9	11	4	24
340	543	240	227	76	13	10	3	26
341	545	246	230	69	16	15	1	32
342	542	244	238	60	6	8	5	19
343	540	243	230	67	13	9	7	29
344	542	239	227	76	12	11	5	28
345	544	242	234	68	8	14	5	27
346	545	241	232	72	9	10	1	20
347	542	242	230	70	12	13	6	31
348	541	246	234	61	12	10	5	27
349	542	245	237	60	8	9	3	20
350	540	241	221	78	20	10	7	37
351	543	248	233	62	15	10	2	27
352	542	244	229	69	15	10	4	29
353	544	238	230	76	8	8	3	19
354	543	242	229	72	13	13	5	31
355	544	242	233	69	9	11	4	24
356	538	249	233	56	16	9	4	29
357	543	247	233	63	14	10	3	27
358	544	244	232	68	12	16	3	31
359	547	244	235	68	9	13	0	22
360	544	242	233	69	9	14	3	26
361	541	244	231	66	13	7	3	23
362	545	240	235	70	5	11	5	21
363	543	250	230	63	20	19	4	43
364	543	245	234	64	11	11	2	24
365	540	248	233	59	15	10	4	29
366	546	240	234	72	6	12	4	22
367	542	248	237	57	11	12	3	26
368	547	246	238	63	8	17	4	29
369	544	241	233	70	8	12	6	26
370	545	244	237	64	7	13	3	23
371	544	247	232	65	15	16	4	35
372	543	244	235	64	9	11	3	23
373	542	245	234	63	11	13	4	28
374	544	240	231	73	9	7	4	20
375	542	241	228	73	13	7	4	24
376	541	239	228	74	11	7	6	24
377	545	246	235	64	11	15	3	29
378	544	239	229	76	10	10	4	24
379	547	243	236	68	7	17	4	28
380	541	245	235	61	10	9	4	23
381	544	244	235	65	9	11	2	22
382	541	245	229	67	16	7	4	27
383	546	238	228	80	10	12	3	25
384	545	238	230	77	8	12	3	23
385	543	245	234	64	11	9	1	21
386	545	243	227	75	16	14	1	31
387	545	241	231	73	10	8	2	20
388	542	242	231	69	11	8	3	22
389	545	243	231	71	12	13	4	29
390	540	243	231	66	12	11	5	28
391	542	243	233	66	10	9	4	23
392	546	247	240	59	7	19	4	30
393	546	245	229	72	16	20	4	40
394	541	245	229	67	16	10	5	31
395	544	244	231	69	13	11	2	26
396	541	247	229	65	18	10	5	33
397	544	241	233	70	8	15	4	27
398	542	252	235	55	17	18	3	38
399	545	245	236	64	9	18	4	31
400	542	239	228	75	11	7	5	23
401	542	246	227	69	19	11	3	33
402	543	243	229	71	14	17	7	38
403	543	246	232	65	14	12	3	29
404	546	242	232	72	10	10	2	22
405	545	240	229	76	11	16	5	32
406	546	244	232	70	12	21	4	37
407	544	243	229	72	14	16	5	35
408	545	241	231	73	10	18	6	34
409	547	241	230	76	11	16	4	31
410	541	241	232	68	9	8	6	23
411	546	243	234	69	9	15	5	29
412	548	246	238	64	8	22	5	35
413	549	250	238	61	12	25	2	39
414	546	246	237	63	9	16	2	27
415	547	241	232	74	9	14	3	26
416	542	247	232	63	15	12	4	31
417	541	243	232	66	11	11	5	27
418	547	241	235	71	6	17	6	29
419	544	247	239	58	8	17	4	29
420	539	242	228	69	14	12	9	35
421	546	241	229	76	12	8	1	21
422	540	245	234	61	11	16	8	35
423	544	243	229	72	14	12	4	30
424	548	243	237	68	6	13	1	20
425	549	243	231	75	12	18	2	32
426	547	241	233	73	8	14	4	26
427	541	246	229	66	17	9	2	28
428	542	247	232	63	15	8	2	25
429	545	244	233	68	11	14	4	29
430	544	238	229	77	9	9	7	25
431	542	240	226	76	14	9	6	29
432	543	241	228	74	13	6	1	20
433	545	244	234	67	10	15	3	28
434	541	243	226	72	17	5	3	25
435	544	243	232	69	11	7	3	21
436	549	240	231	78	9	17	1	27
437	546	244	235	67	9	12	1	22
438	538	246	225	67	21	5	4	30
439	544	245	235	64	10	7	2	19
440	546	239	227	80	12	15	5	32
441	542	249	231	62	18	13	5	36
442	545	246	230	69	16	21	6	43
443	544	242	234	68	8	10	3	21
444	542	242	231	69	11	11	5	27
445	546	239	225	82	14	11	2	27
446	537	246	234	57	12	10	7	29
447	542	243	229	70	14	12	4	30
448	545	240	235	70	5	10	3	18
449	546	245	233	68	12	17	2	31
450	549	244	236	69	8	14	1	23
451	544	243	236	65	7	16	6	29
452	540	244	235	61	9	9	6	24
453	545	240	235	70	5	13	3	21
454	545	240	235	70	5	10	4	19
455	543	242	229	72	13	11	3	27
456	542	242	230	70	12	10	6	28
457	549	243	234	72	9	20	1	30
458	543	244	232	67	12	9	3	24
459	545	247	233	65	14	16	1	31
460	545	243	233	69	10	13	5	28
461	544	244	230	70	14	15	4	33
462	546	247	233	66	14	15	1	30
463	543	247	232	64	15	10	2	27
464	540	247	233	60	14	8	3	25
465	542	245	231	66	14	15	5	34
466	540	243	228	69	15	6	6	27
467	542	242	228	72	14	11	5	30
468	545	243	235	67	8	13	1	22
469	544	239	228	77	11	11	4	26
470	546	242	232	72	10	9	0	19
471	545	248	239	58	9	17	3	29
472	544	249	235	60	14	12	0	26
473	545	243	234	68	9	9	1	19
474	543	244	232	67	12	9	1	22
475	544	247	236	61	11	16	3	30
476	544	242	222	80	20	14	3	37
477	543	243	234	66	9	10	4	23
478	541	243	218	80	25	11	6	42
479	546	243	232	71	11	18	5	34
480	542	244	230	68	14	9	4	27
481	541	240	225	76	15	13	7	35
482	541	249	234	58	15	14	3	32
483	545	242	228	75	14	11	2	27
484	544	243	237	64	6	11	3	20
485	540	245	230	65	15	10	7	32
486	542	246	234	62	12	11	4	27
487	543	240	230	73	10	12	4	26
488	539	247	237	55	10	8	4	22
489	544	243	230	71	13	11	5	29
490	543	242	233	68	9	6	2	17
491	544	242	231	71	11	9	3	23
492	540	246	232	62	14	8	3	25
493	540	242	227	71	15	10	7	32
494	544	245	234	65	11	11	2	24
495	546	243	230	73	13	18	6	37
496	545	241	233	71	8	7	2	17
497	544	242	229	73	13	11	1	25
498	545	242	229	74	13	9	3	25
499	547	240	233	74	7	8	0	15
500	546	246	240	60	6	17	4	27
501	550	242	231	77	11	22	2	35
502	546	246	237	63	9	18	3	30
503	543	244	232	67	12	13	3	28
504	541	248	234	59	14	16	5	35
505	547	241	233	73	8	16	3	27
506	537	245	236	56	9	14	10	33
507	543	247	232	64	15	10	3	28
508	545	240	233	72	7	11	2	20
509	544	240	231	73	9	11	5	25
510	543	245	231	67	14	17	6	37
511	544	245	236	63	9	16	3	28
512	543	242	232	69	10	7	4	21
513	544	245	231	68	14	10	3	27
514	547	236	226	85	10	14	6	30
515	544	245	233	66	12	20	5	37
516	545	245	232	68	13	16	4	33
517	543	245	228	70	17	9	2	28
518	546	237	230	79	7	9	1	17
519	543	242	234	67	8	11	5	24
520	545	244	234	67	10	12	3	25
521	546	241	227	78	14	12	2	28
522	546	244	234	68	10	13	1	24
523	544	242	228	74	14	12	4	30
524	544	243	221	80	22	7	0	29
525	542	244	237	61	7	10	5	22
526	548	239	225	84	14	17	3	34
527	544	249	236	59	13	17	1	31
528	540	245	234	61	11	6	3	20
529	544	243	222	79	21	16	3	40
530	546	246	235	65	11	21	5	37
531	543	245	229	69	16	14	5	35
532	542	246	236	60	10	13	6	29
533	542	241	228	73	13	12	6	31
534	546	245	234	67	11	13	2	26
535	545	247	234	64	13	13	3	29
536	540	246	231	63	15	12	6	33
537	543	244	233	66	11	8	2	21
538	542	245	235	62	10	5	2	17
539	543	245	232	66	13	10	3	26
540	542	245	227	70	18	15	4	37
541	548	242	235	71	7	14	2	23
542	545	247	233	65	14	16	2	32
543	546	242	227	77	15	13	1	29
544	547	241	227	79	14	10	3	27
545	548	243	231	74	12	16	0	28
546	544	245	233	66	12	16	2	30
547	541	242	232	67	10	7	3	20
548	542	240	228	74	12	12	4	28
549	545	245	234	66	11	14	2	27
550	541	249	234	58	15	12	3	30
551	544	246	235	63	11	12	1	24
552	543	247	233	63	14	10	3	27
553	542	248	229	65	19	13	1	33
554	540	245	233	62	12	8	4	24
555	545	245	227	73	18	15	4	37
556	548	244	235	69	9	21	1	31
557	543	250	237	56	13	11	3	27
558	540	248	229	63	19	13	5	37
559	546	243	233	70	10	12	1	23
560	545	241	231	73	10	10	5	25
561	540	241	224	75	17	8	5	30
562	543	239	231	73	8	5	5	18
563	544	244	233	67	11	13	4	28
564	546	242	233	71	9	12	2	23
565	542	241	227	74	14	10	5	29
566	545	240	225	80	15	9	4	28
567	542	244	228	70	16	12	3	31
568	541	247	230	64	17	13	3	33
569	542	245	234	63	11	12	5	28
570	542	244	233	65	11	12	4	27
571	546	247	236	63	11	18	3	32
572	539	246	226	67	20	6	4	30
573	542	242	233	67	9	7	3	19
574	544	246	235	63	11	11	2	24
575	543	247	231	65	16	13	4	33
576	545	241	234	70	7	13	3	23
577	544	241	232	71	9	9	2	20
578	545	235	226	84	9	13	8	30
579	545	243	232	70	11	12	5	28
580	542	237	231	74	6	8	5	19
581	542	244	232	66	12	11	5	28
582	544	242	233	69	9	13	4	26
583	541	243	221	77	22	6	3	31
584	543	241	233	69	8	11	6	25
585	542	245	224	73	21	12	4	37
586	543	245	233	65	12	11	5	28
587	543	247	228	68	19	14	3	36
588	544	246	231	67	15	12	1	28
589	545	248	236	61	12	14	2	28
590	542	242	233	67	9	11	4	24
591	545	247	234	64	13	12	2	27
592	543	242	233	68	9	12	5	26
593	542	242	238	62	4	12	7	23
594	549	245	233	71	12	23	2	37
595	545	240	230	75	10	17	4	31
596	544	245	231	68	14	10	1	25
597	541	244	231	66	13	9	3	25
598	539	247	229	63	18	10	4	32
599	544	245	234	65	11	14	4	29
600	545	240	231	74	9	13	3	25
601	547	244	234	69	10	19	2	31
602	541	247	233	61	14	7	3	24
603	540	244	226	70	18	10	5	33
604	542	240	229	73	11	9	6	26
605	542	248	230	64	18	17	5	40
606	543	245	233	65	12	9	2	23
607	544	244	236	64	8	13	5	26
608	544	240	228	76	12	5	3	20
609	543	242	234	67	8	14	5	27
610	540	246	233	61	13	7	4	24
611	543	244	234	65	10	9	1	20
612	544	245	232	67	13	12	2	27
613	545	248	230	67	18	17	3	38
614	548	237	229	82	8	12	3	23
615	541	242	232	67	10	7	3	20
616	545	241	223	81	18	14	2	34
617	544	237	221	86	16	12	6	34
618	538	243	228	67	15	4	5	24
619	547	244	235	68	9	15	2	26
620	542	244	227	71	17	12	4	33
621	539	243	230	66	13	8	7	28
622	548	242	235	71	7	15	3	25
623	544	240	229	75	11	9	2	22
624	545	245	235	65	10	18	4	32
625	543	245	234	64	11	9	2	22
626	544	247	235	62	12	18	4	34
627	545	243	225	77	18	11	1	30
628	543	243	226	74	17	11	2	30
629	544	246	232	66	14	13	1	28
630	541	243	231	67	12	9	7	28
631	544	245	233	66	12	13	2	27
632	542	242	235	65	7	11	7	25
633	542	244	232	66	12	11	4	27
634	545	245	231	69	14	17	5	36
635	546	242	234	70	8	14	3	25
636	542	242	231	69	11	12	6	29
637	544	239	222	83	17	12	5	34
638	543	244	231	68	13	15	4	32
639	543	243	234	66	9	12	5	26
640	544	242	229	73	13	13	3	29
641	539	246	232	61	14	14	7	35
642	544	245	235	64	10	10	2	22
643	543	243	229	71	14	12	3	29
644	546	241	232	73	9	15	2	26
645	545	248	238	59	10	16	2	28
646	540	245	233	62	12	11	6	29
647	547	244	238	65	6	20	3	29
648	548	243	233	72	10	21	4	35
649	543	249	235	59	14	14	2	30
650	544	246	229	69	17	12	2	31
651	542	247	235	60	12	12	3	27
652	541	242	229	70	13	7	6	26
653	547	242	233	72	9	13	5	27
654	541	246	233	62	13	10	4	27
655	540	244	231	65	13	9	5	27
656	541	241	225	75	16	6	5	27
657	543	247	237	59	10	13	2	25
658	545	244	233	68	11	12	1	24
659	547	242	228	77	14	18	4	36
660	543	248	236	59	12	11	2	25
661	544	242	227	75	15	13	3	31
662	546	238	231	77	7	17	4	28
663	546	239	232	75	7	12	3	22
664	543	237	227	79	10	12	6	28
665	540	246	236	58	10	8	4	22
666	546	245	235	66	10	14	3	27
667	548	239	230	79	9	12	1	22
668	547	238	230	79	8	10	2	20
669	544	245	232	67	13	13	7	33
670	544	234	226	84	8	7	7	22
671	543	242	229	72	13	12	3	28
672	545	242	232	71	10	8	2	20
673	545	242	233	70	9	15	2	26
674	543	250	237	56	13	12	2	27
675	543	244	236	63	8	13	3	24
676	541	243	228	70	15	9	4	28
677	544	240	227	77	13	14	7	34
678	541	239	229	73	10	6	6	22
679	543	246	235	62	11	11	2	24
680	546	245	233	68	12	10	3	25
681	543	243	227	73	16	9	1	26
682	547	243	235	69	8	16	3	27
683	544	248	236	60	12	16	3	31
684	543	246	234	63	12	14	3	29
685	537	246	227	64	19	7	6	32
686	544	240	231	73	9	16	6	31
687	543	247	240	56	7	12	2	21
688	539	247	231	61	16	14	6	36
689	539	242	227	70	15	8	7	30
690	545	245	234	66	11	14	2	27
691	541	243	231	67	12	14	7	33
692	542	240	227	75	13	8	5	26
693	546	239	229	78	10	10	2	22
694	544	250	230	64	20	15	1	36
695	545	243	230	72	13	14	3	30
696	540	247	236	57	11	14	7	32
697	543	245	228	70	17	10	1	28
698	541	244	227	70	17	10	3	30
699	537	246	226	65	20	11	8	39
700	545	247	233	65	14	20	3	37
701	537	245	231	61	14	12	9	35
702	541	250	231	60	19	7	2	28
703	547	240	232	75	8	11	3	22
704	548	244	234	70	10	17	2	29
705	540	246	233	61	13	7	3	23
706	541	245	232	64	13	9	4	26
707	542	242	228	72	14	7	4	25
708	540	244	229	67	15	11	5	31
709	547	242	232	73	10	16	3	29
710	545	246	228	71	18	13	4	35
711	541	243	224	74	19	12	5	36
712	543	240	230	73	10	10	4	24
713	542	246	236	60	10	13	6	29
714	543	246	235	62	11	12	3	26
715	548	241	229	78	12	22	2	36
716	544	244	230	70	14	18	5	37
717	543	245	233	65	12	14	4	30
718	539	247	224	68	23	11	6	40
719	543	240	231	72	9	7	4	20
720	544	240	224	80	16	9	5	30
721	543	241	235	67	6	7	5	18
722	541	245	228	68	17	10	3	30
723	547	243	233	71	10	15	2	27
724	548	238	230	80	8	13	0	21
725	546	242	234	70	8	13	2	23
726	540	244	235	61	9	8	6	23
727	544	242	228	74	14	9	1	24
728	541	249	228	64	21	11	2	34
729	543	247	231	65	16	9	1	26
730	545	249	243	53	6	15	2	23
731	542	241	233	68	8	3	2	13
732	539	242	232	65	10	9	6	25
733	539	244	237	58	7	8	6	21
734	543	242	234	67	8	9	5	22
735	544	240	228	76	12	10	3	25
736	545	242	232	71	10	15	3	28
737	545	245	232	68	13	16	4	33
738	549	248	241	60	7	21	1	29
739	546	242	230	74	12	12	2	26
740	546	241	228	77	13	12	2	27
741	542	247	229	66	18	8	3	29
742	544	245	229	70	16	9	2	27
743	545	237	228	80	9	9	5	23
744	544	245	226	73	19	9	1	29
745	547	239	226	82	13	11	5	29
746	545	239	224	82	15	10	3	28
747	545	247	226	72	21	16	1	38
748	539	246	228	65	18	9	7	34
749	543	251	237	55	14	15	5	34
750	543	245	233	65	12	9	2	23
751	542	246	228	68	18	14	4	36
752	546	243	233	70	10	15	4	29
753	542	241	231	70	10	11	5	26
754	543	248	235	60	13	9	4	26
755	542	249	235	58	14	16	4	34
756	540	246	230	64	16	13	7	36
757	546	242	230	74	12	10	2	24
758	549	238	231	80	7	13	2	22
759	540	241	229	70	12	12	8	32
760	544	243	234	67	9	11	3	23
761	548	244	235	69	9	13	2	24
762	546	239	225	82	14	11	4	29
763	542	241	233	68	8	7	4	19
764	549	241	228	80	13	15	2	30
765	543	246	231	66	15	11	2	28
766	545	243	231	71	12	12	3	27
767	541	239	222	80	17	5	4	26
768	543	242	230	71	12	9	4	25
769	543	243	228	72	15	13	6	34
770	543	246	232	65	14	11	3	28
771	543	238	226	79	12	6	2	20
772	540	241	229	70	12	6	6	24
773	543	245	233	65	12	10	3	25
774	547	243	235	69	8	10	2	20
775	543	247	230	66	17	11	0	28
776	548	240	230	78	10	15	1	26
777	539	244	234	61	10	8	6	24
778	544	238	224	82	14	8	4	26
779	539	245	229	65	16	7	4	27
780	547	241	235	71	6	16	3	25
781	546	244	232	70	12	13	2	27
782	547	246	228	73	18	22	3	43
783	547	244	238	65	6	15	3	24
784	539	243	231	65	12	6	6	24
785	546	244	234	68	10	13	1	24
786	546	240	231	75	9	11	2	22
787	543	241	228	74	13	13	8	34
788	543	250	234	59	16	12	3	31
789	541	246	233	62	13	11	4	28
790	547	242	231	74	11	13	3	27
791	542	244	236	62	8	10	3	21
792	543	244	230	69	14	11	4	29
793	541	246	230	65	16	9	2	27
794	539	244	234	61	10	10	8	28
795	536	241	229	66	12	5	8	25
796	542	243	228	71	15	13	5	33
797	547	241	229	77	12	16	1	29
798	543	243	229	71	14	11	4	29
799	541	244	231	66	13	7	3	23
800	542	244	232	66	12	11	3	26
801	547	246	237	64	9	14	0	23
802	543	242	232	69	10	15	5	30
803	542	246	229	67	17	10	4	31
804	543	241	231	71	10	6	2	18
805	543	241	233	69	8	15	6	29
806	544	241	228	75	13	14	3	30
807	545	240	231	74	9	10	2	21
808	542	243	233	66	10	10	4	24
809	540	248	234	58	14	15	7	36
810	544	237	227	80	10	9	3	22
811	543	243	233	67	10	10	3	23
812	548	245	237	66	8	17	1	26
813	543	240	226	77	14	11	8	33
814	543	244	237	62	7	7	2	16
815	544	246	229	69	17	12	2	31
816	548	245	233	70	12	18	3	33
817	543	246	227	70	19	16	5	40
818	539	246	232	61	14	12	6	32
819	542	243	236	63	7	11	4	22
820	545	247	238	60	9	16	3	28
821	546	242	230	74	12	15	3	30
822	548	245	235	68	10	18	1	29
823	544	241	236	67	5	11	6	22
824	544	242	232	70	10	12	4	26
825	539	245	230	64	15	13	6	34
826	545	245	228	72	17	13	1	31
827	545	241	230	74	11	18	5	34
828	545	236	232	77	4	9	3	16
829	544	244	232	68	12	12	3	27
830	539	245	230	64	15	12	6	33
831	542	243	229	70	14	7	3	24
832	544	244	232	68	12	9	2	23
833	544	239	227	78	12	12	4	28
834	545	243	232	70	11	12	1	24
835	544	247	231	66	16	11	0	27
836	545	244	232	69	12	11	1	24
837	542	245	230	67	15	12	5	32
838	540	243	231	66	12	12	6	30
839	542	244	232	66	12	9	4	25
840	543	243	227	73	16	11	2	29
841	546	235	227	84	8	9	2	19
842	545	243	233	69	10	13	3	26
843	545	244	235	66	9	11	1	21
844	545	248	236	61	12	23	4	39
845	545	242	234	69	8	9	3	20
846	545	240	230	75	10	10	3	23
847	543	240	228	75	12	12	7	31
848	543	239	224	80	15	7	3	25
849	547	244	233	70	11	20	2	33
850	542	245	232	65	13	17	7	37
851	542	237	229	76	8	9	6	23
852	544	243	230	71	13	9	3	25
853	545	238	229	78	9	13	4	26
854	545	245	231	69	14	16	3	33
855	549	243	232	74	11	13	1	25
856	547	247	237	63	10	19	4	33
857	540	244	230	66	14	9	10	33
858	549	242	231	76	11	18	0	29
859	544	243	229	72	14	11	3	28
860	541	242	229	70	13	11	7	31
861	543	244	233	66	11	11	3	25
862	547	242	231	74	11	13	2	26
863	540	245	235	60	10	6	3	19
864	547	241	231	75	10	15	4	29
865	548	239	231	78	8	9	0	17
866	543	242	228	73	14	8	1	23
867	547	247	237	63	10	16	5	31
868	542	250	232	60	18	15	3	36
869	545	241	224	80	17	19	5	41
870	546	247	236	63	11	19	3	33
871	542	243	233	66	10	11	6	27
872	544	244	234	66	10	11	2	23
873	540	240	231	69	9	6	8	23
874	543	239	226	78	13	9	4	26
875	538	251	235	52	16	15	6	37
876	544	241	234	69	7	15	6	28
877	543	247	231	65	16	12	3	31
878	544	249	230	65	19	20	4	43
879	545	248	232	65	16	13	4	33
880	544	245	234	65	11	11	4	26
881	541	247	232	62	15	13	5	33
882	546	240	228	78	12	13	2	27
883	544	243	232	69	11	10	1	22
884	543	248	234	61	14	11	2	27
885	544	244	229	71	15	12	3	30
886	546	246	234	66	12	19	3	34
887	542	237	221	84	16	8	7	31
888	542	243	229	70	14	14	6	34
889	542	246	229	67	17	10	2	29
890	546	244	233	69	11	13	2	26
891	545	244	231	70	13	11	0	24
892	543	241	227	75	14	12	4	30
893	541	247	235	59	12	14	6	32
894	544	243	233	68	10	11	3	24
895	543	248	236	59	12	11	1	24
896	544	241	233	70	8	9	3	20
897	541	242	224	75	18	11	6	35
898	544	244	234	66	10	19	6	35
899	549	239	235	75	4	17	2	23
900	540	246	229	65	17	10	5	32
901	543	245	236	62	9	12	4	25
902	539	248	228	63	20	10	3	33
903	543	246	232	65	14	12	1	27
904	549	239	230	80	9	12	2	23
905	544	244	233	67	11	10	1	22
906	541	245	232	64	13	10	5	28
907	541	249	235	57	14	10	2	26
908	543	236	229	78	7	9	6	22
909	544	245	234	65	11	13	4	28
910	543	244	233	66	11	13	4	28
911	544	245	230	69	15	12	2	29
912	540	245	228	67	17	10	3	30
913	548	239	235	74	4	12	2	18
914	545	244	228	73	16	17	2	35
915	544	240	230	74	10	12	6	28
916	547	247	239	61	8	13	2	23
917	543	245	232	66	13	11	4	28
918	540	244	231	65	13	10	5	28
919	546	247	232	67	15	18	1	34
920	541	243	230	68	13	14	8	35
921	540	246	232	62	14	9	3	26
922	543	247	231	65	16	13	1	30
923	538	241	229	68	12	11	11	34
924	543	239	234	70	5	7	3	15
925	543	245	235	63	10	15	5	30
926	545	239	229	77	10	13	4	27
927	544	241	230	73	11	12	4	27
928	544	240	222	82	18	9	2	29
929	545	243	231	71	12	15	4	31
930	546	242	234	70	8	17	3	28
931	544	245	234	65	11	15	3	29
932	545	240	233	72	7	13	3	23
933	545	243	234	68	9	10	4	23
934	543	236	227	80	9	9	9	27
935	544	244	229	71	15	16	4	35
936	544	244	234	66	10	13	3	26
937	544	240	231	73	9	12	5	26
938	541	244	228	69	16	12	6	34
939	546	246	238	62	8	16	2	26
940	542	245	229	68	16	13	3	32
941	547	238	228	81	10	10	2	22
942	541	247	228	66	19	8	2	29
943	547	242	234	71	8	16	1	25
944	543	248	236	59	12	13	2	27
945	541	242	226	73	16	11	4	31
946	541	244	234	63	10	6	2	18
947	551	244	237	70	7	21	2	30
948	544	242	233	69	9	14	3	26
949	541	239	232	70	7	9	6	22
950	546	240	235	71	5	9	3	17
951	547	247	236	64	11	17	2	30
952	542	243	236	63	7	6	2	15
953	542	245	233	64	12	11	4	27
954	542	244	233	65	11	11	4	26
955	543	242	228	73	14	9	2	25
956	543	245	234	64	11	11	4	26
957	549	247	238	64	9	16	2	27
958	546	239	229	78	10	8	1	19
959	544	240	225	79	15	11	4	30
960	544	242	231	71	11	10	2	23
961	546	242	232	72	10	17	4	31
962	540	250	228	62	22	11	2	35
963	539	244	232	63	12	4	4	20
964	549	241	232	76	9	13	2	24
965	541	248	234	59	14	11	4	29
966	544	243	231	70	12	14	2	28
967	546	242	233	71	9	17	5	31
968	538	246	227	65	19	7	6	32
969	548	232	222	94	10	10	5	25
970	544	240	231	73	9	10	4	23
971	549	241	229	79	12	17	3	32
972	543	245	232	66	13	12	4	29
973	546	242	232	72	10	12	1	23
974	547	244	231	72	13	11	1	25
975	542	247	232	63	15	11	2	28
976	542	243	228	71	15	9	3	27
977	543	245	233	65	12	10	4	26
978	539	246	231	62	15	6	6	27
979	544	241	231	72	10	10	3	23
980	544	244	231	69	13	11	3	27
981	545	242	232	71	10	8	2	20
982	540	245	234	61	11	8	3	22
983	538	248	231	59	17	13	8	38
984	542	242	228	72	14	16	7	37
985	546	245	231	70	14	20	2	36
986	542	242	225	75	17	15	6	38
987	545	242	230	73	12	12	4	28
988	547	243	228	76	15	15	3	33
989	545	245	224	76	21	16	1	38
990	544	246	231	67	15	13	1	29
991	541	247	234	60	13	10	4	27
992	545	247	232	66	15	15	3	33
993	542	247	231	64	16	11	3	30
994	542	237	226	79	11	10	7	28
995	544	245	234	65	11	16	4	31
996	541	248	236	57	12	7	2	21
997	543	247	233	63	14	12	3	29
998	543	248	232	63	16	16	4	36
999	544	249	235	60	14	12	1	27
1000	543	247	231	65	16	11	3	30
