1	250.5147	249	4314.0143	4314.3143
2	250.4315	248	4429.2862	4432.3675
3	250.5357	249	4353.6483	4353.9410
4	250.8897	245	4331.9097	4334.1388
5	250.2440	244	4330.7826	4334.1708
6	250.8273	251	4389.6408	4393.2185
7	250.4727	253	4235.0729	4235.6872
8	250.8066	248	4352.1156	4354.0335
9	250.7857	244	4392.2371	4393.5021
10	250.1192	243	4332.9483	4334.4356
11	250.9105	248	4411.9306	4412.6782
12	250.7440	246	4412.4447	4413.3565
13	250.8897	244	4331.7886	4334.1418
14	250.4318	244	4329.0753	4334.2985
15	250.3271	244	4193.1268	4196.4292
16	250.4730	247	4172.6141	4177.0502
17	250.6814	247	4349.4280	4353.8155
18	250.8274	247	4411.0970	4412.9337
19	250.2234	238	4212.6698	4215.8297
20	251.2643	252	4312.4148	4314.7491
21	250.3276	246	4371.6139	4373.9882
22	250.9107	248	4369.9018	4373.6487
23	250.1814	252	4291.4972	4294.9146
24	250.1191	248	4331.2390	4334.4420
25	250.8896	249	4329.9687	4334.1312
26	250.9105	246	4390.2460	4393.4495
27	250.7649	250	4488.3288	4491.8993
28	250.6609	241	4311.1693	4314.5163
29	250.5354	248	4290.9722	4295.0006
30	250.4317	249	4389.2276	4393.4562
31	250.5772	246	4234.0890	4235.8420
32	250.0985	249	4389.1173	4393.2493
33	250.3900	250	4273.7544	4275.0051
34	250.2854	245	4136.2506	4137.1450
35	250.7234	246	4468.7543	4472.1938
36	250.1607	244	4212.4211	4216.3065
37	250.0354	251	4176.1547	4176.9282
38	250.8896	248	4388.4815	4393.4188
39	250.0982	248	4310.7336	4314.5991
40	250.3479	245	4195.1294	4196.2490
41	250.0980	248	4233.4693	4235.7875
42	248.8907	246	4410.2841	4412.9288
43	250.4939	247	4332.0477	4334.2006
44	250.5985	245	4432.1870	4432.6190
45	250.5979	247	4351.1433	4353.9626
46	249.7439	250	4213.7071	4216.1564
47	250.8900	247	4389.6893	4393.3796
48	250.3271	252	4370.8829	4373.8959
49	250.0151	246	4389.8466	4393.2534
50	248.6820	251	4293.5583	4294.7134
51	251.5562	247	4409.2760	4412.7157
52	250.9104	248	4391.2108	4393.5997
53	250.1194	242	4292.1005	4294.7510
54	251.6814	246	4472.2090	4472.1721
55	250.9106	250	4430.9397	4432.8525
56	250.1192	242	4252.4167	4255.6352
57	248.9317	248	4214.4825	4216.0523
58	250.8687	254	4213.1979	4215.9949
59	250.8481	242	4351.7999	4353.6304
60	250.5979	246	4332.1556	4334.2408
61	250.3059	255	4253.9126	4255.1012
62	251.2645	246	4332.1767	4334.1813
63	251.4729	244	4348.7552	4354.3598
64	250.6604	248	4251.8464	4255.2614
65	250.5982	251	4328.7759	4334.4396
66	250.1813	248	4332.1130	4334.2348
67	250.8899	247	4313.4300	4314.7737
68	250.5361	238	4368.1361	4373.5571
69	250.9316	246	4509.1924	4511.3176
70	250.5148	248	4409.9592	4413.1143
71	250.4312	248	4174.1688	4176.6638
72	250.7440	243	4391.1238	4393.4033
73	250.2233	243	4291.6556	4294.7323
74	250.1397	248	4212.3520	4215.7745
75	250.0357	247	4332.7877	4334.3474
76	249.6815	249	4251.7072	4255.5812
77	248.9739	241	4330.1590	4333.9076
78	250.8891	250	4093.0586	4097.7653
79	249.1609	248	4292.7381	4295.1800
80	250.9311	246	4272.5277	4275.1566
81	250.4106	244	4291.6753	4294.9939
82	250.3690	248	4313.3375	4314.6527
83	250.8069	246	4449.5280	4452.3547
84	250.7018	251	4289.9171	4294.9361
85	250.7233	245	4291.9457	4294.9799
86	250.1607	245	4370.4848	4373.5720
87	250.6190	241	4292.4011	4294.8099
88	249.7858	245	4290.2563	4294.7092
89	249.5777	246	4409.6984	4413.2604
90	250.7233	241	4353.6909	4354.1678
91	250.6811	248	4293.2813	4294.4238
92	250.4110	249	4311.4143	4314.5842
93	250.4106	251	4372.8365	4373.8313
94	250.2442	246	4309.8955	4314.7164
95	250.2232	248	4214.2826	4216.0595
96	250.5765	252	4195.0164	4196.2146
97	250.7649	246	4412.0860	4413.2894
98	249.3070	249	4313.5156	4314.8839
99	250.2857	247	4331.8106	4334.5549
100	250.5984	246	4333.5376	4334.2400
101	250.9104	251	4390.7488	4393.4825
102	250.8069	246	4450.1237	4452.5461
103	251.2018	249	4252.8282	4255.3778
104	250.7651	250	4467.6376	4471.4464
105	250.3897	246	4273.4356	4275.1856
106	250.1399	249	4331.2332	4334.4481
107	251.6189	247	4331.8351	4334.1092
108	250.6607	244	4272.2835	4275.4379
109	250.6399	240	4211.1381	4215.9691
110	250.9105	250	4389.7851	4393.4694
111	250.2858	251	4371.2385	4373.5985
112	250.8685	249	4291.9041	4294.7240
113	251.3688	246	4253.9256	4255.3512
114	250.8063	249	4428.9147	4432.7350
115	249.9943	243	4313.8455	4314.8172
116	250.8064	242	4273.3139	4275.3373
117	250.6397	251	4430.0569	4432.3939
118	251.3271	246	4413.6042	4413.3414
119	250.4732	247	4292.4030	4294.5122
120	250.8270	246	4254.5549	4255.4504
121	250.5356	247	4469.0655	4472.6026
122	250.2236	243	4351.5680	4354.1120
123	250.4102	246	4211.4306	4215.9010
124	250.8273	247	4450.1495	4452.4034
125	250.1397	247	4271.8395	4275.0427
126	250.2443	247	4389.6192	4393.5575
127	249.7859	241	4293.6719	4294.9261
128	250.7226	253	4349.7375	4354.2770
129	250.2650	245	4429.3138	4432.8652
130	250.8065	243	4233.7902	4235.7873
131	250.4526	246	4391.1387	4393.6004
132	250.2442	245	4252.9706	4255.1530
133	250.1193	241	4352.3919	4354.1350
134	251.0144	248	4195.0743	4196.2503
135	250.2024	243	4292.9006	4294.5137
136	249.3894	247	4034.8118	4038.6511
137	250.3485	240	4273.0373	4274.8090
138	251.3895	242	4293.0593	4294.9058
139	250.0982	245	4251.4592	4255.6984
140	249.9107	246	4315.1406	4314.4384
141	250.6607	245	4293.8914	4294.7379
142	250.7646	242	4289.3557	4294.9867
143	248.8696	240	4192.5413	4196.2552
144	250.7024	248	4309.5791	4314.4842
145	251.7229	249	4431.0574	4432.7934
146	250.7233	251	4449.4778	4452.1935
147	250.3064	245	4174.4709	4176.6776
148	250.2652	241	4311.9507	4314.5916
149	250.5356	243	4233.2724	4235.5767
150	251.4933	250	4234.6131	4235.5435
151	250.4518	249	4134.1343	4137.1655
152	249.9111	245	4370.6145	4373.5271
153	250.6811	251	4230.4860	4235.5736
154	249.7444	248	4432.0432	4432.7474
155	250.9103	248	4369.0201	4373.5496
156	250.6398	250	4371.6926	4373.7099
157	250.9730	245	4154.5882	4157.1601
158	250.3900	250	4272.4150	4274.8560
159	250.0151	241	4369.6463	4373.7511
160	251.4517	249	4173.9763	4176.9079
161	250.3274	248	4331.9808	4334.1827
162	250.1191	249	4332.9896	4334.1737
163	250.3693	251	4469.3589	4472.2195
164	250.4943	250	4333.2822	4334.3537
165	250.7854	248	4271.5082	4274.8693
166	250.8695	248	4412.0087	4413.0156
167	250.4315	249	4368.3341	4373.5591
168	250.0564	247	4390.4969	4393.9089
169	250.5981	250	4371.8251	4373.5325
170	250.9521	249	4449.2931	4452.6893
171	250.1608	249	4350.5474	4354.0226
172	250.0773	244	4316.2180	4314.3820
173	250.1194	244	4372.6148	4373.6443
174	250.5148	244	4390.2022	4393.2906
175	251.1814	251	4330.8450	4334.6007
176	250.5151	243	4429.7378	4432.8607
177	250.3895	252	4490.3322	4492.0162
178	250.5144	252	4291.3822	4294.6855
179	250.7022	247	4331.5348	4334.3960
180	250.3690	245	4368.3210	4373.5243
181	250.0357	249	4432.3380	4432.8775
182	250.0775	243	4332.7519	4333.9427
183	250.0772	249	4312.2773	4314.9138
184	250.7440	247	4411.9386	4412.7860
185	251.6600	250	4312.8870	4314.6092
186	251.1397	247	4411.3201	4413.0480
187	250.3691	242	4254.3388	4255.2492
188	250.2231	252	4290.5155	4294.8468
189	251.3058	251	4290.8915	4294.7457
190	249.2649	242	4133.6480	4137.1655
191	249.9109	242	4192.4076	4196.5031
192	250.1404	244	4467.5731	4472.2207
193	250.3692	248	4428.5009	4433.0382
194	249.8488	241	4334.8948	4334.0918
195	250.2022	244	4252.3310	4255.4591
196	250.0774	245	4409.1177	4413.0073
197	249.3277	250	4272.2688	4275.0350
198	250.6814	247	4330.1040	4334.1940
199	250.1817	249	4411.1343	4413.1168
200	251.0771	246	4292.3627	4294.9974
201	250.7852	247	4252.5759	4255.2730
202	250.0570	242	4468.1777	4472.4869
203	250.7856	248	4389.1695	4393.1161
204	250.8062	242	4115.4911	4117.2690
205	251.0149	243	4470.0434	4472.3949
206	250.7436	249	4350.3095	4354.0664
207	250.0774	245	4253.7051	4255.3378
208	250.8478	248	4252.0850	4255.2323
209	250.5357	250	4350.0486	4353.9128
210	250.3694	246	4370.7792	4373.6176
211	251.3064	246	4350.7905	4353.5405
212	250.4942	249	4392.3886	4392.9857
213	250.8270	248	4253.3131	4255.6529
214	250.3062	251	4235.1352	4236.0155
215	250.6187	245	4113.4813	4117.6976
216	250.4943	247	4314.3893	4314.2074
217	249.0571	244	4292.4576	4294.6456
218	250.6811	241	4134.5703	4137.2932
219	250.7651	248	4529.6038	4531.3537
220	250.8690	250	4527.6399	4531.4461
221	250.1401	246	4292.0748	4294.8745
222	250.1400	249	4350.8115	4354.0178
223	250.0147	243	4176.5908	4176.6179
224	250.6813	251	4331.6764	4334.5165
225	250.2651	248	4388.9227	4393.7311
226	250.3900	250	4350.2856	4353.6551
227	250.6817	243	4449.9270	4451.9632
228	250.4108	245	4390.6892	4393.3317
229	250.6189	244	4233.9830	4235.8947
230	250.0150	243	4211.4651	4216.0714
231	248.4734	248	4293.1994	4294.8322
232	250.0771	248	4233.5770	4236.0396
233	250.2849	253	4074.5239	4078.2147
234	250.5152	246	4469.8320	4471.8899
235	250.5775	244	4333.8993	4334.2158
236	250.3689	246	4292.3515	4294.6966
237	251.5346	247	4212.8727	4216.4803
238	250.2233	246	4313.7551	4314.1950
239	250.3068	239	4271.7344	4274.8523
240	250.3480	249	4230.5494	4235.9281
241	249.9943	244	4332.5448	4334.6294
242	250.1398	249	4450.1139	4452.2111
243	250.1813	247	4194.4314	4196.3525
244	249.9106	250	4310.3653	4314.5159
245	250.7644	252	4350.4613	4354.2034
246	250.5361	249	4351.8793	4354.0653
247	249.9736	244	4488.4488	4491.7641
248	250.5568	250	4449.4321	4452.8871
249	250.8064	250	4448.5451	4452.3927
250	250.6190	245	4368.8060	4374.0955
251	249.7649	251	4372.1401	4373.6797
252	250.6810	254	4369.3223	4373.9409
253	250.7857	247	4252.7560	4255.5375
254	250.8480	246	4272.5127	4274.6927
255	250.3686	249	4253.0099	4255.7536
256	250.9313	250	4351.4628	4354.0667
257	250.0564	251	4330.9065	4334.2310
258	249.4318	246	4292.4819	4294.9911
259	250.2441	245	4291.5947	4294.9300
260	250.4725	254	4253.6542	4255.3155
261	251.0559	249	4214.0072	4215.7618
262	250.5981	244	4211.0378	4215.7757
263	249.7027	255	4331.1312	4333.9106
264	250.6605	246	4331.4553	4334.1721
265	251.5770	250	4413.3911	4413.0566
266	249.8275	245	4272.9176	4275.0549
267	250.4728	248	4233.4304	4235.3446
268	250.2022	246	4195.6947	4196.0223
269	249.6193	245	4312.5169	4314.5699
270	250.4731	251	4333.9745	4334.0168
271	251.0770	247	4310.7138	4314.5912
272	250.2443	245	4410.6628	4412.9932
273	250.5144	253	4292.5475	4295.0249
274	250.8479	251	4292.7220	4294.5921
275	250.0982	245	4252.2184	4255.2696
276	250.7857	245	4331.7870	4334.1356
277	250.0357	246	4351.0653	4353.9648
278	250.7024	251	4311.0994	4314.4260
279	250.1814	241	4192.3897	4196.5491
280	250.6398	245	4349.6009	4353.9201
281	250.0568	251	4410.8821	4413.0909
282	250.8483	245	4451.6871	4452.2988
283	250.4732	243	4272.6897	4274.7952
284	249.8696	250	4373.9290	4373.8074
285	250.4313	247	4253.7153	4255.2574
286	250.3066	247	4350.8158	4354.0365
287	250.8273	251	4469.9702	4472.3042
288	250.4521	249	4410.2499	4412.7843
289	250.1606	245	4231.6533	4235.6393
290	250.2233	250	4411.3243	4413.0419
291	250.0357	246	4331.6830	4334.2010
292	250.4739	241	4449.8373	4452.4814
293	250.5151	248	4392.2059	4393.3368
294	250.3689	246	4270.6742	4275.0154
295	250.8895	242	4153.1330	4156.7730
296	250.7021	246	4312.6337	4314.2855
297	250.4108	246	4467.2319	4471.9629
298	250.6817	241	4372.7452	4373.7431
299	250.1816	244	4312.1911	4314.5808
300	250.8483	239	4214.1889	4216.1759
301	250.8483	243	4312.8617	4314.4019
302	250.4941	246	4270.2712	4275.3109
303	250.4732	249	4372.6762	4373.2711
304	250.1191	250	4333.1255	4334.2168
305	250.1605	250	4215.1632	4215.9311
306	250.1400	247	4333.0839	4334.3229
307	250.2028	240	4353.3434	4353.8283
308	250.2020	245	4175.0621	4176.4615
309	250.9313	252	4352.6603	4354.1760
310	250.2024	248	4232.0526	4235.7152
311	250.2440	246	4331.9228	4334.4351
312	250.2447	247	4391.8750	4393.3844
313	250.1819	240	4412.9637	4412.9701
314	249.5150	244	4234.1131	4235.4478
315	250.7441	245	4430.9229	4432.7112
316	249.8066	246	4351.1100	4353.7631
317	250.5355	252	4408.6028	4412.9891
318	250.2857	243	4250.0515	4255.0208
319	250.7854	250	4292.3877	4294.8776
320	250.7852	246	4173.8831	4176.5419
321	250.6395	247	4177.0536	4176.5946
322	251.4312	248	4289.9694	4294.3504
323	250.5143	247	4117.2265	4117.7260
324	250.5772	250	4369.3681	4374.2461
325	250.4727	248	4291.7736	4294.5675
326	249.1403	246	4333.3275	4333.9601
327	250.0775	245	4292.9692	4294.5638
328	250.8062	250	4350.2566	4353.7769
329	251.0145	247	4291.5935	4294.4547
330	249.4527	246	4292.3749	4294.4303
331	251.4523	246	4411.9191	4413.0702
332	250.8896	250	4331.7068	4334.0328
333	250.5980	244	4353.0884	4354.3502
334	250.8059	250	4175.8178	4176.3716
335	250.4734	245	4451.9768	4452.3381
336	249.3902	240	4292.1622	4294.8630
337	250.5150	247	4369.6672	4373.7866
338	250.7857	248	4389.8933	4393.4240
339	249.9734	247	4412.1855	4413.0850
340	250.1193	243	4273.6770	4275.1878
341	250.4520	247	4233.9543	4235.7308
342	250.7233	249	4527.2105	4531.0905
343	250.5357	250	4349.4565	4353.9825
344	250.2443	244	4253.9438	4255.4035
345	250.8065	247	4329.6890	4334.0291
346	250.0151	242	4372.5568	4373.6653
347	250.0357	248	4273.5069	4275.2919
348	250.7856	251	4412.1269	4412.8947
349	249.8278	247	4489.2019	4492.1242
350	250.1190	248	4155.8599	4156.9209
351	250.6813	250	4391.3008	4393.6420
352	250.8273	248	4310.0445	4314.7231
353	250.3486	241	4369.0186	4373.5099
354	250.7856	247	4252.2106	4255.1807
355	249.4319	245	4373.0981	4373.8297
356	250.4316	253	4408.7508	4413.4603
357	250.9313	250	4393.7182	4393.3210
358	250.0564	247	4251.0313	4255.4268
359	250.5564	244	4370.5712	4373.5087
360	250.2233	245	4311.6137	4314.5943
361	250.4109	247	4409.2109	4412.6527
362	250.2857	245	4411.4359	4413.2868
363	250.3058	254	4154.7764	4157.3996
364	250.4108	247	4389.6822	4393.2515
365	250.6190	252	4391.8575	4393.0711
366	250.8690	244	4371.3918	4373.6223
367	250.2231	251	4431.4362	4432.4359
368	251.1392	250	4352.0559	4353.6297
369	251.1814	247	4350.7535	4354.1471
370	250.2439	247	4414.6950	4413.0432
371	250.5560	251	4251.1070	4255.5937
372	250.3691	247	4410.1416	4413.2918
373	250.3065	249	4350.9949	4354.0081
374	250.7858	244	4411.2159	4413.1376
375	250.3067	245	4349.1772	4354.2186
376	250.6610	245	4351.8721	4353.9473
377	250.8687	249	4332.2684	4334.1698
378	250.4317	243	4312.2808	4314.5577
379	250.9103	247	4314.4646	4314.0636
380	250.5359	249	4449.6836	4452.3339
381	250.3274	246	4408.3337	4413.0788
382	250.6190	249	4371.1127	4373.9291
383	250.0566	241	4255.4960	4255.4992
384	249.4945	240	4291.9540	4294.8941
385	250.0567	246	4431.9165	4432.5804
386	250.1814	244	4194.5783	4196.0809
387	250.8275	243	4388.7524	4393.2761
388	250.5152	245	4389.8814	4393.1986
389	250.7437	247	4293.1605	4294.4018
390	250.0360	248	4329.0566	4333.8743
391	250.3900	247	4409.7545	4413.0832
392	250.5143	251	4350.6304	4354.0032
393	250.6808	249	4115.1072	4117.5757
394	250.8064	250	4313.1475	4314.6780
395	250.4940	246	4332.7737	4333.9968
396	250.6812	252	4310.8284	4314.4531
397	250.3066	245	4294.3203	4294.7546
398	250.0560	255	4276.5423	4275.2279
399	250.8270	249	4292.4424	4295.0949
400	250.6193	244	4351.2653	4353.5811
401	250.4313	249	4255.8808	4255.5835
402	250.4311	250	4174.0485	4176.4150
403	250.4522	249	4331.3869	4333.9907
404	250.7856	244	4371.7677	4373.7405
405	250.2022	245	4193.1405	4196.5815
406	250.2019	248	4154.3524	4157.3001
407	250.8687	248	4194.4863	4196.5137
408	250.9104	247	4192.9205	4196.3539
409	250.4520	245	4212.8276	4215.9085
410	250.7026	247	4412.2867	4412.6629
411	251.3686	248	4312.3404	4314.7584
412	249.8685	250	4256.8420	4255.4355
413	250.9721	252	4194.6918	4196.2192
414	250.5770	248	4350.0534	4353.8151
415	250.5146	244	4291.3982	4294.7846
416	250.9313	251	4334.6051	4334.2003
417	250.3900	248	4350.1061	4353.8626
418	251.2019	247	4293.1431	4294.8138
419	250.3479	251	4372.2305	4373.3861
420	250.4107	251	4253.4426	4255.3037
421	250.8690	242	4349.2808	4354.1752
422	249.6816	252	4292.0710	4294.6512
423	250.8480	247	4272.4779	4274.8441
424	250.8688	244	4408.4503	4413.1662
425	251.1184	245	4195.8470	4196.3378
426	250.9104	245	4314.9062	4314.3969
427	250.3483	248	4332.7301	4334.2448
428	250.7231	249	4409.1855	4412.8776
429	250.9312	248	4311.9155	4314.6657
430	251.2232	245	4333.5322	4334.2454
431	250.4941	246	4270.8082	4274.9824
432	250.0569	242	4370.8237	4373.4004
433	250.7855	247	4312.8688	4314.4875
434	250.7650	246	4349.7289	4354.0153
435	251.6190	246	4428.9991	4432.9399
436	250.2855	241	4214.4787	4216.1561
437	250.7648	245	4390.7280	4393.2234
438	250.1192	250	4332.9855	4334.1627
439	250.9315	247	4489.5097	4491.7121
440	250.6604	244	4177.4535	4176.6822
441	251.1184	254	4290.7128	4294.8986
442	250.8890	252	4116.6800	4117.5344
443	250.5983	245	4409.1154	4413.1045
444	250.3900	247	4330.0423	4334.3509
445	250.8482	241	4215.2452	4216.1480
446	250.0776	253	4408.6940	4413.3587
447	250.0566	247	4272.7387	4275.3565
448	250.5776	243	4431.3092	4432.9165
449	250.6395	247	4252.6967	4255.3534
450	251.5769	245	4369.3989	4373.3969
451	250.5147	249	4329.1426	4334.1881
452	250.3276	250	4452.6764	4452.4997
453	250.0776	243	4371.7598	4373.1769
454	250.7650	244	4428.6621	4432.5632
455	250.2441	245	4292.1077	4294.9453
456	250.5357	248	4330.7051	4334.0959
457	249.6397	243	4211.5961	4216.1380
458	251.0774	247	4389.1663	4393.3837
459	249.5774	247	4271.4071	4275.0161
460	250.8479	248	4331.5608	4334.1461
461	250.4937	248	4232.5223	4235.4778
462	250.6602	248	4292.3559	4294.9311
463	251.0355	249	4370.5116	4373.4240
464	250.3275	250	4429.5812	4432.9878
465	250.5355	250	4252.2766	4255.4023
466	250.9316	249	4370.9465	4373.6917
467	250.2649	247	4270.9553	4274.9760
468	250.0150	244	4371.3721	4373.6372
469	250.0567	243	4270.8339	4275.1799
470	250.5775	242	4389.7154	4393.3834
471	250.7436	251	4370.0651	4373.8298
472	250.4730	249	4389.3000	4393.4783
473	250.4733	244	4430.6733	4433.0520
474	250.2026	245	4390.7674	4393.4421
475	250.7021	250	4331.7089	4333.8100
476	250.4313	245	4097.4683	4097.6543
477	250.5774	247	4407.6280	4413.0259
478	251.1603	249	4075.0426	4078.4149
479	250.9519	248	4213.7018	4216.1456
480	250.7023	248	4351.4680	4354.3601
481	249.5776	246	4173.8521	4176.7353
482	250.0564	252	4331.2452	4334.2277
483	250.6398	244	4273.5064	4275.1255
484	250.4942	246	4450.1954	4452.5225
485	250.7439	252	4330.4490	4334.0105
486	250.5773	250	4389.2929	4393.2486
487	250.0984	244	4292.1558	4294.8679
488	250.2027	251	4510.5573	4511.1727
489	250.9104	248	4312.3346	4314.6986
490	250.7235	244	4471.8046	4472.1311
491	250.6399	245	4371.8264	4373.4792
492	250.1817	249	4409.4451	4413.1456
493	250.3066	249	4271.3039	4275.3130
494	250.5565	247	4387.1745	4393.6145
495	251.2225	249	4174.5200	4176.7129
496	250.9109	243	4450.0793	4452.5860
497	250.0150	243	4290.3197	4294.5687
498	251.3689	245	4331.7447	4334.3327
499	250.7234	240	4427.1700	4432.5007
500	250.9103	250	4391.7311	4393.4838
501	249.8895	243	4115.2038	4117.6178
502	250.4311	249	4313.6408	4314.2924
503	250.4107	247	4314.0566	4314.6520
504	250.1604	253	4292.0086	4294.9881
505	250.8897	244	4270.9740	4274.9351
506	250.4525	255	4370.5179	4373.7392
507	250.7229	250	4369.5329	4374.0252
508	250.3068	242	4371.7226	4373.6505
509	250.8066	245	4331.9898	4334.0285
510	249.7648	250	4213.4725	4216.0950
511	250.3273	248	4332.3938	4334.3217
512	250.7233	246	4431.2019	4432.4449
513	251.2854	248	4353.2335	4353.8282
514	250.6396	242	4175.6349	4176.1277
515	250.4103	250	4192.1393	4196.2522
516	249.9938	248	4251.8411	4255.3967
517	249.7234	246	4310.9048	4314.4358
518	250.1611	238	4351.1254	4354.0735
519	250.6608	247	4391.8472	4393.6913
520	250.7855	247	4369.6308	4373.7707
521	249.8899	242	4232.3302	4235.6321
522	250.3897	245	4352.0866	4354.0542
523	250.7022	246	4251.7740	4255.2633
524	250.7648	243	4212.1779	4216.1373
525	250.1816	249	4467.6156	4472.1176
526	250.8270	242	4096.4128	4097.7405
527	250.0354	250	4310.0871	4314.6710
528	250.4944	248	4489.6046	4491.7341
529	249.2648	245	4056.9965	4058.4701
530	250.8892	251	4212.4613	4215.9388
531	250.4311	250	4230.1284	4235.7687
532	251.0355	252	4390.7099	4393.4009
533	250.3482	247	4253.2472	4255.5739
534	251.0145	247	4353.0047	4354.0799
535	250.9310	250	4348.6952	4353.7751
536	250.3689	252	4313.0177	4314.6982
537	250.2650	246	4430.7210	4432.7615
538	250.4734	247	4527.7779	4531.7853
539	250.8481	248	4372.4418	4373.2649
540	250.0146	249	4170.5954	4176.6742
541	251.0354	244	4351.7110	4353.8821
542	250.5353	249	4270.9440	4274.8552
543	250.5564	243	4212.8724	4215.9510
544	251.6395	244	4272.1009	4275.3529
545	250.4312	243	4230.8861	4235.7152
546	250.0148	247	4272.3728	4275.3335
547	250.2445	245	4433.6328	4432.7268
548	250.0360	244	4252.6914	4255.3760
549	250.7022	247	4330.4076	4334.5257
550	250.3897	252	4370.6229	4373.6541
551	250.3482	247	4390.9672	4393.4335
552	250.9313	250	4389.9398	4393.2854
553	250.0147	249	4251.8070	4255.1601
554	250.1401	249	4431.5516	4432.8117
555	250.9517	249	4175.1665	4176.6416
556	250.0562	245	4213.1121	4216.1537
557	251.4103	253	4446.4420	4452.4560
558	250.4729	253	4251.5972	4255.1338
559	250.4106	244	4351.0631	4353.8502
560	251.5563	246	4350.0128	4353.9666
561	250.2026	246	4254.9821	4255.4892
562	251.2235	244	4449.7594	4452.2081
563	250.4522	248	4331.0250	4334.1533
564	250.6606	244	4352.5391	4353.9160
565	250.2858	246	4271.7392	4275.1180
566	250.8480	244	4253.2289	4255.3327
567	250.0982	247	4253.9611	4255.4365
568	250.0148	250	4273.3912	4275.1744
569	250.1606	250	4371.1423	4373.6278
570	250.3274	248	4350.2989	4353.8995
571	250.6601	250	4292.7894	4295.1315
572	250.8066	250	4331.8584	4334.1571
573	250.0986	245	4448.2778	4452.3529
574	250.7022	248	4410.7446	4413.1772
575	250.7019	251	4290.3064	4294.6685
576	250.3066	244	4351.8245	4353.9714
577	250.2235	243	4390.6369	4393.3994
578	250.9523	243	4195.1186	4196.2624
579	249.7443	247	4332.0525	4333.9343
580	249.6199	241	4392.0278	4393.4354
581	250.4731	249	4348.7659	4354.0368
582	250.0774	246	4332.5032	4334.4602
583	249.9734	245	4232.7894	4235.8163
584	249.9319	246	4371.8859	4373.4581
585	250.3895	249	4172.3278	4176.6503
586	249.9941	249	4369.4251	4373.5469
587	250.7228	250	4213.9867	4216.1817
588	250.5147	247	4310.7876	4314.7600
589	250.9311	250	4373.0945	4373.9778
590	250.1193	246	4369.8126	4373.9030
591	250.9103	249	4371.0261	4373.7016
592	250.7857	247	4348.3728	4354.1055
593	250.0567	249	4447.3878	4452.1754
594	249.8061	246	4133.6256	4137.2584
595	250.0565	244	4192.3803	4196.2393
596	249.8275	245	4349.9754	4354.0572
597	250.0776	247	4372.9057	4373.7970
598	250.2024	251	4310.4964	4314.5226
599	250.4313	249	4329.4805	4334.2945
600	250.2441	243	4291.5633	4295.2711
601	250.2228	246	4232.4249	4235.9525
602	250.6399	250	4448.9988	4452.3663
603	250.5982	249	4254.6965	4255.5504
604	250.6192	246	4330.9240	4334.0773
605	250.8060	253	4194.3362	4196.2164
606	250.5357	247	4409.6419	4413.0004
607	250.7647	249	4392.7365	4393.2666
608	251.3067	243	4391.9959	4393.3290
609	249.3903	246	4331.9543	4334.5488
610	249.6611	249	4451.3571	4452.2717
611	250.1193	245	4430.4424	4432.7700
612	250.4731	247	4329.1274	4334.3805
613	250.8683	251	4194.1643	4196.0931
614	250.6190	240	4272.0828	4275.2366
615	250.2445	245	4429.8108	4432.4996
616	250.1605	243	4116.1765	4117.7646
617	250.9314	243	4115.0283	4117.6118
618	249.4530	247	4410.1724	4412.4523
619	250.5979	246	4331.6629	4334.3457
620	250.0772	248	4232.9529	4235.6169
621	249.6822	249	4371.7620	4373.8509
622	251.0562	245	4330.6235	4334.3483
623	250.1610	242	4331.8007	4333.9818
624	250.6187	249	4274.3722	4275.3988
625	250.2441	247	4431.4364	4432.7938
626	249.5147	250	4272.5976	4275.2027
627	250.7647	244	4213.8955	4215.9492
628	250.3690	245	4233.5406	4235.7729
629	249.2859	246	4312.0159	4314.6306
630	250.8898	250	4371.6407	4373.7686
631	249.1403	246	4331.5510	4334.1211
632	250.5982	249	4411.3318	4413.2334
633	249.5152	247	4352.1007	4354.2472
634	250.6393	250	4212.4907	4216.1025
635	250.7231	245	4332.4973	4334.0889
636	250.4107	248	4313.5434	4314.4685
637	250.8272	244	4133.9138	4137.4471
638	250.0564	248	4253.6133	4255.8038
639	250.9315	248	4372.2174	4373.9071
640	250.5565	245	4252.4571	4255.4412
641	250.2856	253	4292.1255	4294.6698
642	250.9315	247	4430.5331	4432.8867
643	250.0149	246	4271.6871	4275.2355
644	248.6613	241	4272.4669	4275.4222
645	250.5145	250	4369.5845	4373.4446
646	250.5149	251	4370.6100	4373.9910
647	250.0770	247	4290.5040	4294.8884
648	250.2642	247	4172.9696	4176.5776
649	249.7856	250	4352.4526	4354.0779
650	250.7854	248	4272.2009	4275.2316
651	250.3690	250	4389.3387	4393.5898
652	251.1816	248	4373.4325	4373.6307
653	251.7019	247	4332.1681	4333.9569
654	250.8899	250	4391.1696	4393.3539
655	250.3067	249	4368.6789	4373.7702
656	250.8900	246	4312.3668	4314.5511
657	250.0773	249	4411.0228	4413.0103
658	250.2023	245	4348.3306	4354.0905
659	250.6393	246	4134.4081	4137.2918
660	250.6397	250	4431.2171	4432.9252
661	248.7653	244	4211.8780	4215.7071
662	250.0358	242	4212.2554	4215.9778
663	250.3275	242	4334.6330	4334.0607
664	247.2869	241	4232.7990	4235.8085
665	250.2026	250	4488.8449	4491.7115
666	250.7436	248	4351.9615	4353.8421
667	250.8273	240	4294.8909	4294.7871
668	250.7650	240	4330.8324	4334.2564
669	251.2434	252	4313.2925	4314.4905
670	251.1818	241	4313.7548	4314.6212
671	250.0775	245	4271.4412	4275.1664
672	249.9944	243	4410.1886	4412.8832
673	250.0149	244	4289.8146	4294.9342
674	250.5562	252	4434.1865	4432.7391
675	250.2442	247	4392.8228	4393.3534
676	250.2025	247	4310.9526	4314.0862
677	250.8479	247	4192.7334	4196.8007
678	250.0361	245	4390.2882	4393.3140
679	250.5565	248	4411.8354	4412.8810
680	251.4936	248	4391.5884	4393.5426
681	250.2233	244	4290.1848	4294.7754
682	250.6812	246	4309.6123	4314.6898
683	250.6395	251	4331.7824	4334.5112
684	249.4525	248	4332.1809	4334.0762
685	250.4317	252	4330.0941	4334.1928
686	250.1606	246	4232.2312	4235.7160
687	250.3691	249	4487.3078	4491.8420
688	250.3273	253	4270.8613	4275.0861
689	250.4942	249	4310.0743	4314.4628
690	250.2022	247	4331.3815	4334.1653
691	250.5565	250	4271.0417	4275.1986
692	250.6817	245	4313.3085	4314.7097
693	249.5778	240	4311.8232	4314.6518
694	250.5559	251	4230.7928	4236.1319
695	249.9108	245	4255.4380	4255.2754
696	250.2022	254	4370.4646	4373.8128
697	250.1398	246	4291.6030	4294.6972
698	250.0775	247	4273.0928	4274.8606
699	249.0569	253	4232.9456	4235.9849
700	250.0560	250	4194.2339	4196.2048
701	249.2235	253	4313.2131	4314.6931
702	250.8479	252	4408.1956	4413.3329
703	251.0772	243	4351.4180	4353.5778
704	250.7019	246	4276.3141	4275.3097
705	250.0568	249	4449.8465	4452.6612
706	250.4108	249	4392.5330	4393.5974
707	250.7441	246	4350.2001	4354.0310
708	248.6821	248	4292.6382	4294.7540
709	250.6187	245	4252.6140	4255.6349
710	251.4308	250	4232.1270	4235.7591
711	250.5564	248	4173.9000	4176.9068
712	250.4318	244	4330.6786	4333.9926
713	251.0355	252	4390.9369	4393.5026
714	250.0773	249	4388.6205	4393.3500
715	250.0145	243	4075.9916	4077.8591
716	250.1811	249	4175.5194	4176.5201
717	250.5772	249	4309.8401	4314.7060
718	250.8687	253	4192.7664	4196.4530
719	250.6401	244	4409.7573	4412.7214
720	251.1813	245	4234.2967	4235.5805
721	250.5984	246	4487.8762	4491.9728
722	250.2232	248	4292.3546	4294.8018
723	250.7437	245	4290.1105	4295.0326
724	250.0359	238	4271.6943	4275.0386
725	250.2023	244	4353.9494	4353.9012
726	250.4942	250	4471.1649	4472.4133
727	250.1400	243	4311.3694	4314.5084
728	250.6188	251	4270.8848	4274.9840
729	250.8064	248	4370.7065	4373.6521
730	250.6604	251	4489.6263	4491.7586
731	250.1404	243	4528.5659	4531.4510
732	249.4115	247	4389.0045	4393.2441
733	250.2653	250	4509.5919	4511.4674
734	250.4941	247	4430.5626	4432.8941
735	250.4733	243	4293.0475	4294.7787
736	250.4940	245	4272.7297	4275.3552
737	250.8269	249	4249.8232	4255.5911
738	250.7017	249	4331.7593	4334.2947
739	250.5355	244	4294.1749	4295.1094
740	249.9109	242	4251.3427	4255.3662
741	250.7854	250	4352.5978	4353.8645
742	250.8480	247	4327.6964	4334.3747
743	249.8695	241	4311.0831	4314.4439
744	251.0355	246	4271.3195	4275.2180
745	251.2644	244	4234.6272	4235.7499
746	250.3482	242	4212.3764	4216.5073
747	248.8274	247	4132.7476	4137.1416
748	250.2855	253	4313.5518	4314.5585
749	251.0558	256	4368.5551	4373.2044
750	250.5357	247	4409.3503	4412.9883
751	250.3271	250	4212.3283	4216.0110
752	250.4728	247	4291.7273	4294.8885
753	250.4526	246	4332.2355	4334.2625
754	251.6395	252	4448.6802	4452.4549
755	250.7645	253	4310.7715	4314.5042
756	250.6813	253	4272.3999	4274.8561
757	250.8689	244	4331.6579	4334.0099
758	250.7647	240	4289.8972	4294.7765
759	250.1400	249	4271.4603	4274.9581
760	250.3691	246	4389.6121	4393.2948
761	251.5769	246	4370.8861	4373.6354
762	250.7230	243	4214.1319	4216.1809
763	249.7655	244	4451.2717	4452.1092
764	251.6185	243	4195.3804	4196.5673
765	250.2231	248	4328.0879	4334.2286
766	250.7230	246	4311.1433	4314.5738
767	250.3694	243	4274.7465	4275.0720
768	250.4732	246	4348.4583	4353.8857
769	250.7020	249	4231.9646	4235.5479
770	250.6188	249	4348.1226	4354.1171
771	250.0154	240	4331.3525	4334.6299
772	250.2652	247	4390.9003	4393.2383
773	250.5565	248	4389.7584	4393.6490
774	251.4938	245	4430.3077	4432.8175
775	250.0773	247	4312.0977	4314.6621
776	250.2647	241	4233.5368	4235.7251
777	250.6402	250	4452.3638	4452.4091
778	249.7027	241	4251.6476	4255.0677
779	250.3276	249	4369.4223	4373.8058
780	250.3064	244	4312.3242	4314.5544
781	250.6604	246	4312.1555	4314.5883
782	250.5348	249	4054.6003	4058.3342
783	250.9104	247	4390.9941	4393.2063
784	250.9110	249	4430.1962	4432.5256
785	250.3897	245	4351.8795	4353.8437
786	250.5358	242	4329.8119	4334.7243
787	250.7020	249	4233.1090	4235.9155
788	251.6185	253	4367.3775	4373.4373
789	250.7232	250	4369.5720	4373.6252
790	250.9103	245	4292.8113	4294.6447
791	250.0985	247	4449.3915	4452.3688
792	250.5147	248	4310.6971	4314.1403
793	250.0566	248	4349.1207	4353.9017
794	250.1816	252	4407.3534	4412.9997
795	249.6407	248	4410.0856	4412.9886
796	250.3689	248	4231.9931	4235.9964
797	250.1814	242	4192.9485	4196.5241
798	250.8689	247	4292.4363	4294.5358
799	250.4109	247	4411.2442	4412.9203
800	250.0983	247	4350.1815	4354.1197
801	250.6813	246	4391.3219	4393.2570
802	250.0774	247	4268.9627	4275.3312
803	250.7021	250	4309.5415	4314.3968
804	249.7863	242	4430.8912	4432.8203
805	249.2652	246	4291.7919	4294.7955
806	250.2441	244	4211.5276	4216.0615
807	250.0567	242	4350.6532	4354.0740
808	250.2234	247	4388.8206	4393.1506
809	250.0562	255	4310.5959	4314.2564
810	250.1194	240	4292.1113	4295.0631
811	250.1817	246	4391.3686	4393.2818
812	250.5770	246	4331.3202	4334.6624
813	251.1812	248	4234.6866	4235.6539
814	250.7651	246	4527.1591	4531.3379
815	250.7854	248	4272.6181	4274.9905
816	251.4516	248	4234.5568	4235.4908
817	250.6185	251	4151.5340	4157.0479
818	250.4316	252	4331.7677	4334.2244
819	250.1818	247	4431.2356	4432.8024
820	250.7645	250	4370.3651	4373.6020
821	250.2229	245	4232.6768	4235.7120
822	250.4936	246	4271.6463	4275.0890
823	250.4732	247	4430.9295	4432.6370
824	250.5357	246	4332.3405	4334.3926
825	250.4108	251	4273.2169	4275.4135
826	250.4312	246	4233.9075	4235.5164
827	250.5146	246	4174.2913	4176.2627
828	250.3696	239	4392.8725	4393.6412
829	250.7231	247	4331.4997	4333.8305
830	250.0774	251	4292.2225	4294.4505
831	250.7025	246	4371.5577	4373.8263
832	250.5357	246	4393.0203	4393.4361
833	250.1816	243	4235.3080	4235.7970
834	250.0566	244	4329.1340	4334.4362
835	249.8483	246	4331.3256	4334.4590
836	250.6606	245	4349.5553	4353.8741
837	250.8271	250	4291.8011	4294.8938
838	250.0567	249	4314.2648	4314.4755
839	250.6191	248	4390.5696	4393.6790
840	250.0774	245	4250.4495	4255.4822
841	250.3486	237	4292.0742	4294.6177
842	250.4731	246	4330.7211	4334.1481
843	249.7026	244	4408.8832	4413.0857
844	249.5354	251	4192.4311	4196.6047
845	250.9107	245	4429.5144	4432.7448
846	250.5358	243	4332.2436	4334.1708
847	250.2439	247	4252.7198	4255.2899
848	250.0568	242	4275.8977	4275.0023
849	250.3478	246	4196.4783	4196.1958
850	248.4529	250	4232.6628	4235.8536
851	250.3070	243	4331.3226	4334.2429
852	250.8689	246	4351.1988	4353.7794
853	250.1400	242	4252.4517	4255.4136
854	250.9311	248	4233.6337	4235.6556
855	251.4727	244	4310.6253	4314.1722
856	251.0349	251	4291.2434	4294.4835
857	251.0353	254	4353.4110	4353.7544
858	250.3062	242	4191.7948	4196.5759
859	250.8272	246	4291.5400	4294.8556
860	250.7023	249	4295.2782	4294.9081
861	250.4524	247	4370.6666	4373.7918
862	249.7441	243	4290.9722	4294.9041
863	250.2028	248	4507.7201	4511.5337
864	250.8270	245	4253.1268	4255.2651
865	250.8483	239	4368.2809	4373.3520
866	250.1610	243	4333.4395	4334.4326
867	251.7223	252	4349.7192	4353.8708
868	250.5561	253	4272.4638	4275.1116
869	250.0978	246	4035.2538	4038.7113
870	250.4935	250	4271.9824	4275.2179
871	250.9315	249	4371.5111	4373.4363
872	250.6191	246	4393.2414	4393.1129
873	250.6193	248	4429.2077	4432.6733
874	250.3276	243	4272.6517	4274.7653
875	250.0980	257	4331.4326	4334.0835
876	250.3898	247	4311.0212	4314.4820
877	250.6812	250	4311.2105	4314.5309
878	248.9938	251	4134.9339	4136.9862
879	251.6391	252	4310.8056	4314.5058
880	250.9313	249	4390.0951	4393.2775
881	250.8063	252	4312.4267	4314.0955
882	250.0773	242	4231.7963	4235.7795
883	248.8697	243	4372.0325	4373.6101
884	250.7230	250	4390.0097	4393.2517
885	250.5980	247	4272.0532	4275.3427
886	250.6393	249	4232.2979	4235.9564
887	250.4941	244	4192.2484	4196.0362
888	250.5980	249	4233.6778	4235.7241
889	250.3273	248	4312.5334	4314.5870
890	250.8688	246	4330.9566	4333.8087
891	250.2649	244	4331.5362	4334.3147
892	250.4107	245	4232.7684	4235.7416
893	250.4521	253	4350.6736	4353.8981
894	250.6607	246	4370.1223	4373.5741
895	250.4523	249	4431.6897	4432.6297
896	247.5163	240	4410.9536	4413.2393
897	250.4731	248	4194.5291	4196.2251
898	250.5353	250	4232.7741	4235.5276
899	250.3689	241	4293.6012	4294.8611
900	250.5981	251	4313.1330	4314.3018
901	250.5356	249	4411.0610	4413.1151
902	250.2440	251	4289.4917	4294.8917
903	249.4943	246	4329.7652	4334.0820
904	251.6604	241	4291.9181	4294.8859
905	250.3900	245	4390.9650	4393.1005
906	250.9315	250	4373.2200	4373.3529
907	250.2440	251	4430.1241	4432.6737
908	249.2448	241	4331.3442	4334.2826
909	251.0979	249	4351.7704	4353.8286
910	250.3065	248	4330.2458	4334.1767
911	250.5563	247	4293.4897	4295.1921
912	250.0775	248	4290.4960	4294.6608
913	250.5566	241	4390.2905	4393.6685
914	250.0146	246	4152.8993	4156.9745
915	250.6189	246	4290.2986	4294.7306
916	251.5769	249	4450.7192	4452.2474
917	250.8688	249	4353.0798	4353.8317
918	250.1400	249	4351.7570	4354.1633
919	250.4519	248	4217.1950	4216.0645
920	250.0355	251	4250.9172	4255.4448
921	250.0151	249	4390.5204	4393.3918
922	250.1397	248	4291.4075	4294.8343
923	250.5774	252	4292.8762	4294.9641
924	250.1404	242	4469.0896	4472.1185
925	250.0147	250	4332.5883	4334.1260
926	250.0774	243	4253.3251	4255.3147
927	250.1815	245	4293.0700	4295.0267
928	250.2024	242	4193.1016	4196.1998
929	250.9104	247	4250.9148	4255.1810
930	250.2231	245	4272.8491	4275.0422
931	250.5772	248	4313.9921	4314.4915
932	250.1609	243	4331.9050	4334.4612
933	251.3688	247	4410.8014	4412.9602
934	250.6607	245	4293.8340	4294.8416
935	250.1187	248	4193.2204	4196.1912
936	250.4731	247	4351.5792	4354.1637
937	250.1399	245	4312.1855	4314.5089
938	248.4528	249	4252.5011	4255.1030
939	250.7854	248	4372.3222	4373.7912
940	250.0773	248	4255.1967	4255.1589
941	250.8482	240	4293.4425	4294.8728
942	250.7440	249	4332.5896	4334.3145
943	250.1606	243	4290.8811	4294.9951
944	250.3064	250	4391.4577	4393.0489
945	250.0150	246	4232.5131	4235.7321
946	250.0153	246	4488.3436	4491.9236
947	251.0974	246	4252.1275	4255.5482
948	250.2233	245	4313.2299	4314.6743
949	250.1612	245	4391.1864	4393.3947
950	250.8900	243	4449.7353	4452.1563
951	250.7851	249	4309.2638	4314.4982
952	250.1403	245	4528.9647	4530.9892
953	249.5984	248	4372.8636	4373.6854
954	249.9110	247	4372.0055	4373.7766
955	250.1817	244	4313.9821	4314.8288
956	250.2856	249	4391.3980	4393.2964
957	251.6599	249	4372.5198	4373.7852
958	249.9111	239	4351.5642	4353.8550
959	250.3690	244	4212.4082	4216.3186
960	250.2858	244	4352.3117	4353.9079
961	250.4937	246	4233.8204	4235.7856
962	250.4105	252	4272.0670	4275.2690
963	250.5153	248	4489.1798	4491.8988
964	251.2853	243	4311.5075	4314.6836
965	250.8064	252	4388.9522	4393.3681
966	250.0566	245	4272.5257	4275.2753
967	250.3895	247	4254.5333	4255.2530
968	250.5774	252	4332.0893	4333.9450
969	249.9110	236	4173.5395	4176.7212
970	250.7858	244	4349.1953	4353.7749
971	251.6809	244	4176.6308	4176.7227
972	250.7022	249	4333.0559	4334.0235
973	250.2649	243	4332.8775	4334.3096
974	251.2437	245	4329.9609	4334.3082
975	250.2231	249	4350.4088	4354.0864
976	250.1608	246	4313.1322	4314.4719
977	250.7439	249	4389.9053	4393.1757
978	250.7232	252	4431.1896	4432.6147
979	250.5358	244	4350.2769	4354.0311
980	250.6814	247	4330.6905	4334.3669
981	250.9732	244	4413.4590	4412.7269
982	250.1611	248	4447.6611	4452.2982
983	251.1604	256	4288.6012	4294.8737
984	250.3063	249	4173.4315	4176.5740
985	250.2228	247	4157.8432	4156.9337
986	250.1605	248	4133.9434	4137.2602
987	250.7646	246	4292.5161	4294.8856
988	250.8893	246	4191.5890	4196.0642
989	250.0978	246	4095.8497	4097.9785
990	250.3480	247	4289.9104	4294.8839
991	250.5356	251	4412.4556	4413.0024
992	250.6810	250	4272.4137	4275.0149
993	249.9317	249	4331.0505	4334.3381
994	249.8695	243	4250.4971	4255.4132
995	250.0979	249	4293.9036	4295.0188
996	250.5150	250	4509.2302	4511.5542
997	250.5979	250	4351.9043	4353.7775
998	250.3477	252	4253.2531	4255.6276
999	250.6604	250	4388.9587	4393.2693
1000	250.8479	250	4332.5157	4334.0423
