1	247.0081	250	247.0081	0.1094	0.2412	37.0000
2	242.4683	250	242.4683	0.0886	0.1702	30.0000
3	250.3821	257	250.3821	0.0336	0.3275	36.0000
4	243.5717	253	243.5717	0.0903	0.2676	28.0000
5	248.7786	256	248.7786	0.2043	0.2635	34.0000
6	246.4042	247	246.4042	0.0368	0.1295	39.0000
7	246.5504	252	246.5504	0.1246	0.1498	32.0000
8	245.3423	249	245.3423	0.0168	0.1748	33.0000
9	243.1970	249	243.1970	0.0406	0.2645	37.0000
10	248.7573	253	248.7573	0.0851	0.2139	40.0000
11	249.7159	255	249.7159	0.1624	0.3228	39.0000
12	246.4877	245	246.4877	0.0403	0.2635	41.0000
13	245.5921	245	245.5921	0.0661	0.2226	39.0000
14	242.8844	243	242.8844	0.0183	0.1241	38.0000
15	242.7597	249	242.7597	0.0308	0.1990	32.0000
16	249.5912	254	249.5912	0.0064	0.1241	36.0000
17	247.0708	249	247.0708	0.1789	0.1990	40.0000
18	248.5491	250	248.5491	0.1800	0.2635	37.0000
19	247.5085	258	247.5085	0.2426	0.4056	28.0000
20	246.6957	249	246.6957	0.1903	0.2635	38.0000
21	250.2784	253	250.2784	0.3455	0.3842	33.0000
22	250.3407	259	250.3407	0.0530	0.1498	30.0000
23	247.6538	250	247.6538	0.0781	0.3109	38.0000
24	248.6745	250	248.6745	0.0485	0.0976	35.0000
25	244.8006	248	244.8006	0.0661	0.1241	37.0000
26	242.3014	240	242.3014	0.0132	0.0976	40.0000
27	244.9255	251	244.9255	0.0756	0.0976	34.0000
28	248.7368	251	248.7368	0.0355	0.1498	39.0000
29	248.8831	252	248.8831	0.1190	0.1990	35.0000
30	248.1533	253	248.1533	0.2652	0.2676	37.0000
31	249.9031	255	249.9031	0.1279	0.2226	35.0000
32	246.3624	248	246.3624	0.1199	0.1748	39.0000
33	241.9890	242	241.9890	0.1318	0.2676	40.0000
34	240.4272	242	240.4272	0.0318	0.1498	38.0000
35	245.4460	249	245.4460	0.0326	0.0421	34.0000
36	249.3201	255	249.3201	0.0955	0.1241	35.0000
37	250.1324	256	250.1324	0.1540	0.2226	34.0000
38	246.0084	247	246.0084	0.0219	0.1498	40.0000
39	249.6949	255	249.6949	0.0079	0.0421	35.0000
40	245.5919	250	245.5919	0.2544	0.2635	35.0000
41	244.0511	248	244.0511	0.0243	0.0702	36.0000
42	246.9876	256	246.9876	0.0363	0.1241	32.0000
43	246.9251	248	246.9251	0.2336	0.2412	37.0000
44	246.4875	250	246.4875	0.0457	0.0760	37.0000
45	245.6337	250	245.6337	0.0281	0.0760	35.0000
46	247.0707	254	247.0707	0.1549	0.2635	35.0000
47	247.0708	248	247.0708	0.0479	0.3100	37.0000
48	238.7815	240	238.7815	0.0060	0.0421	36.0000
49	245.7376	244	245.7376	0.1724	0.2182	40.0000
50	243.5300	244	243.5300	0.0091	0.0651	37.0000
51	250.2992	253	250.2992	0.0316	0.1990	35.0000
52	248.7368	251	248.7368	0.0588	0.1143	39.0000
53	247.3831	252	247.3831	0.1071	0.3876	34.0000
54	249.1533	252	249.1533	0.1914	0.1990	38.0000
55	241.7811	249	241.7811	0.1978	0.2236	32.0000
56	242.2179	243	242.2179	0.1300	0.1990	39.0000
57	246.6336	251	246.6336	0.1210	0.1498	35.0000
58	247.5499	253	247.5499	0.0006	0.1551	34.0000
59	247.9244	250	247.9244	0.0986	0.2676	36.0000
60	246.9250	253	246.9250	0.0145	0.0702	32.0000
61	249.8200	250	249.8200	0.0296	0.1748	38.0000
62	250.0909	257	250.0909	0.0334	0.2594	33.0000
63	246.1129	251	246.1129	0.0548	0.1463	37.0000
64	243.8844	249	243.8844	0.0992	0.4166	34.0000
65	248.7162	252	248.7162	0.0200	0.0976	33.0000
66	247.8831	249	247.8831	0.0259	0.1241	36.0000
67	236.7822	238	236.7822	0.2063	0.2891	36.0000
68	246.4670	250	246.4670	0.0058	0.1498	37.0000
69	250.0907	258	250.0907	0.0708	0.2454	33.0000
70	245.3836	250	245.3836	0.1038	0.1498	37.0000
71	244.3216	245	244.3216	0.1264	0.1748	37.0000
72	250.1117	255	250.1117	0.0727	0.2891	38.0000
73	247.9873	251	247.9873	0.0922	0.1241	38.0000
74	245.2378	251	245.2378	0.0192	0.0421	35.0000
75	244.6131	243	244.6131	0.1077	0.1498	38.0000
76	249.1326	251	249.1326	0.1656	0.1901	39.0000
77	247.4664	255	247.4664	0.1009	0.1241	32.0000
78	243.6135	245	243.6135	0.0921	0.3061	37.0000
79	247.2377	254	247.2377	0.2359	0.2412	30.0000
80	244.9466	251	244.9466	0.0182	0.2182	32.0000
81	247.9663	251	247.9663	0.0334	0.1754	38.0000
82	248.8203	248	248.8203	0.0411	0.0702	39.0000
83	245.7794	248	245.7794	0.0764	0.1498	36.0000
84	247.5497	253	247.5497	0.0170	0.1192	33.0000
85	247.7372	249	247.7372	0.1954	0.2226	37.0000
86	245.4254	245	245.4254	0.0362	0.0421	39.0000
87	248.9448	248	248.9448	0.0563	0.0651	43.0000
88	247.3414	250	247.3414	0.0366	0.1702	37.0000
89	243.6343	248	243.6343	0.0102	0.1032	32.0000
90	247.4873	251	247.4873	0.0452	0.0702	37.0000
91	242.1767	249	242.1767	0.0460	0.2686	34.0000
92	242.4682	246	242.4682	0.0233	0.2226	35.0000
93	247.3626	250	247.3626	0.0558	0.1946	39.0000
94	248.3830	257	248.3830	0.0355	0.1957	34.0000
95	243.7590	250	243.7590	0.0553	0.2635	35.0000
96	247.0498	249	247.0498	0.0305	0.0421	40.0000
97	250.1117	262	250.1117	0.0764	0.2721	27.0000
98	248.1538	250	248.1538	0.0855	0.0976	37.0000
99	244.3633	249	244.3633	0.0638	0.1946	37.0000
100	248.9039	256	248.9039	0.0682	0.1498	32.0000
101	249.1118	251	249.1118	0.0420	0.0421	36.0000
102	243.9469	250	243.9469	0.1302	0.2454	31.0000
103	245.5712	249	245.5712	0.0397	0.0702	39.0000
104	249.6949	248	249.6949	0.0311	0.1748	42.0000
105	245.9879	251	245.9879	0.0107	0.2182	35.0000
106	244.7797	246	244.7797	0.0525	0.2635	37.0000
107	247.3626	250	247.3626	0.0271	0.1241	38.0000
108	240.6978	245	240.6978	0.2823	0.2851	35.0000
109	247.0083	249	247.0083	0.2028	0.2635	36.0000
110	246.1755	252	246.1755	0.0147	0.0702	32.0000
111	249.9661	251	249.9661	0.1190	0.1241	36.0000
112	246.1748	248	246.1748	0.1803	0.1946	41.0000
113	245.0711	244	245.0711	0.0444	0.1192	42.0000
114	246.9042	247	246.9042	0.0469	0.0702	39.0000
115	249.2577	252	249.2577	0.0365	0.1253	37.0000
116	244.9880	250	244.9880	0.2381	0.2676	36.0000
117	250.1118	258	250.1118	0.0993	0.1498	30.0000
118	249.6535	253	249.6535	0.0357	0.1241	35.0000
119	247.1330	250	247.1330	0.0566	0.2412	35.0000
120	247.0913	249	247.0913	0.0916	0.1990	39.0000
121	246.1753	246	246.1753	0.1027	0.1702	39.0000
122	247.5918	257	247.5918	0.0206	0.2891	32.0000
123	246.6544	252	246.6544	0.1293	0.3061	35.0000
124	246.6750	250	246.6750	0.1400	0.1748	38.0000
125	249.4239	252	249.4239	0.0684	0.2891	37.0000
126	240.9265	243	240.9265	0.0306	0.0421	38.0000
127	246.4874	249	246.4874	0.0119	0.1748	41.0000
128	246.7170	252	246.7170	0.1320	0.1498	31.0000
129	239.1358	243	239.1358	0.1872	0.1951	35.0000
130	246.9876	247	246.9876	0.0360	0.2676	38.0000
131	245.3006	249	245.3006	0.0639	0.4198	35.0000
132	249.9451	259	249.9451	0.0926	0.1667	29.0000
133	244.4673	247	244.4673	0.1574	0.1996	38.0000
134	247.9038	251	247.9038	0.0813	0.1990	34.0000
135	249.6952	253	249.6952	0.0159	0.1990	36.0000
136	250.3407	253	250.3407	0.0069	0.1241	35.0000
137	249.8614	256	249.8614	0.0421	0.1498	36.0000
138	245.8838	247	245.8838	0.0290	0.0976	36.0000
139	245.8209	247	245.8209	0.1960	0.1990	38.0000
140	240.3435	242	240.3435	0.0591	0.0702	37.0000
141	250.2571	250	250.2571	0.0544	0.0976	44.0000
142	245.7170	247	245.7170	0.0204	0.2139	38.0000
143	249.3201	253	249.3201	0.1574	0.1748	34.0000
144	240.0099	244	240.0099	0.1100	0.1498	35.0000
145	249.5492	257	249.5492	0.0325	0.0421	31.0000
146	250.1741	251	250.1741	0.0491	0.1748	38.0000
147	249.4249	256	249.4249	0.2488	0.2891	32.0000
148	245.2590	250	245.2590	0.1040	0.2226	34.0000
149	247.9246	251	247.9246	0.0032	0.2226	37.0000
150	243.1344	248	243.1344	0.0669	0.1946	36.0000
151	248.9245	256	248.9245	0.0315	0.1748	31.0000
152	246.7794	250	246.7794	0.1432	0.2891	38.0000
153	243.4677	246	243.4677	0.2181	0.3061	36.0000
154	249.0703	252	249.0703	0.0657	0.1241	35.0000
155	249.1121	255	249.1121	0.0063	0.1241	34.0000
156	244.4046	248	244.4046	0.0408	0.0976	36.0000
157	245.8626	248	245.8626	0.0942	0.1990	38.0000
158	248.9037	248	248.9037	0.1307	0.2226	38.0000
159	244.3425	248	244.3425	0.0884	0.1799	36.0000
160	250.2364	255	250.2364	0.0515	0.2465	35.0000
161	249.9867	250	249.9867	0.2164	0.3100	38.0000
162	243.7177	243	243.7177	0.0012	0.0976	38.0000
163	250.3401	252	250.3401	0.0095	0.0925	40.0000
164	243.4258	247	243.4258	0.0322	0.3265	39.0000
165	245.4047	244	245.4047	0.0431	0.3303	39.0000
166	248.8200	249	248.8200	0.0031	0.0702	40.0000
167	249.3409	253	249.3409	0.0525	0.0976	37.0000
168	249.5287	256	249.5287	0.0043	0.0976	32.0000
169	244.5094	249	244.5094	0.0338	0.1799	36.0000
170	246.6753	253	246.6753	0.0858	0.2891	32.0000
171	247.1332	250	247.1332	0.0046	0.0976	37.0000
172	249.8407	251	249.8407	0.0181	0.1990	38.0000
173	250.3404	254	250.3404	0.0220	0.1946	35.0000
174	239.1360	241	239.1360	0.0677	0.1990	36.0000
175	249.3411	252	249.3411	0.1042	0.1498	36.0000
176	246.4042	253	246.4042	0.0217	0.1748	34.0000
177	244.6337	255	244.6337	0.0791	0.1498	29.0000
178	243.5301	241	243.5301	0.1589	0.2891	42.0000
179	249.7366	256	249.7366	0.1471	0.3842	35.0000
180	241.3642	244	241.3642	0.0299	0.1498	36.0000
181	243.9677	247	243.9677	0.0354	0.0421	34.0000
182	243.7595	248	243.7595	0.0583	0.2676	33.0000
183	246.0709	251	246.0709	0.1173	0.1946	34.0000
184	248.9867	248	248.9867	0.0610	0.1748	41.0000
185	248.7580	250	248.7580	0.1710	0.1748	38.0000
186	246.2378	251	246.2378	0.0701	0.1498	36.0000
187	237.2820	240	237.2820	0.0163	0.0651	35.0000
188	246.1749	253	246.1749	0.1392	0.1799	33.0000
189	241.8432	245	241.8432	0.1494	0.1990	34.0000
190	247.9037	249	247.9037	0.0580	0.1451	40.0000
191	248.2789	252	248.2789	0.1316	0.2226	34.0000
192	247.5709	251	247.5709	0.1123	0.1451	34.0000
193	241.2601	243	241.2601	0.2179	0.3100	36.0000
194	242.0514	246	242.0514	0.0735	0.2935	35.0000
195	243.3632	250	243.3632	0.1401	0.2851	35.0000
196	249.8822	254	249.8822	0.0251	0.1990	37.0000
197	247.6327	247	247.6327	0.0651	0.1498	42.0000
198	238.1362	241	238.1362	0.0412	0.0702	33.0000
199	244.9465	248	244.9465	0.0685	0.1241	36.0000
200	234.0952	241	234.0952	0.0911	0.2226	32.0000
201	249.7992	252	249.7992	0.0603	0.0925	37.0000
202	241.7393	245	241.7393	0.1694	0.2226	35.0000
203	246.6749	253	246.6749	0.0739	0.0988	37.0000
204	247.6123	250	247.6123	0.2337	0.2594	38.0000
205	250.3405	253	250.3405	0.0894	0.1451	37.0000
206	246.3000	246	246.3000	0.0114	0.0702	40.0000
207	246.0297	250	246.0297	0.1243	0.2891	33.0000
208	249.1326	251	249.1326	0.1802	0.1990	38.0000
209	244.9463	246	244.9463	0.0219	0.0702	37.0000
210	250.1531	251	250.1531	0.1158	0.1990	38.0000
211	248.5910	253	248.5910	0.1451	0.2465	36.0000
212	248.7994	252	248.7994	0.0489	0.1192	39.0000
213	245.3836	249	245.3836	0.0854	0.1241	39.0000
214	236.8239	241	236.8239	0.0404	0.1498	33.0000
215	241.9263	244	241.9263	0.2266	0.2851	35.0000
216	239.5517	242	239.5517	0.0335	0.0421	36.0000
217	246.4043	250	246.4043	0.1584	0.2370	35.0000
218	247.2786	253	247.2786	0.0417	0.1990	34.0000
219	246.1753	252	246.1753	0.0300	0.1192	35.0000
220	248.7371	256	248.7371	0.0270	0.0988	34.0000
221	247.3414	250	247.3414	0.0774	0.2812	36.0000
222	239.2815	244	239.2815	0.1235	0.1241	37.0000
223	242.1766	245	242.1766	0.0370	0.1241	34.0000
224	249.9866	253	249.9866	0.0088	0.1748	37.0000
225	242.9887	246	242.9887	0.0933	0.1498	36.0000
226	245.5089	250	245.5089	0.1222	0.1990	31.0000
227	249.3619	250	249.3619	0.0789	0.1241	37.0000
228	247.4662	246	247.4662	0.1338	0.2370	40.0000
229	246.4666	250	246.4666	0.0351	0.0651	37.0000
230	244.6129	249	244.6129	0.2132	0.2676	35.0000
231	242.6139	245	242.6139	0.1093	0.1498	37.0000
232	250.2572	253	250.2572	0.0139	0.1241	36.0000
233	247.8618	254	247.8618	0.1599	0.1748	34.0000
234	244.4468	252	244.4468	0.1739	0.3655	32.0000
235	245.7378	245	245.7378	0.0412	0.1498	40.0000
236	243.4261	253	243.4261	0.0860	0.0976	32.0000
237	244.9678	251	244.9678	0.1541	0.1748	34.0000
238	245.4880	249	245.4880	0.1031	0.2226	37.0000
239	243.4676	244	243.4676	0.0059	0.0702	38.0000
240	247.0077	246	247.0077	0.0781	0.2226	40.0000
241	243.9673	248	243.9673	0.0310	0.0651	37.0000
242	249.7365	254	249.7365	0.0092	0.0702	37.0000
243	245.7378	245	245.7378	0.0561	0.1748	40.0000
244	247.3834	255	247.3834	0.2218	0.2635	29.0000
245	249.7576	255	249.7576	0.1121	0.1241	32.0000
246	249.0909	256	249.0909	0.3063	0.3100	34.0000
247	241.4474	246	241.4474	0.3241	0.3690	37.0000
248	245.7376	250	245.7376	0.0603	0.1498	35.0000
249	244.8217	243	244.8217	0.2070	0.2454	37.0000
250	242.2180	249	242.2180	0.0309	0.0925	35.0000
251	250.0492	256	250.0492	0.0894	0.2851	33.0000
252	246.4043	250	246.4043	0.0059	0.2676	35.0000
253	245.6960	248	245.6960	0.0528	0.1990	38.0000
254	244.9252	244	244.9252	0.1390	0.1451	39.0000
255	247.6542	257	247.6542	0.1901	0.3100	30.0000
256	249.5076	251	249.5076	0.0558	0.2226	36.0000
257	247.2162	250	247.2162	0.0760	0.1192	36.0000
258	244.9879	252	244.9879	0.0365	0.1192	32.0000
259	247.8623	253	247.8623	0.1944	0.2676	31.0000
260	241.9894	245	241.9894	0.0365	0.1192	34.0000
261	246.1751	252	246.1751	0.0648	0.1241	32.0000
262	241.6975	248	241.6975	0.1449	0.1990	33.0000
263	244.4259	250	244.4259	0.1011	0.1241	36.0000
264	250.3614	255	250.3614	0.0387	0.0925	38.0000
265	240.9687	249	240.9687	0.0359	0.1748	31.0000
266	238.4064	245	238.4064	0.1412	0.1498	34.0000
267	242.5931	246	242.5931	0.1125	0.1498	33.0000
268	244.6548	245	244.6548	0.0038	0.2226	41.0000
269	247.3835	251	247.3835	0.1625	0.2226	36.0000
270	246.3207	249	246.3207	0.0053	0.2454	37.0000
271	247.2999	250	247.2999	0.0568	0.0702	37.0000
272	244.9464	253	244.9464	0.1550	0.1702	36.0000
273	245.5920	248	245.5920	0.1479	0.1990	38.0000
274	238.6776	238	238.6776	0.1836	0.2226	36.0000
275	247.8413	247	247.8413	0.0241	0.1990	40.0000
276	246.0496	249	246.0496	0.0448	0.2182	38.0000
277	249.8198	248	249.8198	0.1063	0.1702	40.0000
278	249.3198	251	249.3198	0.1374	0.2182	38.0000
279	246.6752	250	246.6752	0.0150	0.1451	36.0000
280	243.6967	245	243.6967	0.0497	0.2412	35.0000
281	249.4659	252	249.4659	0.1368	0.1451	36.0000
282	248.4244	249	248.4244	0.0680	0.1241	38.0000
283	248.3414	251	248.3414	0.1610	0.2412	35.0000
284	249.3204	252	249.3204	0.0678	0.0702	34.0000
285	237.9069	241	237.9069	0.0763	0.1748	36.0000
286	247.0084	247	247.0084	0.0099	0.0976	40.0000
287	240.7186	243	240.7186	0.0678	0.0702	36.0000
288	243.3219	244	243.3219	0.2048	0.2454	37.0000
289	248.0914	255	248.0914	0.1212	0.2501	36.0000
290	237.1155	239	237.1155	0.1045	0.1748	34.0000
291	245.3004	246	245.3004	0.0658	0.0938	39.0000
292	249.8616	253	249.8616	0.0050	0.0702	34.0000
293	249.0495	252	249.0495	0.0214	0.2454	33.0000
294	250.4032	251	250.4032	0.1812	0.3690	38.0000
295	247.4038	245	247.4038	0.1319	0.2226	43.0000
296	248.0291	249	248.0291	0.0830	0.0976	38.0000
297	249.2994	253	249.2994	0.2149	0.3265	37.0000
298	249.9655	251	249.9655	0.1169	0.3228	39.0000
299	245.4462	252	245.4462	0.1074	0.2454	35.0000
300	245.8208	252	245.8208	0.0541	0.1498	33.0000
301	244.9252	251	244.9252	0.0065	0.0421	33.0000
302	250.0490	257	250.0490	0.0159	0.3066	33.0000
303	249.9449	253	249.9449	0.0031	0.1498	36.0000
304	241.1977	247	241.1977	0.0031	0.0702	32.0000
305	243.9257	250	243.9257	0.0145	0.0421	34.0000
306	241.7392	248	241.7392	0.2198	0.2851	30.0000
307	250.3198	258	250.3198	0.2218	0.2226	33.0000
308	244.6962	247	244.6962	0.1653	0.1990	36.0000
309	248.0287	253	248.0287	0.1259	0.2182	34.0000
310	245.6335	246	245.6335	0.0664	0.1241	37.0000
311	246.2792	248	246.2792	0.1315	0.1451	38.0000
312	240.1564	247	240.1564	0.0659	0.3100	30.0000
313	244.5298	254	244.5298	0.2354	0.2891	32.0000
314	247.6959	250	247.6959	0.2130	0.3100	34.0000
315	233.5332	238	233.5332	0.0515	0.1241	34.0000
316	241.0102	243	241.0102	0.1753	0.3303	35.0000
317	248.0496	249	248.0496	0.0858	0.0976	38.0000
318	245.4877	243	245.4877	0.3210	0.3303	44.0000
319	249.2996	254	249.2996	0.1597	0.1656	33.0000
320	247.2791	252	247.2791	0.0384	0.0976	36.0000
321	247.1122	252	247.1122	0.0662	0.2226	38.0000
322	243.0722	244	243.0722	0.0951	0.2226	38.0000
323	244.4878	247	244.4878	0.0142	0.0976	38.0000
324	245.9255	250	245.9255	0.2845	0.3265	32.0000
325	250.1948	251	250.1948	0.1717	0.1748	36.0000
326	242.4059	247	242.4059	0.1773	0.3061	32.0000
327	241.1974	243	241.1974	0.0159	0.0702	40.0000
328	246.7167	248	246.7167	0.0092	0.1241	35.0000
329	243.6343	250	243.6343	0.1283	0.2454	37.0000
330	241.2602	248	241.2602	0.0228	0.1498	34.0000
331	245.2172	245	245.2172	0.0784	0.1510	39.0000
332	247.9873	252	247.9873	0.1096	0.2891	36.0000
333	248.1124	254	248.1124	0.0040	0.1946	32.0000
334	242.9471	248	242.9471	0.0723	0.1748	32.0000
335	242.2390	246	242.2390	0.0331	0.0976	37.0000
336	240.1975	245	240.1975	0.0069	0.2226	33.0000
337	247.3204	250	247.3204	0.0933	0.1241	37.0000
338	243.6760	244	243.6760	0.0271	0.1498	38.0000
339	245.8214	246	245.8214	0.0464	0.0976	39.0000
340	244.3007	244	244.3007	0.0838	0.1241	40.0000
341	246.5919	252	246.5919	0.1350	0.1990	36.0000
342	250.4028	249	250.4028	0.1305	0.2681	41.0000
343	245.9047	251	245.9047	0.2163	0.2193	33.0000
344	241.8638	244	241.8638	0.1301	0.3876	36.0000
345	249.0911	249	249.0911	0.0589	0.1498	38.0000
346	247.1749	252	247.1749	0.0443	0.2676	35.0000
347	249.0077	246	249.0077	0.0464	0.0976	40.0000
348	246.6331	247	246.6331	0.0055	0.0976	41.0000
349	237.9069	240	237.9069	0.1805	0.1990	34.0000
350	245.0089	250	245.0089	0.0831	0.1498	31.0000
351	248.6326	250	248.6326	0.1339	0.2226	40.0000
352	240.5933	240	240.5933	0.1979	0.3023	40.0000
353	242.1139	245	242.1139	0.1154	0.1498	37.0000
354	249.7993	256	249.7993	0.0348	0.2454	32.0000
355	246.7166	252	246.7166	0.0390	0.3303	36.0000
356	249.2994	254	249.2994	0.2294	0.3499	35.0000
357	249.1744	255	249.1744	0.1381	0.2604	35.0000
358	249.9866	254	249.9866	0.1194	0.2412	35.0000
359	248.5285	253	248.5285	0.0005	0.0434	36.0000
360	250.1114	251	250.1114	0.0406	0.3100	40.0000
361	248.2577	252	248.2577	0.0068	0.3427	37.0000
362	245.1129	249	245.1129	0.0380	0.1990	35.0000
363	249.8203	256	249.8203	0.0224	0.1498	36.0000
364	249.6118	253	249.6118	0.1272	0.1754	37.0000
365	244.9050	248	244.9050	0.1177	0.2226	36.0000
366	244.8422	252	244.8422	0.0498	0.0760	32.0000
367	244.9668	249	244.9668	0.0538	0.2226	36.0000
368	248.8413	254	248.8413	0.1094	0.1241	34.0000
369	247.5495	254	247.5495	0.0190	0.1241	37.0000
370	239.1986	246	239.1986	0.0902	0.2454	28.0000
371	247.8829	249	247.8829	0.2052	0.2891	38.0000
372	249.4453	252	249.4453	0.0315	0.0421	37.0000
373	247.6745	253	247.6745	0.0165	0.1241	37.0000
374	245.0919	245	245.0919	0.0724	0.0760	41.0000
375	249.6117	254	249.6117	0.1018	0.4134	36.0000
376	237.4487	244	237.4487	0.1204	0.1498	30.0000
377	243.1970	241	243.1970	0.0190	0.0434	40.0000
378	245.0714	250	245.0714	0.0227	0.1241	34.0000
379	249.8201	254	249.8201	0.1163	0.1241	38.0000
380	241.4890	243	241.4890	0.1506	0.1990	37.0000
381	249.8616	255	249.8616	0.0820	0.1295	35.0000
382	246.6959	251	246.6959	0.2131	0.2370	32.0000
383	245.0300	247	245.0300	0.0233	0.2412	36.0000
384	243.1347	244	243.1347	0.2111	0.3303	37.0000
385	240.2189	240	240.2189	0.0262	0.1463	39.0000
386	247.4666	249	247.4666	0.0935	0.1241	39.0000
387	247.6541	254	247.6541	0.1672	0.2454	35.0000
388	247.6956	252	247.6956	0.0024	0.0421	33.0000
389	248.0290	253	248.0290	0.0050	0.2676	35.0000
390	243.7180	248	243.7180	0.1405	0.1748	33.0000
391	243.2178	249	243.2178	0.0326	0.1748	34.0000
392	244.8426	246	244.8426	0.1643	0.3303	35.0000
393	249.6113	256	249.6113	0.0501	0.0702	37.0000
394	240.8642	245	240.8642	0.0410	0.1451	33.0000
395	238.5316	240	238.5316	0.0004	0.3427	35.0000
396	241.6561	242	241.6561	0.0668	0.1241	35.0000
397	247.2582	248	247.2582	0.1405	0.2182	39.0000
398	247.6750	249	247.6750	0.0153	0.0976	36.0000
399	248.0705	253	248.0705	0.0249	0.2412	35.0000
400	238.5524	241	238.5524	0.0762	0.1451	35.0000
401	245.9670	251	245.9670	0.0279	0.1990	35.0000
402	249.9655	257	249.9655	0.0914	0.0976	34.0000
403	249.7990	253	249.7990	0.0881	0.0932	37.0000
404	249.6325	255	249.6325	0.0270	0.0421	35.0000
405	247.1125	249	247.1125	0.0985	0.1748	37.0000
406	245.7170	247	245.7170	0.0223	0.2040	39.0000
407	246.3628	250	246.3628	0.2197	0.2721	35.0000
408	240.9475	243	240.9475	0.0209	0.0421	34.0000
409	250.3408	250	250.3408	0.0871	0.2676	40.0000
410	245.1755	252	245.1755	0.0673	0.1990	32.0000
411	247.7162	245	247.7162	0.1218	0.2454	43.0000
412	246.1335	248	246.1335	0.1688	0.1990	38.0000
413	246.1335	249	246.1335	0.1185	0.2226	36.0000
414	243.3639	250	243.3639	0.0222	0.0925	32.0000
415	249.3616	257	249.3616	0.2534	0.3100	35.0000
416	248.9244	252	248.9244	0.0935	0.2182	37.0000
417	246.0088	246	246.0088	0.0396	0.1748	36.0000
418	249.1117	248	249.1117	0.0405	0.1748	40.0000
419	243.9256	247	243.9256	0.0538	0.1748	37.0000
420	244.8006	239	244.8006	0.0256	0.0421	43.0000
421	248.6955	258	248.6955	0.1694	0.3100	31.0000
422	246.8623	253	246.8623	0.0999	0.1498	36.0000
423	248.0498	251	248.0498	0.0691	0.0976	36.0000
424	243.8216	245	243.8216	0.0070	0.0976	38.0000
425	250.3191	253	250.3191	0.0443	0.1241	38.0000
426	246.3213	248	246.3213	0.1011	0.2454	35.0000
427	246.4668	249	246.4668	0.0114	0.1192	36.0000
428	244.2799	244	244.2799	0.0041	0.2676	38.0000
429	240.1566	241	240.1566	0.1136	0.2236	36.0000
430	240.4478	248	240.4478	0.1475	0.1990	32.0000
431	240.2183	244	240.2183	0.0599	0.1295	37.0000
432	242.9678	246	242.9678	0.0460	0.1241	40.0000
433	250.1322	257	250.1322	0.0348	0.1498	34.0000
434	245.0924	250	245.0924	0.1514	0.2370	34.0000
435	250.1948	252	250.1948	0.1481	0.1498	38.0000
436	247.5704	249	247.5704	0.0348	0.1498	40.0000
437	248.2996	254	248.2996	0.2325	0.2454	33.0000
438	246.5295	248	246.5295	0.2371	0.2851	35.0000
439	247.6747	251	247.6747	0.2069	0.3876	35.0000
440	237.8235	240	237.8235	0.1036	0.3463	35.0000
441	250.1739	259	250.1739	0.0794	0.3303	33.0000
442	249.8409	254	249.8409	0.0674	0.1498	34.0000
443	240.7392	246	240.7392	0.1770	0.3303	33.0000
444	246.4665	243	246.4665	0.0188	0.1241	43.0000
445	239.9061	245	239.9061	0.0732	0.1754	32.0000
446	250.1946	250	250.1946	0.1551	0.2681	40.0000
447	250.3198	257	250.3198	0.0838	0.2226	34.0000
448	247.3835	251	247.3835	0.0148	0.1498	36.0000
449	244.0719	249	244.0719	0.1402	0.1498	35.0000
450	246.9878	249	246.9878	0.0844	0.0976	36.0000
451	247.0707	245	247.0707	0.1879	0.3690	40.0000
452	247.5918	258	247.5918	0.0162	0.0702	34.0000
453	245.7587	248	245.7587	0.0921	0.1498	38.0000
454	246.2376	250	246.2376	0.2841	0.3303	35.0000
455	243.2804	244	243.2804	0.1491	0.1498	37.0000
456	248.1118	250	248.1118	0.0519	0.1990	38.0000
457	241.3847	246	241.3847	0.1243	0.1799	35.0000
458	245.2589	247	245.2589	0.2578	0.3876	37.0000
459	245.2588	250	245.2588	0.0282	0.0421	32.0000
460	249.1954	252	249.1954	0.1841	0.2454	36.0000
461	241.3433	243	241.3433	0.1586	0.2454	37.0000
462	249.6533	250	249.6533	0.1237	0.1241	38.0000
463	247.0293	255	247.0293	0.0505	0.2676	31.0000
464	247.3833	252	247.3833	0.0271	0.0421	37.0000
465	243.2181	245	243.2181	0.1298	0.2139	34.0000
466	245.9254	252	245.9254	0.0678	0.1241	34.0000
467	244.6134	248	244.6134	0.0955	0.2226	33.0000
468	236.1784	240	236.1784	0.2032	0.2182	36.0000
469	246.0712	248	246.0712	0.2459	0.3100	36.0000
470	247.8207	256	247.8207	0.0496	0.2891	30.0000
471	249.5493	251	249.5493	0.2132	0.2454	37.0000
472	241.6138	248	241.6138	0.0254	0.2635	36.0000
473	241.6557	249	241.6557	0.1045	0.1498	33.0000
474	246.8204	251	246.8204	0.1547	0.1990	39.0000
475	240.6146	243	240.6146	0.0551	0.1241	33.0000
476	249.0702	253	249.0702	0.0730	0.1241	33.0000
477	248.2371	254	248.2371	0.1366	0.1748	34.0000
478	250.3826	253	250.3826	0.0099	0.0976	39.0000
479	241.4685	251	241.4685	0.3118	0.3730	29.0000
480	238.9900	237	238.9900	0.1507	0.2454	38.0000
481	247.3415	253	247.3415	0.0187	0.0702	33.0000
482	240.9684	238	240.9684	0.0335	0.1702	40.0000
483	248.2786	253	248.2786	0.0716	0.1946	34.0000
484	246.1126	245	246.1126	0.0666	0.0976	39.0000
485	247.0087	250	247.0087	0.0780	0.2412	33.0000
486	244.0716	241	244.0716	0.0417	0.0421	42.0000
487	249.2370	249	249.2370	0.0382	0.1241	36.0000
488	248.4660	256	248.4660	0.0462	0.1451	36.0000
489	247.0290	250	247.0290	0.1288	0.1748	36.0000
490	246.8208	254	246.8208	0.0729	0.1656	34.0000
491	246.1546	251	246.1546	0.1352	0.2676	34.0000
492	245.8626	250	245.8626	0.1161	0.1451	34.0000
493	249.5703	252	249.5703	0.2555	0.2721	35.0000
494	242.1559	243	242.1559	0.0813	0.1990	36.0000
495	245.1133	250	245.1133	0.0197	0.2676	34.0000
496	248.4663	251	248.4663	0.0824	0.2635	38.0000
497	249.9034	253	249.9034	0.2335	0.2635	36.0000
498	243.8632	249	243.8632	0.1855	0.2635	32.0000
499	249.5907	255	249.5907	0.0535	0.0702	34.0000
500	249.2151	252	249.2151	0.0123	0.0421	40.0000
501	248.7166	254	248.7166	0.1067	0.1498	33.0000
502	248.1952	252	248.1952	0.1064	0.1498	37.0000
503	246.8626	250	246.8626	0.0132	0.1748	34.0000
504	249.6740	252	249.6740	0.1997	0.2001	37.0000
505	248.9869	258	248.9869	0.1656	0.1946	32.0000
506	242.8432	248	242.8432	0.0547	0.2182	33.0000
507	247.0291	246	247.0291	0.0595	0.1241	39.0000
508	242.7387	250	242.7387	0.0008	0.1451	31.0000
509	249.2366	259	249.2366	0.0953	0.2454	33.0000
510	243.6966	241	243.6966	0.0406	0.1498	40.0000
511	239.9269	244	239.9269	0.0499	0.2891	36.0000
512	249.6323	254	249.6323	0.0121	0.2454	35.0000
513	246.5710	250	246.5710	0.1307	0.2412	36.0000
514	250.0073	248	250.0073	0.0215	0.0421	42.0000
515	243.5504	243	243.5504	0.0585	0.1451	44.0000
516	242.6968	249	242.6968	0.1711	0.1748	33.0000
517	248.5703	253	248.5703	0.0025	0.0702	38.0000
518	241.7598	246	241.7598	0.1173	0.1192	33.0000
519	248.9034	251	248.9034	0.2320	0.2454	35.0000
520	246.3628	251	246.3628	0.0087	0.1748	33.0000
521	249.7782	254	249.7782	0.2824	0.3303	37.0000
522	244.0926	248	244.0926	0.1826	0.2454	36.0000
523	248.2370	258	248.2370	0.2214	0.2676	35.0000
524	243.4677	246	243.4677	0.3985	0.4198	36.0000
525	238.1777	241	238.1777	0.0836	0.1702	33.0000
526	245.0714	249	245.0714	0.0820	0.0976	36.0000
527	241.3437	245	241.3437	0.0096	0.1241	34.0000
528	243.1138	247	243.1138	0.0775	0.1498	34.0000
529	248.3831	250	248.3831	0.0488	0.1498	39.0000
530	244.6547	248	244.6547	0.0030	0.0702	35.0000
531	243.9465	249	243.9465	0.0272	0.1253	38.0000
532	248.1124	253	248.1124	0.2192	0.2891	34.0000
533	246.5083	251	246.5083	0.1780	0.1990	36.0000
534	241.9474	245	241.9474	0.1668	0.1748	34.0000
535	238.1775	241	238.1775	0.0772	0.3620	35.0000
536	240.2188	244	240.2188	0.0939	0.1241	37.0000
537	246.6541	253	246.6541	0.1180	0.1192	35.0000
538	248.0704	249	248.0704	0.0518	0.1510	41.0000
539	243.1139	246	243.1139	0.2406	0.3100	36.0000
540	244.7174	247	244.7174	0.0320	0.1241	38.0000
541	245.6339	249	245.6339	0.1327	0.1748	35.0000
542	247.0916	245	247.0916	0.0216	0.1241	40.0000
543	249.1116	250	249.1116	0.1470	0.1996	41.0000
544	248.9662	256	248.9662	0.0591	0.1241	34.0000
545	242.4260	248	242.4260	0.1901	0.2226	34.0000
546	246.6751	245	246.6751	0.0093	0.1498	39.0000
547	241.9680	245	241.9680	0.1216	0.2412	35.0000
548	242.1762	243	242.1762	0.0813	0.2236	38.0000
549	243.8845	247	243.8845	0.0592	0.1498	33.0000
550	249.9657	251	249.9657	0.0725	0.1241	37.0000
551	249.1951	249	249.1951	0.0272	0.1498	40.0000
552	249.7370	258	249.7370	0.0277	0.2501	31.0000
553	246.4255	250	246.4255	0.2192	0.3100	32.0000
554	250.2576	254	250.2576	0.0889	0.0976	34.0000
555	245.5916	247	245.5916	0.1089	0.2182	40.0000
556	249.7365	251	249.7365	0.0368	0.2676	38.0000
557	246.5502	252	246.5502	0.0232	0.0976	34.0000
558	243.6547	247	243.6547	0.3196	0.4369	37.0000
559	247.9250	259	247.9250	0.0151	0.1748	28.0000
560	246.3832	247	246.3832	0.1157	0.2676	40.0000
561	248.1125	256	248.1125	0.1813	0.2412	31.0000
562	245.5505	247	245.5505	0.0135	0.0421	36.0000
563	249.1325	253	249.1325	0.0154	0.0192	39.0000
564	248.0708	255	248.0708	0.0781	0.3100	31.0000
565	244.3216	246	244.3216	0.2450	0.3105	36.0000
566	240.0727	241	240.0727	0.0396	0.1946	38.0000
567	242.9472	246	242.9472	0.0670	0.2226	36.0000
568	245.3633	248	245.3633	0.0889	0.1498	34.0000
569	246.2378	253	246.2378	0.1613	0.2454	32.0000
570	248.7579	252	248.7579	0.2795	0.4695	39.0000
571	248.6118	258	248.6118	0.1736	0.3023	30.0000
572	250.4032	258	250.4032	0.1063	0.2851	32.0000
573	249.0492	255	249.0492	0.1378	0.2412	34.0000
574	248.3620	249	248.3620	0.0623	0.1748	39.0000
575	244.4257	248	244.4257	0.4134	0.4564	33.0000
576	247.2582	249	247.2582	0.0336	0.1241	37.0000
577	249.7990	252	249.7990	0.1892	0.2891	40.0000
578	242.3433	241	242.3433	0.0263	0.0976	37.0000
579	247.4873	250	247.4873	0.0332	0.0702	35.0000
580	247.7995	249	247.7995	0.0787	0.1990	39.0000
581	250.1945	254	250.1945	0.1234	0.1498	37.0000
582	242.4682	243	242.4682	0.0513	0.3690	36.0000
583	248.6953	250	248.6953	0.0698	0.0702	37.0000
584	236.9283	242	236.9283	0.2734	0.3100	34.0000
585	249.1746	255	249.1746	0.2145	0.3023	32.0000
586	249.7782	253	249.7782	0.0451	0.0976	36.0000
587	249.8616	255	249.8616	0.1377	0.1748	35.0000
588	249.5286	259	249.5286	0.0789	0.1748	31.0000
589	248.4038	260	248.4038	0.0286	0.1253	30.0000
590	248.0288	249	248.0288	0.0672	0.2454	36.0000
591	243.7591	249	243.7591	0.0073	0.1198	35.0000
592	243.0302	247	243.0302	0.1104	0.1241	36.0000
593	248.1329	254	248.1329	0.1773	0.1990	33.0000
594	249.6949	249	249.6949	0.1219	0.1498	39.0000
595	239.8646	245	239.8646	0.0031	0.1241	33.0000
596	248.9453	252	248.9453	0.0615	0.1748	37.0000
597	240.1565	245	240.1565	0.0947	0.1498	33.0000
598	248.4242	251	248.4242	0.1035	0.1990	37.0000
599	248.6533	260	248.6533	0.0212	0.1451	31.0000
600	239.8855	242	239.8855	0.1743	0.1748	36.0000
601	246.4668	249	246.4668	0.0851	0.1990	36.0000
602	249.5904	253	249.5904	0.0133	0.2412	38.0000
603	241.8433	241	241.8433	0.0293	0.1748	37.0000
604	245.9668	248	245.9668	0.3353	0.4031	38.0000
605	246.8416	249	246.8416	0.0747	0.2851	36.0000
606	244.1550	245	244.1550	0.1189	0.1241	37.0000
607	244.3426	245	244.3426	0.0287	0.0976	37.0000
608	247.0915	250	247.0915	0.0809	0.2274	35.0000
609	244.9260	247	244.9260	0.0196	0.1551	37.0000
610	245.8210	246	245.8210	0.0354	0.0976	39.0000
611	244.1550	250	244.1550	0.1138	0.2226	31.0000
612	241.3437	244	241.3437	0.0877	0.0925	36.0000
613	242.2600	246	242.2600	0.1407	0.1990	31.0000
614	247.5498	251	247.5498	0.1779	0.2635	36.0000
615	238.0525	243	238.0525	0.1666	0.1799	33.0000
616	246.5921	254	246.5921	0.0170	0.0421	34.0000
617	248.4244	250	248.4244	0.0475	0.1241	36.0000
618	241.2394	247	241.2394	0.0443	0.1990	33.0000
619	249.2160	252	249.2160	0.0286	0.1241	35.0000
620	249.5286	251	249.5286	0.1883	0.2182	35.0000
621	247.0293	255	247.0293	0.1948	0.2454	31.0000
622	244.3010	247	244.3010	0.1001	0.1990	34.0000
623	242.0306	248	242.0306	0.0680	0.1241	34.0000
624	246.2590	251	246.2590	0.0979	0.1748	32.0000
625	247.6119	254	247.6119	0.0358	0.1510	33.0000
626	247.0083	251	247.0083	0.0372	0.0976	43.0000
627	247.3836	255	247.3836	0.0985	0.1498	31.0000
628	244.0720	251	244.0720	0.0292	0.1510	30.0000
629	246.4667	252	246.4667	0.0695	0.1192	35.0000
630	248.6950	251	248.6950	0.3441	0.3655	38.0000
631	239.2817	242	239.2817	0.0199	0.0925	34.0000
632	245.4879	251	245.4879	0.1027	0.2645	34.0000
633	243.0513	249	243.0513	0.0377	0.3655	31.0000
634	247.5705	253	247.5705	0.0323	0.0702	35.0000
635	249.3825	256	249.3825	0.1333	0.3100	33.0000
636	246.7583	252	246.7583	0.1269	0.3989	33.0000
637	249.9036	254	249.9036	0.1272	0.1295	36.0000
638	243.4466	251	243.4466	0.1298	0.1748	31.0000
639	250.2782	253	250.2782	0.3098	0.3690	35.0000
640	245.9879	253	245.9879	0.0306	0.0976	36.0000
641	241.6142	249	241.6142	0.0219	0.2676	34.0000
642	250.1321	252	250.1321	0.0030	0.2182	37.0000
643	247.9457	254	247.9457	0.1711	0.2454	33.0000
644	247.6123	255	247.6123	0.0065	0.0976	30.0000
645	246.0295	250	246.0295	0.0934	0.2370	35.0000
646	238.3027	240	238.3027	0.0005	0.2182	38.0000
647	245.6548	252	245.6548	0.1722	0.2226	34.0000
648	248.4665	254	248.4665	0.0749	0.3100	34.0000
649	244.8842	249	244.8842	0.2245	0.3463	37.0000
650	249.8197	254	249.8197	0.2471	0.4408	37.0000
651	247.2998	252	247.2998	0.1258	0.2454	33.0000
652	246.4043	251	246.4043	0.0053	0.0976	38.0000
653	245.4668	249	245.4668	0.0902	0.2001	36.0000
654	247.7374	252	247.7374	0.0484	0.1498	34.0000
655	250.3201	256	250.3201	0.0367	0.3100	34.0000
656	240.6145	239	240.6145	0.0019	0.1241	39.0000
657	247.2165	248	247.2165	0.0564	0.2182	37.0000
658	250.1114	259	250.1114	0.0889	0.1748	33.0000
659	244.9254	245	244.9254	0.0433	0.0976	39.0000
660	248.2996	247	248.2996	0.0325	0.0421	44.0000
661	246.9670	249	246.9670	0.1285	0.1990	34.0000
662	249.9242	257	249.9242	0.0153	0.1498	33.0000
663	250.0073	254	250.0073	0.1747	0.2454	38.0000
664	247.2793	252	247.2793	0.1069	0.1748	33.0000
665	246.9459	248	246.9459	0.0454	0.0760	38.0000
666	246.0292	251	246.0292	0.0338	0.0925	36.0000
667	243.9048	247	243.9048	0.1961	0.3100	35.0000
668	248.0082	254	248.0082	0.0843	0.1748	31.0000
669	242.1347	250	242.1347	0.0055	0.1403	32.0000
670	243.9048	246	243.9048	0.0306	0.0976	37.0000
671	246.4461	254	246.4461	0.1809	0.1901	31.0000
672	247.9872	253	247.9872	0.0662	0.2891	34.0000
673	246.0087	249	246.0087	0.0030	0.3100	35.0000
674	249.8822	252	249.8822	0.1584	0.2851	36.0000
675	247.6331	253	247.6331	0.0983	0.1451	32.0000
676	248.7160	252	248.7160	0.0392	0.2891	35.0000
677	244.9880	250	244.9880	0.0733	0.1241	36.0000
678	246.1339	255	246.1339	0.1994	0.3100	27.0000
679	249.3619	253	249.3619	0.2172	0.3499	36.0000
680	248.7158	249	248.7158	0.0366	0.1799	39.0000
681	244.9674	250	244.9674	0.0259	0.1241	36.0000
682	241.0929	236	241.0929	0.0806	0.1748	43.0000
683	248.0292	251	248.0292	0.0901	0.0976	37.0000
684	250.0701	258	250.0701	0.0033	0.1799	34.0000
685	247.0917	251	247.0917	0.0618	0.2226	35.0000
686	245.1548	244	245.1548	0.0683	0.0976	43.0000
687	245.8210	252	245.8210	0.1891	0.3100	35.0000
688	247.6539	252	247.6539	0.1095	0.1990	36.0000
689	249.1118	251	249.1118	0.0087	0.1241	36.0000
690	248.7995	250	248.7995	0.1253	0.1990	38.0000
691	246.4042	247	246.4042	0.0336	0.1241	39.0000
692	244.4462	250	244.4462	0.1905	0.3989	34.0000
693	249.0492	249	249.0492	0.0998	0.3100	39.0000
694	249.1533	251	249.1533	0.0444	0.2454	36.0000
695	245.0712	249	245.0712	0.0891	0.0976	35.0000
696	246.0083	249	246.0083	0.0946	0.1192	36.0000
697	248.7576	256	248.7576	0.1284	0.1901	34.0000
698	241.7597	239	241.7597	0.0033	0.0368	40.0000
699	244.2380	251	244.2380	0.0643	0.2851	32.0000
700	248.1743	250	248.1743	0.0563	0.2412	37.0000
701	249.6117	256	249.6117	0.0548	0.3100	32.0000
702	243.2385	242	243.2385	0.0444	0.1498	42.0000
703	244.3218	248	244.3218	0.0642	0.0702	34.0000
704	249.2784	253	249.2784	0.3402	0.3584	33.0000
705	247.1124	255	247.1124	0.0810	0.1946	35.0000
706	248.7165	248	248.7165	0.0320	0.0702	38.0000
707	245.0921	245	245.0921	0.1130	0.1990	39.0000
708	247.0911	251	247.0911	0.0951	0.1032	38.0000
709	246.4670	249	246.4670	0.0216	0.1451	34.0000
710	240.0518	245	240.0518	0.1133	0.1241	33.0000
711	247.9872	254	247.9872	0.1526	0.2236	32.0000
712	249.1744	254	249.1744	0.0260	0.0976	37.0000
713	250.0495	253	250.0495	0.0326	0.1451	36.0000
714	248.7576	255	248.7576	0.0134	0.0715	37.0000
715	247.2999	251	247.2999	0.0806	0.1241	35.0000
716	246.2168	253	246.2168	0.2355	0.3100	32.0000
717	242.6138	248	242.6138	0.1517	0.2454	36.0000
718	247.1125	258	247.1125	0.0447	0.2454	32.0000
719	246.7997	251	246.7997	0.1010	0.1241	37.0000
720	248.9873	250	248.9873	0.1805	0.3100	35.0000
721	240.6354	242	240.6354	0.0071	0.1451	37.0000
722	250.0910	255	250.0910	0.2052	0.2676	37.0000
723	250.4235	252	250.4235	0.2736	0.2851	38.0000
724	248.1121	250	248.1121	0.0167	0.1241	40.0000
725	242.3426	246	242.3426	0.0122	0.0702	35.0000
726	248.4245	254	248.4245	0.1652	0.2676	35.0000
727	243.4261	241	243.4261	0.0090	0.2182	39.0000
728	249.4656	254	249.4656	0.0418	0.3620	35.0000
729	245.7588	252	245.7588	0.0028	0.1241	33.0000
730	248.9868	253	248.9868	0.1595	0.2454	34.0000
731	246.0710	249	246.0710	0.1787	0.2676	36.0000
732	245.9045	251	245.9045	0.1985	0.3100	35.0000
733	250.3406	256	250.3406	0.1696	0.1748	34.0000
734	241.8633	247	241.8633	0.2070	0.2370	35.0000
735	240.9476	247	240.9476	0.0817	0.1498	33.0000
736	246.6125	250	246.6125	0.0514	0.2226	35.0000
737	241.3850	242	241.3850	0.0722	0.1498	37.0000
738	246.4041	251	246.4041	0.0786	0.2412	35.0000
739	249.2159	256	249.2159	0.0442	0.3655	33.0000
740	239.0316	240	239.0316	0.0106	0.1748	35.0000
741	247.7996	254	247.7996	0.1135	0.1748	36.0000
742	249.1742	253	249.1742	0.0979	0.1551	37.0000
743	249.8826	253	249.8826	0.1905	0.1990	34.0000
744	243.5930	249	243.5930	0.0486	0.0988	33.0000
745	248.8830	256	248.8830	0.1651	0.3876	32.0000
746	244.9258	253	244.9258	0.1780	0.2594	31.0000
747	246.7582	250	246.7582	0.0565	0.0702	39.0000
748	248.0704	255	248.0704	0.3278	0.3620	32.0000
749	248.0494	250	248.0494	0.0819	0.1241	39.0000
750	250.2991	257	250.2991	0.0493	0.2226	32.0000
751	241.1764	244	241.1764	0.0682	0.0702	38.0000
752	249.5076	253	249.5076	0.1231	0.1990	37.0000
753	246.0295	250	246.0295	0.0891	0.1498	36.0000
754	249.0076	253	249.0076	0.0752	0.1498	36.0000
755	246.2585	247	246.2585	0.0161	0.0760	38.0000
756	247.5707	253	247.5707	0.0428	0.1295	36.0000
757	244.9882	251	244.9882	0.1023	0.1946	36.0000
758	247.7788	255	247.7788	0.0183	0.1748	34.0000
759	247.7579	251	247.7579	0.0054	0.2891	36.0000
760	248.5077	249	248.5077	0.0243	0.0702	39.0000
761	246.6337	249	246.6337	0.0676	0.2182	34.0000
762	247.3623	252	247.3623	0.1370	0.1551	37.0000
763	249.6952	251	249.6952	0.0912	0.1990	35.0000
764	244.6343	248	244.6343	0.0952	0.1748	32.0000
765	242.2807	249	242.2807	0.1074	0.1498	32.0000
766	248.3205	249	248.3205	0.1150	0.1990	39.0000
767	249.6116	252	249.6116	0.2392	0.2412	37.0000
768	246.5086	254	246.5086	0.0180	0.4534	31.0000
769	245.9041	251	245.9041	0.1248	0.1748	36.0000
770	249.5699	249	249.5699	0.0619	0.1748	42.0000
771	249.9448	256	249.9448	0.0602	0.0976	34.0000
772	240.4272	243	240.4272	0.1765	0.2635	36.0000
773	239.3231	247	239.3231	0.1196	0.1498	34.0000
774	244.6757	247	244.6757	0.0341	0.1510	36.0000
775	245.0717	255	245.0717	0.1010	0.1946	30.0000
776	250.2367	251	250.2367	0.0163	0.1748	35.0000
777	246.9665	253	246.9665	0.1812	0.2412	36.0000
778	241.8223	245	241.8223	0.0457	0.1702	35.0000
779	245.5087	250	245.5087	0.0475	0.1946	34.0000
780	243.9468	246	243.9468	0.0327	0.0421	36.0000
781	243.1761	240	243.1761	0.0902	0.2236	42.0000
782	243.2388	246	243.2388	0.1285	0.3499	34.0000
783	244.6548	253	244.6548	0.1033	0.1702	32.0000
784	248.3204	253	248.3204	0.1275	0.1990	37.0000
785	242.8849	248	242.8849	0.0451	0.1551	35.0000
786	247.7995	250	247.7995	0.0523	0.2182	38.0000
787	246.2169	249	246.2169	0.0957	0.2891	35.0000
788	248.1120	250	248.1120	0.0664	0.2226	36.0000
789	249.1120	251	249.1120	0.1211	0.1241	39.0000
790	243.9885	246	243.9885	0.0845	0.1990	38.0000
791	245.8209	249	245.8209	0.0574	0.1748	38.0000
792	240.1148	243	240.1148	0.1506	0.2001	35.0000
793	248.9660	254	248.9660	0.1944	0.2182	35.0000
794	239.6148	244	239.6148	0.0754	0.1946	34.0000
795	248.0708	250	248.0708	0.0157	0.2454	37.0000
796	244.3220	247	244.3220	0.3157	0.3265	34.0000
797	248.6745	250	248.6745	0.0108	0.1748	39.0000
798	240.5730	244	240.5730	0.0933	0.2676	32.0000
799	247.3831	250	247.3831	0.1640	0.2226	34.0000
800	242.9678	246	242.9678	0.1527	0.1702	40.0000
801	241.9472	248	241.9472	0.1219	0.1990	36.0000
802	245.0707	243	245.0707	0.0207	0.0702	43.0000
803	246.3836	248	246.3836	0.0569	0.1241	37.0000
804	242.6346	247	242.6346	0.0467	0.1451	35.0000
805	248.2164	253	248.2164	0.0719	0.0976	37.0000
806	245.6544	241	245.6544	0.1684	0.1748	44.0000
807	247.3412	248	247.3412	0.2141	0.3228	39.0000
808	246.6540	248	246.6540	0.1937	0.2226	38.0000
809	244.4256	246	244.4256	0.0879	0.1748	39.0000
810	246.4041	248	246.4041	0.0617	0.1451	37.0000
811	246.2380	251	246.2380	0.0669	0.1498	33.0000
812	239.2817	243	239.2817	0.1635	0.2891	33.0000
813	245.0921	246	245.0921	0.0854	0.1759	41.0000
814	248.2159	248	248.2159	0.0556	0.2380	41.0000
815	239.3850	243	239.3850	0.1351	0.2226	38.0000
816	242.9887	246	242.9887	0.0804	0.1856	35.0000
817	245.6755	253	245.6755	0.1799	0.2851	30.0000
818	247.2373	245	247.2373	0.0034	0.1241	40.0000
819	249.1741	252	249.1741	0.1445	0.1498	40.0000
820	249.3619	252	249.3619	0.0060	0.1498	38.0000
821	241.5722	245	241.5722	0.0763	0.1451	36.0000
822	242.6556	244	242.6556	0.0510	0.1241	36.0000
823	249.3203	257	249.3203	0.2238	0.2465	34.0000
824	244.6131	251	244.6131	0.0978	0.2454	34.0000
825	245.5089	251	245.5089	0.2039	0.2454	34.0000
826	237.3862	240	237.3862	0.0070	0.1498	36.0000
827	242.5303	241	242.5303	0.0732	0.0925	40.0000
828	248.7786	254	248.7786	0.0199	0.3842	33.0000
829	248.2789	251	248.2789	0.0227	0.0976	36.0000
830	247.7581	253	247.7581	0.0293	0.2454	34.0000
831	247.9664	255	247.9664	0.0190	0.3100	32.0000
832	247.0289	246	247.0289	0.0206	0.0421	41.0000
833	241.2808	244	241.2808	0.0824	0.0976	36.0000
834	246.8210	252	246.8210	0.2030	0.3100	35.0000
835	250.3825	249	250.3825	0.0313	0.0760	39.0000
836	249.0078	251	249.0078	0.1012	0.1241	38.0000
837	247.4876	256	247.4876	0.2128	0.3100	28.0000
838	241.4471	243	241.4471	0.0068	0.1504	38.0000
839	246.2586	250	246.2586	0.1256	0.2274	34.0000
840	249.4454	250	249.4454	0.0303	0.0702	36.0000
841	249.0704	257	249.0704	0.2192	0.2454	32.0000
842	241.9679	241	241.9679	0.2508	0.2676	40.0000
843	248.3622	256	248.3622	0.0162	0.2144	35.0000
844	243.6968	250	243.6968	0.2348	0.2454	32.0000
845	248.4246	251	248.4246	0.0668	0.0976	36.0000
846	240.2813	242	240.2813	0.1795	0.2676	35.0000
847	245.4669	247	245.4669	0.0656	0.1498	40.0000
848	247.5498	248	247.5498	0.1399	0.1498	38.0000
849	247.5293	249	247.5293	0.0478	0.0702	36.0000
850	242.2805	247	242.2805	0.0431	0.0976	33.0000
851	246.7375	245	246.7375	0.1524	0.2226	38.0000
852	249.9243	253	249.9243	0.0136	0.1702	36.0000
853	243.7386	244	243.7386	0.2479	0.3265	36.0000
854	244.9874	246	244.9874	0.0493	0.0702	41.0000
855	250.0072	252	250.0072	0.0293	0.1241	39.0000
856	249.8821	257	249.8821	0.0003	0.0976	35.0000
857	242.9260	247	242.9260	0.1104	0.1990	36.0000
858	250.3196	248	250.3196	0.0657	0.0702	42.0000
859	243.4888	252	243.4888	0.0304	0.0976	31.0000
860	250.2988	259	250.2988	0.0382	0.1241	35.0000
861	243.1550	251	243.1550	0.1195	0.1241	33.0000
862	248.1120	252	248.1120	0.0105	0.2370	37.0000
863	249.2159	256	249.2159	0.0822	0.1990	33.0000
864	250.1950	259	250.1950	0.2957	0.3655	30.0000
865	250.2573	259	250.2573	0.0365	0.3100	31.0000
866	248.5079	248	248.5079	0.0213	0.0421	39.0000
867	239.0526	240	239.0526	0.0227	0.1498	34.0000
868	242.6767	241	242.6767	0.0010	0.0421	37.0000
869	246.3419	248	246.3419	0.1270	0.1990	35.0000
870	238.1570	241	238.1570	0.1646	0.2645	36.0000
871	245.5919	252	245.5919	0.0714	0.2182	31.0000
872	246.6961	251	246.6961	0.0189	0.1990	33.0000
873	248.1537	253	248.1537	0.0425	0.1748	36.0000
874	239.1356	243	239.1356	0.1083	0.1990	37.0000
875	247.7998	253	247.7998	0.0545	0.2412	32.0000
876	250.0907	257	250.0907	0.1636	0.2226	31.0000
877	243.4677	248	243.4677	0.0453	0.2676	32.0000
878	239.1773	240	239.1773	0.0365	0.0976	35.0000
879	239.4479	244	239.4479	0.1134	0.1192	35.0000
880	249.8617	260	249.8617	0.1925	0.4306	28.0000
881	244.4673	246	244.4673	0.0039	0.0421	37.0000
882	246.6956	246	246.6956	0.0063	0.1799	41.0000
883	242.9888	243	242.9888	0.0593	0.1241	36.0000
884	246.7166	254	246.7166	0.1230	0.4093	33.0000
885	250.0074	251	250.0074	0.0902	0.0976	38.0000
886	242.5096	250	242.5096	0.0157	0.3664	32.0000
887	240.8021	247	240.8021	0.0479	0.1451	30.0000
888	233.4917	239	233.4917	0.0260	0.2635	32.0000
889	247.6959	251	247.6959	0.0632	0.2635	32.0000
890	249.7159	253	249.7159	0.0867	0.1748	34.0000
891	246.0498	250	246.0498	0.2107	0.2412	39.0000
892	246.4251	248	246.4251	0.1255	0.2465	37.0000
893	241.5098	243	241.5098	0.0940	0.1702	39.0000
894	248.4659	253	248.4659	0.0513	0.1990	38.0000
895	240.0521	236	240.0521	0.0530	0.2226	40.0000
896	238.4694	241	238.4694	0.1243	0.3499	36.0000
897	246.2581	251	246.2581	0.0652	0.1748	34.0000
898	243.3428	247	243.3428	0.0407	0.2891	35.0000
899	248.5073	254	248.5073	0.0501	0.1241	37.0000
900	247.5917	252	247.5917	0.0661	0.1551	34.0000
901	248.9661	253	248.9661	0.0196	0.2226	37.0000
902	247.5705	251	247.5705	0.0302	0.0421	34.0000
903	241.0102	243	241.0102	0.1093	0.1990	35.0000
904	243.8632	244	243.8632	0.0038	0.1192	39.0000
905	249.1740	255	249.1740	0.0235	0.2454	35.0000
906	247.1955	251	247.1955	0.0892	0.1498	37.0000
907	244.6339	249	244.6339	0.0899	0.2454	35.0000
908	250.2364	255	250.2364	0.1174	0.3427	35.0000
909	248.0913	249	248.0913	0.0600	0.0976	40.0000
910	247.0920	255	247.0920	0.1964	0.2676	28.0000
911	238.5735	245	238.5735	0.0663	0.2721	34.0000
912	248.8207	249	248.8207	0.3437	0.4206	37.0000
913	246.5503	255	246.5503	0.1481	0.1498	31.0000
914	241.9470	244	241.9470	0.1899	0.3023	37.0000
915	244.9675	248	244.9675	0.0008	0.1192	35.0000
916	241.7185	246	241.7185	0.3594	0.4534	31.0000
917	243.8637	241	243.8637	0.0107	0.0702	40.0000
918	242.5717	240	242.5717	0.0943	0.1702	43.0000
919	248.8204	252	248.8204	0.0535	0.1192	39.0000
920	244.5509	251	244.5509	0.0426	0.2236	37.0000
921	247.4667	254	247.4667	0.0464	0.0702	32.0000
922	249.1120	252	249.1120	0.0289	0.2891	37.0000
923	246.6960	248	246.6960	0.0297	0.2226	37.0000
924	245.7585	247	245.7585	0.0095	0.1498	38.0000
925	250.2574	256	250.2574	0.0183	0.1748	32.0000
926	249.1332	253	249.1332	0.1444	0.1748	37.0000
927	246.3003	250	246.3003	0.1237	0.1241	37.0000
928	246.2376	245	246.2376	0.1369	0.1990	42.0000
929	247.9665	251	247.9665	0.0836	0.2226	36.0000
930	244.6131	252	244.6131	0.0438	0.3265	33.0000
931	233.6582	237	233.6582	0.1879	0.1990	34.0000
932	248.0914	254	248.0914	0.1963	0.3390	33.0000
933	247.8829	250	247.8829	0.0142	0.2226	37.0000
934	243.7180	249	243.7180	0.0318	0.2454	31.0000
935	247.2372	249	247.2372	0.0492	0.3463	37.0000
936	248.5495	246	248.5495	0.0410	0.0421	41.0000
937	244.4465	247	244.4465	0.1111	0.2454	38.0000
938	246.9254	255	246.9254	0.0517	0.0702	32.0000
939	247.5915	250	247.5915	0.1887	0.3499	35.0000
940	245.7796	256	245.7796	0.3584	0.3690	30.0000
941	241.9475	244	241.9475	0.1078	0.1748	36.0000
942	248.1742	246	248.1742	0.0303	0.1241	43.0000
943	238.6982	238	238.6982	0.0417	0.0480	41.0000
944	248.3412	257	248.3412	0.0997	0.1241	33.0000
945	243.5717	245	243.5717	0.0009	0.3265	37.0000
946	248.5495	251	248.5495	0.0232	0.0421	35.0000
947	249.7157	247	249.7157	0.0082	0.1241	41.0000
948	241.9683	241	241.9683	0.0045	0.2676	40.0000
949	248.2580	256	248.2580	0.0730	0.1241	34.0000
950	245.6129	249	245.6129	0.1954	0.2226	36.0000
951	250.1115	256	250.1115	0.0019	0.0702	38.0000
952	247.4660	246	247.4660	0.0754	0.2370	42.0000
953	247.2999	250	247.2999	0.1072	0.3265	37.0000
954	243.9469	248	243.9469	0.2794	0.2891	34.0000
955	245.1755	245	245.1755	0.0504	0.1498	38.0000
956	248.3409	252	248.3409	0.1630	0.2139	39.0000
957	248.6540	251	248.6540	0.0647	0.1498	38.0000
958	241.6969	244	241.6969	0.1074	0.1192	38.0000
959	241.7181	245	241.7181	0.0021	0.1192	34.0000
960	248.2164	251	248.2164	0.1409	0.1498	37.0000
961	246.5085	251	246.5085	0.0289	0.1702	34.0000
962	249.4660	256	249.4660	0.1462	0.1990	32.0000
963	241.4474	245	241.4474	0.0915	0.1748	34.0000
964	247.6746	254	247.6746	0.0048	0.2226	34.0000
965	250.1948	252	250.1948	0.0889	0.1510	39.0000
966	246.4668	250	246.4668	0.0015	0.0976	38.0000
967	247.3416	249	247.3416	0.0869	0.1498	36.0000
968	247.0290	252	247.0290	0.0270	0.0368	36.0000
969	242.9679	246	242.9679	0.2150	0.2226	33.0000
970	249.1329	248	249.1329	0.1377	0.1990	42.0000
971	249.0073	254	249.0073	0.0399	0.0421	36.0000
972	247.1335	249	247.1335	0.1102	0.2635	37.0000
973	248.5914	254	248.5914	0.1251	0.1748	33.0000
974	247.1336	251	247.1336	0.2740	0.3303	35.0000
975	249.9657	251	249.9657	0.0621	0.1498	41.0000
976	247.3834	248	247.3834	0.0795	0.1451	35.0000
977	241.8848	244	241.8848	0.0505	0.1241	35.0000
978	246.4667	243	246.4667	0.1829	0.1990	41.0000
979	247.1334	250	247.1334	0.0691	0.1498	35.0000
980	246.1127	248	246.1127	0.0223	0.1032	36.0000
981	246.3625	247	246.3625	0.1945	0.1946	42.0000
982	249.0493	254	249.0493	0.1022	0.2635	37.0000
983	243.8636	245	243.8636	0.1472	0.2454	37.0000
984	245.9881	252	245.9881	0.0162	0.0976	30.0000
985	246.4873	249	246.4873	0.0680	0.1192	37.0000
986	250.2988	251	250.2988	0.0903	0.1498	39.0000
987	246.5291	246	246.5291	0.0791	0.2454	39.0000
988	248.7576	248	248.7576	0.0510	0.1498	38.0000
989	248.7372	250	248.7372	0.1161	0.1498	36.0000
990	239.5106	242	239.5106	0.0174	0.2182	36.0000
991	241.8223	245	241.8223	0.0724	0.1241	34.0000
992	245.2378	250	245.2378	0.2270	0.2861	33.0000
993	248.0286	250	248.0286	0.1464	0.1748	37.0000
994	250.0906	253	250.0906	0.1131	0.1498	36.0000
995	245.0086	246	245.0086	0.0267	0.0421	38.0000
996	247.4247	247	247.4247	0.1331	0.2454	39.0000
997	243.4468	245	243.4468	0.3019	0.3620	38.0000
998	241.3437	244	241.3437	0.1219	0.3100	35.0000
999	250.2154	257	250.2154	0.0521	0.0702	36.0000
1000	245.5716	251	245.5716	0.1714	0.1990	36.0000
1001	241.1142	241	241.1142	0.0643	0.0976	37.0000
