1	321	0	249	72	0	17	3	20
2	313	0	255	58	0	12	3	15
3	320	0	251	69	0	16	6	22
4	313	0	257	56	0	18	3	21
5	316	0	251	65	0	15	5	20
6	323	0	247	76	0	14	3	17
7	315	0	253	62	0	12	2	14
8	317	0	252	65	0	13	1	14
9	317	0	249	68	0	14	7	21
10	324	0	247	77	0	20	7	27
11	319	0	246	73	0	9	9	18
12	324	0	244	80	0	8	4	12
13	323	0	246	77	0	9	3	12
14	323	0	248	75	0	15	2	17
15	315	0	252	63	0	11	4	15
16	317	0	249	68	0	8	5	13
17	321	0	245	76	0	11	6	17
18	324	0	250	74	0	18	1	19
19	310	0	256	54	0	10	4	14
20	322	0	248	74	0	14	4	18
21	318	0	252	66	0	9	1	10
22	315	0	256	59	0	13	3	16
23	322	0	249	73	0	18	3	21
24	321	0	251	70	0	12	0	12
25	320	0	248	72	0	11	5	16
26	324	0	246	78	0	10	2	12
27	318	0	251	67	0	14	5	19
28	323	0	247	76	0	14	5	19
29	317	0	249	68	0	7	3	10
30	321	0	250	71	0	22	5	27
31	320	0	252	68	0	17	3	20
32	323	0	246	77	0	13	5	18
33	322	0	245	77	0	10	5	15
34	319	0	247	72	0	8	5	13
35	320	0	252	68	0	18	1	19
36	318	0	250	68	0	12	5	17
37	318	0	252	66	0	12	4	16
38	324	0	247	77	0	16	4	20
39	319	0	251	68	0	14	4	18
40	319	0	251	68	0	16	3	19
41	317	0	249	68	0	9	6	15
42	313	0	252	61	0	12	6	18
43	321	0	249	72	0	11	2	13
44	320	0	249	71	0	16	4	20
45	319	0	249	70	0	10	5	15
46	317	0	250	67	0	15	6	21
47	322	0	249	73	0	13	2	15
48	320	0	250	70	0	13	3	16
49	326	0	247	79	0	17	1	18
50	322	0	249	73	0	15	1	16
51	320	0	251	69	0	9	2	11
52	323	0	247	76	0	13	5	18
53	319	0	251	68	0	13	3	16
54	322	0	247	75	0	12	5	17
55	312	0	252	60	0	10	5	15
56	323	0	246	77	0	11	5	16
57	317	0	250	67	0	10	4	14
58	317	0	250	67	0	8	5	13
59	322	0	250	72	0	17	1	18
60	317	0	254	63	0	15	2	17
61	323	0	248	75	0	10	2	12
62	316	0	253	63	0	12	4	16
63	317	0	247	70	0	9	7	16
64	316	0	251	65	0	11	4	15
65	319	0	253	66	0	13	0	13
66	320	0	249	71	0	11	1	12
67	320	0	249	71	0	11	3	14
68	318	0	248	70	0	10	5	15
69	317	0	253	64	0	14	5	19
70	320	0	248	72	0	15	6	21
71	322	0	248	74	0	10	3	13
72	319	0	247	72	0	7	8	15
73	318	0	247	71	0	11	6	17
74	318	0	250	68	0	15	5	20
75	324	0	248	76	0	13	0	13
76	322	0	247	75	0	14	4	18
77	316	0	253	63	0	14	4	18
78	321	0	247	74	0	8	4	12
79	313	0	254	59	0	10	2	12
80	315	0	253	62	0	11	3	14
81	320	0	247	73	0	12	5	17
82	323	0	246	77	0	10	2	12
83	321	0	250	71	0	14	2	16
84	318	0	253	65	0	16	3	19
85	321	0	248	73	0	9	4	13
86	322	0	246	76	0	10	4	14
87	327	0	244	83	0	18	4	22
88	321	0	249	72	0	15	3	18
89	317	0	253	64	0	13	1	14
90	320	0	248	72	0	11	5	16
91	314	0	251	63	0	11	6	17
92	318	0	250	68	0	10	4	14
93	319	0	246	73	0	9	6	15
94	315	0	250	65	0	10	8	18
95	318	0	252	66	0	21	5	26
96	322	0	245	77	0	12	6	18
97	311	0	258	53	0	12	4	16
98	321	0	248	73	0	11	3	14
99	318	0	249	69	0	14	7	21
100	313	0	252	61	0	9	4	13
101	321	0	249	72	0	11	2	13
102	315	0	254	61	0	12	2	14
103	320	0	246	74	0	12	7	19
104	324	0	244	80	0	13	4	17
105	317	0	251	66	0	13	4	17
106	322	0	249	73	0	14	2	16
107	319	0	246	73	0	6	6	12
108	317	0	249	68	0	10	5	15
109	320	0	249	71	0	12	3	15
110	314	0	252	62	0	9	3	12
111	319	0	248	71	0	5	3	8
112	324	0	246	78	0	20	5	25
113	326	0	245	81	0	15	4	19
114	323	0	247	76	0	11	3	14
115	320	0	248	72	0	10	4	14
116	319	0	250	69	0	17	5	22
117	314	0	255	59	0	9	3	12
118	319	0	251	68	0	13	2	15
119	321	0	251	70	0	17	1	18
120	323	0	246	77	0	13	5	18
121	323	0	247	76	0	11	3	14
122	312	0	253	59	0	12	6	18
123	317	0	250	67	0	12	5	17
124	321	0	247	74	0	11	6	17
125	323	0	249	74	0	15	3	18
126	322	0	247	75	0	13	5	18
127	323	0	245	78	0	15	7	22
128	315	0	253	62	0	7	2	9
129	317	0	250	67	0	12	4	16
130	321	0	247	74	0	10	2	12
131	319	0	250	69	0	10	4	14
132	313	0	257	56	0	14	2	16
133	321	0	246	75	0	9	6	15
134	319	0	251	68	0	13	1	14
135	319	0	249	70	0	8	4	12
136	321	0	252	69	0	13	1	14
137	320	0	251	69	0	18	5	23
138	320	0	249	71	0	8	2	10
139	323	0	249	74	0	17	2	19
140	321	0	249	72	0	15	3	18
141	327	0	243	84	0	12	7	19
142	322	0	247	75	0	10	4	14
143	319	0	251	68	0	11	2	13
144	321	0	251	70	0	19	3	22
145	315	0	254	61	0	16	3	19
146	323	0	248	75	0	9	3	12
147	312	0	252	60	0	5	4	9
148	316	0	250	66	0	9	4	13
149	320	0	249	71	0	16	3	19
150	318	0	249	69	0	12	7	19
151	315	0	253	62	0	11	3	14
152	319	0	248	71	0	12	5	17
153	319	0	249	70	0	12	3	15
154	319	0	250	69	0	11	2	13
155	315	0	251	64	0	11	4	15
156	321	0	250	71	0	18	3	21
157	322	0	249	73	0	17	3	20
158	322	0	247	75	0	9	1	10
159	319	0	249	70	0	11	5	16
160	320	0	252	68	0	15	3	18
161	323	0	248	75	0	9	2	11
162	322	0	247	75	0	9	2	11
163	327	0	249	78	0	22	3	25
164	322	0	247	75	0	15	7	22
165	323	0	246	77	0	9	2	11
166	324	0	246	78	0	15	3	18
167	320	0	249	71	0	14	4	18
168	315	0	252	63	0	7	4	11
169	316	0	247	69	0	4	7	11
170	315	0	252	63	0	8	4	12
171	320	0	248	72	0	12	4	16
172	323	0	248	75	0	11	3	14
173	322	0	252	70	0	15	2	17
174	318	0	249	69	0	9	4	13
175	318	0	249	69	0	9	4	13
176	317	0	251	66	0	15	5	20
177	314	0	257	57	0	22	4	26
178	325	0	243	82	0	9	4	13
179	317	0	250	67	0	14	6	20
180	319	0	250	69	0	14	3	17
181	318	0	251	67	0	10	3	13
182	316	0	252	64	0	11	2	13
183	318	0	252	66	0	18	2	20
184	325	0	244	81	0	10	4	14
185	320	0	246	74	0	7	4	11
186	317	0	249	68	0	12	5	17
187	319	0	250	69	0	13	3	16
188	318	0	253	65	0	20	3	23
189	318	0	251	67	0	12	3	15
190	324	0	246	78	0	13	5	18
191	318	0	251	67	0	11	2	13
192	317	0	251	66	0	9	2	11
193	320	0	249	71	0	10	3	13
194	319	0	249	70	0	9	5	14
195	319	0	252	67	0	20	5	25
196	322	0	250	72	0	17	4	21
197	327	0	246	81	0	20	4	24
198	316	0	251	65	0	8	2	10
199	319	0	250	69	0	13	3	16
200	317	0	254	63	0	19	4	23
201	321	0	249	72	0	12	3	15
202	318	0	250	68	0	9	4	13
203	318	0	248	70	0	13	9	22
204	321	0	248	73	0	13	4	17
205	323	0	250	73	0	14	3	17
206	324	0	246	78	0	14	3	17
207	317	0	252	65	0	11	3	14
208	321	0	247	74	0	11	5	16
209	322	0	249	73	0	13	2	15
210	324	0	248	76	0	10	3	13
211	320	0	251	69	0	18	3	21
212	320	0	246	74	0	12	6	18
213	321	0	246	75	0	14	7	21
214	317	0	253	64	0	16	2	18
215	321	0	251	70	0	17	1	18
216	323	0	251	72	0	21	2	23
217	319	0	250	69	0	13	3	16
218	320	0	252	68	0	19	3	22
219	316	0	250	66	0	13	5	18
220	316	0	251	65	0	11	6	17
221	321	0	249	72	0	12	3	15
222	318	0	247	71	0	10	8	18
223	318	0	251	67	0	11	2	13
224	321	0	249	72	0	11	4	15
225	319	0	250	69	0	14	3	17
226	316	0	254	62	0	14	0	14
227	321	0	248	73	0	8	2	10
228	326	0	246	80	0	13	3	16
229	321	0	249	72	0	16	4	20
230	320	0	250	70	0	14	4	18
231	319	0	247	72	0	8	5	13
232	322	0	251	71	0	14	2	16
233	319	0	252	67	0	20	3	23
234	313	0	252	61	0	10	5	15
235	324	0	246	78	0	12	3	15
236	314	0	253	61	0	14	7	21
237	313	0	250	63	0	6	6	12
238	319	0	247	72	0	8	6	14
239	322	0	248	74	0	15	2	17
240	326	0	247	79	0	20	2	22
241	321	0	249	72	0	18	5	23
242	321	0	250	71	0	17	4	21
243	324	0	246	78	0	12	3	15
244	313	0	256	57	0	13	1	14
245	317	0	254	63	0	14	1	15
246	317	0	251	66	0	14	5	19
247	319	0	248	71	0	11	7	18
248	320	0	251	69	0	16	3	19
249	322	0	248	74	0	8	0	8
250	317	0	250	67	0	13	7	20
251	316	0	252	64	0	12	4	16
252	319	0	250	69	0	12	3	15
253	322	0	249	73	0	18	3	21
254	326	0	248	78	0	17	1	18
255	312	0	254	58	0	9	5	14
256	321	0	250	71	0	12	1	13
257	322	0	250	72	0	17	2	19
258	317	0	254	63	0	17	3	20
259	317	0	255	62	0	16	0	16
260	316	0	250	66	0	6	4	10
261	317	0	253	64	0	15	2	17
262	315	0	252	63	0	14	4	18
263	316	0	248	68	0	9	7	16
264	321	0	249	72	0	14	6	20
265	312	0	253	59	0	10	5	15
266	318	0	252	66	0	19	5	24
267	317	0	251	66	0	9	2	11
268	323	0	245	78	0	14	5	19
269	317	0	248	69	0	6	5	11
270	322	0	250	72	0	21	2	23
271	320	0	248	72	0	11	4	15
272	316	0	250	66	0	16	8	24
273	321	0	247	74	0	11	5	16
274	321	0	249	72	0	8	1	9
275	325	0	246	79	0	11	3	14
276	325	0	250	75	0	23	3	26
277	326	0	247	79	0	13	1	14
278	323	0	248	75	0	15	4	19
279	319	0	249	70	0	11	4	15
280	321	0	251	70	0	16	0	16
281	321	0	249	72	0	10	3	13
282	323	0	248	75	0	14	2	16
283	319	0	250	69	0	10	2	12
284	318	0	251	67	0	9	1	10
285	319	0	249	70	0	11	5	16
286	322	0	245	77	0	10	5	15
287	319	0	248	71	0	9	4	13
288	322	0	249	73	0	12	2	14
289	316	0	249	67	0	13	7	20
290	319	0	251	68	0	11	2	13
291	322	0	246	76	0	11	4	15
292	320	0	252	68	0	12	1	13
293	318	0	252	66	0	11	0	11
294	323	0	249	74	0	11	2	13
295	327	0	243	84	0	12	4	16
296	320	0	246	74	0	6	4	10
297	319	0	248	71	0	10	5	15
298	325	0	248	77	0	15	3	18
299	317	0	250	67	0	14	6	20
300	319	0	254	65	0	23	3	26
301	319	0	254	65	0	21	2	23
302	316	0	252	64	0	14	5	19
303	321	0	251	70	0	15	2	17
304	315	0	253	62	0	12	3	15
305	318	0	252	66	0	17	4	21
306	314	0	255	59	0	14	1	15
307	317	0	254	63	0	16	4	20
308	322	0	250	72	0	16	2	18
309	318	0	252	66	0	17	2	19
310	323	0	249	74	0	14	1	15
311	322	0	247	75	0	12	4	16
312	313	0	255	58	0	13	2	15
313	314	0	253	61	0	16	6	22
314	318	0	251	67	0	8	1	9
315	317	0	252	65	0	15	4	19
316	319	0	250	69	0	11	2	13
317	322	0	247	75	0	11	3	14
318	327	0	241	86	0	9	6	15
319	316	0	252	64	0	10	2	12
320	318	0	249	69	0	12	5	17
321	320	0	247	73	0	14	7	21
322	319	0	247	72	0	8	5	13
323	322	0	247	75	0	14	6	20
324	317	0	253	64	0	11	1	12
325	323	0	251	72	0	13	0	13
326	315	0	253	62	0	9	2	11
327	321	0	246	75	0	14	7	21
328	321	0	251	70	0	13	0	13
329	317	0	247	70	0	10	9	19
330	315	0	251	64	0	13	6	19
331	321	0	245	76	0	7	5	12
332	318	0	249	69	0	12	4	16
333	315	0	252	63	0	9	3	12
334	316	0	253	63	0	12	2	14
335	318	0	249	69	0	14	5	19
336	319	0	253	66	0	18	2	20
337	322	0	249	73	0	16	3	19
338	322	0	246	76	0	7	4	11
339	321	0	246	75	0	7	4	11
340	323	0	245	78	0	11	4	15
341	317	0	249	68	0	11	6	17
342	327	0	245	82	0	12	4	16
343	316	0	252	64	0	10	3	13
344	321	0	250	71	0	17	2	19
345	322	0	247	75	0	9	2	11
346	318	0	250	68	0	13	4	17
347	325	0	245	80	0	8	1	9
348	325	0	246	79	0	18	4	22
349	319	0	252	67	0	14	2	16
350	317	0	255	62	0	15	0	15
351	324	0	246	78	0	13	5	18
352	325	0	247	78	0	17	3	20
353	320	0	248	72	0	11	5	16
354	316	0	254	62	0	13	2	15
355	319	0	249	70	0	13	6	19
356	318	0	250	68	0	11	4	15
357	317	0	250	67	0	12	5	17
358	320	0	251	69	0	12	3	15
359	320	0	250	70	0	15	4	19
360	325	0	245	80	0	7	6	13
361	321	0	249	72	0	16	4	20
362	320	0	250	70	0	12	4	16
363	316	0	249	67	0	8	7	15
364	320	0	248	72	0	9	5	14
365	318	0	249	69	0	9	4	13
366	316	0	254	62	0	17	3	20
367	322	0	251	71	0	20	3	23
368	316	0	250	66	0	9	4	13
369	320	0	248	72	0	14	8	22
370	311	0	256	55	0	9	1	10
371	322	0	247	75	0	12	3	15
372	319	0	248	71	0	8	4	12
373	321	0	248	73	0	13	7	20
374	326	0	245	81	0	14	5	19
375	319	0	250	69	0	13	4	17
376	314	0	255	59	0	14	2	16
377	323	0	245	78	0	10	3	13
378	318	0	251	67	0	11	4	15
379	319	0	248	71	0	11	6	17
380	322	0	248	74	0	10	4	14
381	319	0	251	68	0	13	4	17
382	318	0	254	64	0	15	0	15
383	319	0	249	70	0	9	3	12
384	320	0	248	72	0	9	3	12
385	321	0	245	76	0	6	6	12
386	321	0	246	75	0	9	5	14
387	316	0	251	65	0	14	5	19
388	317	0	252	65	0	14	2	16
389	317	0	249	68	0	9	5	14
390	314	0	251	63	0	8	4	12
391	317	0	252	65	0	16	4	20
392	318	0	249	69	0	6	3	9
393	321	0	250	71	0	20	6	26
394	318	0	252	66	0	14	2	16
395	320	0	251	69	0	15	1	16
396	319	0	250	69	0	7	1	8
397	322	0	246	76	0	10	4	14
398	320	0	249	71	0	8	2	10
399	317	0	250	67	0	14	5	19
400	320	0	251	69	0	15	2	17
401	318	0	251	67	0	14	4	18
402	319	0	252	67	0	15	5	20
403	322	0	249	73	0	13	4	17
404	319	0	250	69	0	11	5	16
405	321	0	249	72	0	12	3	15
406	322	0	247	75	0	13	4	17
407	318	0	249	69	0	8	4	12
408	320	0	252	68	0	16	0	16
409	322	0	245	77	0	7	5	12
410	316	0	254	62	0	16	3	19
411	328	0	243	85	0	11	4	15
412	321	0	247	74	0	12	4	16
413	320	0	249	71	0	13	3	16
414	314	0	253	61	0	10	4	14
415	318	0	250	68	0	14	7	21
416	320	0	248	72	0	12	4	16
417	321	0	249	72	0	7	1	8
418	325	0	246	79	0	13	2	15
419	322	0	249	73	0	17	4	21
420	328	0	243	85	0	10	1	11
421	312	0	254	58	0	13	6	19
422	319	0	251	68	0	19	5	24
423	319	0	248	71	0	8	4	12
424	322	0	248	74	0	14	3	17
425	327	0	251	76	0	24	2	26
426	318	0	249	69	0	7	2	9
427	320	0	249	71	0	11	3	14
428	321	0	247	74	0	11	3	14
429	318	0	248	70	0	5	3	8
430	315	0	252	63	0	11	6	17
431	321	0	249	72	0	17	5	22
432	321	0	245	76	0	12	8	20
433	319	0	252	67	0	14	5	19
434	317	0	251	66	0	10	4	14
435	323	0	248	75	0	10	4	14
436	324	0	246	78	0	15	5	20
437	317	0	253	64	0	17	2	19
438	319	0	250	69	0	9	1	10
439	320	0	251	69	0	14	2	16
440	320	0	251	69	0	14	2	16
441	317	0	254	63	0	18	5	23
442	319	0	251	68	0	9	3	12
443	316	0	252	64	0	15	4	19
444	328	0	243	85	0	12	4	16
445	317	0	253	64	0	15	2	17
446	326	0	247	79	0	14	3	17
447	318	0	252	66	0	12	5	17
448	317	0	248	69	0	8	5	13
449	317	0	249	68	0	7	6	13
450	318	0	248	70	0	7	3	10
451	325	0	245	80	0	10	3	13
452	312	0	250	62	0	9	10	19
453	321	0	247	74	0	11	6	17
454	318	0	250	68	0	13	4	17
455	321	0	248	73	0	8	3	11
456	323	0	248	75	0	16	3	19
457	320	0	250	70	0	15	5	20
458	320	0	247	73	0	8	4	12
459	317	0	253	64	0	14	1	15
460	318	0	249	69	0	9	3	12
461	321	0	248	73	0	10	4	14
462	323	0	248	75	0	11	2	13
463	314	0	254	60	0	12	4	16
464	318	0	248	70	0	11	6	17
465	318	0	251	67	0	8	1	9
466	316	0	252	64	0	14	4	18
467	317	0	252	65	0	12	1	13
468	317	0	249	68	0	9	6	15
469	319	0	249	70	0	9	4	13
470	314	0	255	59	0	12	3	15
471	321	0	248	73	0	8	3	11
472	318	0	249	69	0	16	7	23
473	316	0	252	64	0	13	6	19
474	323	0	247	76	0	16	7	23
475	318	0	252	66	0	10	1	11
476	318	0	252	66	0	12	1	13
477	317	0	252	65	0	16	3	19
478	320	0	247	73	0	7	6	13
479	312	0	255	57	0	11	5	16
480	322	0	246	76	0	6	2	8
481	317	0	252	65	0	13	3	16
482	325	0	245	80	0	10	2	12
483	318	0	251	67	0	13	4	17
484	324	0	246	78	0	11	2	13
485	317	0	251	66	0	5	2	7
486	326	0	244	82	0	10	3	13
487	321	0	249	72	0	8	0	8
488	318	0	250	68	0	17	7	24
489	320	0	249	71	0	13	3	16
490	317	0	252	65	0	17	5	22
491	316	0	250	66	0	9	4	13
492	320	0	253	67	0	19	1	20
493	319	0	250	69	0	8	2	10
494	319	0	249	70	0	10	2	12
495	316	0	251	65	0	9	4	13
496	320	0	247	73	0	9	5	14
497	320	0	250	70	0	11	3	14
498	318	0	254	64	0	17	1	18
499	319	0	252	67	0	15	3	18
500	327	0	247	80	0	22	5	27
501	315	0	251	64	0	5	4	9
502	321	0	248	73	0	13	5	18
503	319	0	252	67	0	14	1	15
504	322	0	250	72	0	16	2	18
505	314	0	253	61	0	15	5	20
506	315	0	251	64	0	8	4	12
507	324	0	247	77	0	12	2	14
508	315	0	254	61	0	16	3	19
509	316	0	252	64	0	16	7	23
510	326	0	246	80	0	13	1	14
511	320	0	250	70	0	16	5	21
512	321	0	251	70	0	15	3	18
513	319	0	250	69	0	15	3	18
514	327	0	245	82	0	12	3	15
515	328	0	241	87	0	13	8	21
516	318	0	252	66	0	16	4	20
517	320	0	248	72	0	14	6	20
518	317	0	252	65	0	15	3	18
519	321	0	251	70	0	16	0	16
520	317	0	251	66	0	9	3	12
521	321	0	248	73	0	10	6	16
522	318	0	250	68	0	14	4	18
523	315	0	250	65	0	15	9	24
524	319	0	249	70	0	12	3	15
525	317	0	252	65	0	12	2	14
526	319	0	249	70	0	10	5	15
527	316	0	251	65	0	9	3	12
528	317	0	251	66	0	11	3	14
529	319	0	246	73	0	8	6	14
530	320	0	251	69	0	16	2	18
531	320	0	248	72	0	16	7	23
532	315	0	250	65	0	8	5	13
533	320	0	249	71	0	13	5	18
534	318	0	250	68	0	9	3	12
535	320	0	251	69	0	15	3	18
536	318	0	248	70	0	11	6	17
537	318	0	250	68	0	14	6	20
538	323	0	245	78	0	14	5	19
539	318	0	249	69	0	9	4	13
540	320	0	247	73	0	10	5	15
541	318	0	249	69	0	7	4	11
542	324	0	245	79	0	9	3	12
543	324	0	245	79	0	14	5	19
544	315	0	251	64	0	13	5	18
545	320	0	252	68	0	17	4	21
546	324	0	247	77	0	11	1	12
547	319	0	251	68	0	17	3	20
548	323	0	248	75	0	14	3	17
549	317	0	252	65	0	10	1	11
550	323	0	250	73	0	14	1	15
551	324	0	244	80	0	6	5	11
552	313	0	254	59	0	10	4	14
553	316	0	252	64	0	8	1	9
554	316	0	251	65	0	9	3	12
555	325	0	246	79	0	16	6	22
556	323	0	249	74	0	15	2	17
557	317	0	251	66	0	13	4	17
558	322	0	250	72	0	21	3	24
559	309	0	256	53	0	12	4	16
560	324	0	247	77	0	19	3	22
561	313	0	254	59	0	12	4	16
562	320	0	249	71	0	11	2	13
563	321	0	246	75	0	12	7	19
564	313	0	253	60	0	10	3	13
565	320	0	249	71	0	12	2	14
566	322	0	248	74	0	16	3	19
567	318	0	249	69	0	10	4	14
568	317	0	250	67	0	7	2	9
569	315	0	253	62	0	14	3	17
570	319	0	245	74	0	8	7	15
571	315	0	256	59	0	18	3	21
572	316	0	255	61	0	15	3	18
573	318	0	251	67	0	14	4	18
574	323	0	247	76	0	13	3	16
575	318	0	252	66	0	13	1	14
576	321	0	248	73	0	11	3	14
577	323	0	247	76	0	15	5	20
578	321	0	248	73	0	6	1	7
579	320	0	251	69	0	15	2	17
580	324	0	247	77	0	13	4	17
581	321	0	249	72	0	16	5	21
582	320	0	249	71	0	7	2	9
583	322	0	249	73	0	12	2	14
584	315	0	251	64	0	12	5	17
585	315	0	252	63	0	8	3	11
586	321	0	251	70	0	17	2	19
587	319	0	251	68	0	13	4	17
588	313	0	253	60	0	9	6	15
589	311	0	256	55	0	18	5	23
590	321	0	249	72	0	11	1	12
591	319	0	250	69	0	15	5	20
592	320	0	248	72	0	10	6	16
593	317	0	253	64	0	18	2	20
594	325	0	247	78	0	11	2	13
595	316	0	253	63	0	15	4	19
596	319	0	248	71	0	11	4	15
597	315	0	251	64	0	9	4	13
598	323	0	250	73	0	19	2	21
599	315	0	256	59	0	23	5	28
600	319	0	249	70	0	12	3	15
601	320	0	249	71	0	11	3	14
602	324	0	249	75	0	19	4	23
603	321	0	248	73	0	10	1	11
604	322	0	248	74	0	13	4	17
605	321	0	250	71	0	13	2	15
606	322	0	248	74	0	9	3	12
607	320	0	247	73	0	7	3	10
608	321	0	251	70	0	14	2	16
609	318	0	247	71	0	5	5	10
610	324	0	247	77	0	13	3	16
611	316	0	255	61	0	15	1	16
612	317	0	249	68	0	8	4	12
613	316	0	254	62	0	10	0	10
614	320	0	249	71	0	11	4	15
615	318	0	253	65	0	17	3	20
616	314	0	250	64	0	8	7	15
617	322	0	250	72	0	14	1	15
618	315	0	251	64	0	8	5	13
619	320	0	250	70	0	11	2	13
620	319	0	250	69	0	8	2	10
621	313	0	253	60	0	11	4	15
622	317	0	250	67	0	8	2	10
623	317	0	250	67	0	10	6	16
624	314	0	251	63	0	4	3	7
625	319	0	254	65	0	21	2	23
626	320	0	243	77	0	15	11	26
627	312	0	253	59	0	8	4	12
628	313	0	255	58	0	11	2	13
629	318	0	250	68	0	13	5	18
630	323	0	249	74	0	17	3	20
631	317	0	250	67	0	8	3	11
632	317	0	251	66	0	13	4	17
633	315	0	254	61	0	12	2	14
634	319	0	251	68	0	16	4	20
635	317	0	253	64	0	16	3	19
636	318	0	252	66	0	12	3	15
637	318	0	249	69	0	7	5	12
638	317	0	255	62	0	19	3	22
639	321	0	251	70	0	10	2	12
640	316	0	250	66	0	14	7	21
641	314	0	250	64	0	11	7	18
642	324	0	250	74	0	15	2	17
643	315	0	252	63	0	13	3	16
644	315	0	255	60	0	13	2	15
645	319	0	250	69	0	10	4	14
646	319	0	247	72	0	11	5	16
647	315	0	250	65	0	8	6	14
648	316	0	250	66	0	7	5	12
649	317	0	248	69	0	9	6	15
650	321	0	248	73	0	14	6	20
651	317	0	252	65	0	13	3	16
652	319	0	247	72	0	13	7	20
653	321	0	250	71	0	17	3	20
654	318	0	251	67	0	11	3	14
655	317	0	252	65	0	10	4	14
656	323	0	247	76	0	10	2	12
657	322	0	248	74	0	11	2	13
658	317	0	253	64	0	15	6	21
659	324	0	247	77	0	13	3	16
660	325	0	242	83	0	11	6	17
661	317	0	250	67	0	7	2	9
662	316	0	253	63	0	13	4	17
663	321	0	249	72	0	15	5	20
664	316	0	251	65	0	8	3	11
665	321	0	247	74	0	9	5	14
666	320	0	250	70	0	15	5	20
667	321	0	251	70	0	17	2	19
668	315	0	253	62	0	10	2	12
669	315	0	253	62	0	14	5	19
670	322	0	249	73	0	15	3	18
671	314	0	253	61	0	10	4	14
672	317	0	251	66	0	13	3	16
673	319	0	250	69	0	9	3	12
674	323	0	251	72	0	16	1	17
675	316	0	254	62	0	15	2	17
676	321	0	251	70	0	14	2	16
677	319	0	250	69	0	15	5	20
678	310	0	257	53	0	11	1	12
679	319	0	249	70	0	10	4	14
680	325	0	248	77	0	16	2	18
681	317	0	249	68	0	10	6	16
682	330	0	244	86	0	16	1	17
683	316	0	247	69	0	6	6	12
684	315	0	252	63	0	12	6	18
685	318	0	249	69	0	9	4	13
686	324	0	243	81	0	9	6	15
687	318	0	251	67	0	16	5	21
688	319	0	250	69	0	14	5	19
689	321	0	249	72	0	11	2	13
690	321	0	247	74	0	11	3	14
691	323	0	247	76	0	14	3	17
692	319	0	252	67	0	19	3	22
693	324	0	247	77	0	14	2	16
694	321	0	250	71	0	15	2	17
695	320	0	252	68	0	18	2	20
696	322	0	251	71	0	18	2	20
697	317	0	251	66	0	16	5	21
698	326	0	247	79	0	15	1	16
699	318	0	254	64	0	17	3	20
700	323	0	249	74	0	16	2	18
701	317	0	254	63	0	15	2	17
702	325	0	244	81	0	11	5	16
703	317	0	250	67	0	9	3	12
704	319	0	253	66	0	15	1	16
705	316	0	250	66	0	15	7	22
706	321	0	247	74	0	5	2	7
707	324	0	247	77	0	12	3	15
708	323	0	248	75	0	19	5	24
709	318	0	251	67	0	10	1	11
710	318	0	253	65	0	18	2	20
711	316	0	253	63	0	14	2	16
712	318	0	248	70	0	11	6	17
713	318	0	249	69	0	5	4	9
714	318	0	249	69	0	18	6	24
715	319	0	250	69	0	12	3	15
716	316	0	253	63	0	15	3	18
717	317	0	248	69	0	10	7	17
718	312	0	253	59	0	16	7	23
719	322	0	249	73	0	17	5	22
720	318	0	249	69	0	5	1	6
721	320	0	248	72	0	8	4	12
722	318	0	249	69	0	10	6	16
723	326	0	250	76	0	18	2	20
724	322	0	245	77	0	11	6	17
725	321	0	252	69	0	21	3	24
726	318	0	250	68	0	12	5	17
727	323	0	246	77	0	9	1	10
728	321	0	251	70	0	16	3	19
729	316	0	252	64	0	12	4	16
730	319	0	251	68	0	13	2	15
731	320	0	248	72	0	10	4	14
732	318	0	250	68	0	11	5	16
733	319	0	253	66	0	15	3	18
734	322	0	252	70	0	24	3	27
735	316	0	252	64	0	15	4	19
736	320	0	251	69	0	15	2	17
737	321	0	249	72	0	13	2	15
738	320	0	250	70	0	15	4	19
739	317	0	253	64	0	17	3	20
740	319	0	250	69	0	11	1	12
741	319	0	249	70	0	12	7	19
742	320	0	249	71	0	15	4	19
743	319	0	252	67	0	11	1	12
744	314	0	251	63	0	9	4	13
745	314	0	252	62	0	10	4	14
746	313	0	254	59	0	12	4	16
747	322	0	246	76	0	11	8	19
748	316	0	254	62	0	18	2	20
749	323	0	247	76	0	16	4	20
750	317	0	254	63	0	12	3	15
751	322	0	248	74	0	16	5	21
752	320	0	249	71	0	13	4	17
753	319	0	250	69	0	13	4	17
754	320	0	249	71	0	13	4	17
755	322	0	247	75	0	11	3	14
756	318	0	248	70	0	8	7	15
757	316	0	248	68	0	11	8	19
758	317	0	253	64	0	19	4	23
759	320	0	249	71	0	14	4	18
760	324	0	247	77	0	13	3	16
761	318	0	251	67	0	10	1	11
762	319	0	248	71	0	12	6	18
763	320	0	250	70	0	7	1	8
764	316	0	252	64	0	7	1	8
765	315	0	253	62	0	13	4	17
766	322	0	246	76	0	9	4	13
767	322	0	249	73	0	13	3	16
768	314	0	254	60	0	13	3	16
769	321	0	251	70	0	21	4	25
770	325	0	245	80	0	14	4	18
771	317	0	251	66	0	14	5	19
772	318	0	249	69	0	11	4	15
773	315	0	251	64	0	14	7	21
774	320	0	249	71	0	12	3	15
775	310	0	254	56	0	12	6	18
776	321	0	251	70	0	8	0	8
777	317	0	249	68	0	15	7	22
778	319	0	251	68	0	16	2	18
779	318	0	252	66	0	16	2	18
780	320	0	249	71	0	11	3	14
781	326	0	244	82	0	11	3	14
782	318	0	251	67	0	9	2	11
783	315	0	253	62	0	15	5	20
784	319	0	249	70	0	15	5	20
785	315	0	249	66	0	7	6	13
786	323	0	249	74	0	17	3	20
787	319	0	250	69	0	12	2	14
788	321	0	250	71	0	15	1	16
789	320	0	246	74	0	9	5	14
790	320	0	247	73	0	9	5	14
791	322	0	248	74	0	16	5	21
792	317	0	249	68	0	7	4	11
793	318	0	250	68	0	13	4	17
794	317	0	252	65	0	15	3	18
795	319	0	246	73	0	3	5	8
796	316	0	250	66	0	7	2	9
797	322	0	246	76	0	9	5	14
798	316	0	253	63	0	10	1	11
799	320	0	252	68	0	15	0	15
800	321	0	245	76	0	12	8	20
801	318	0	249	69	0	14	7	21
802	330	0	244	86	0	17	4	21
803	320	0	248	72	0	11	3	14
804	318	0	249	69	0	10	5	15
805	318	0	247	71	0	8	7	15
806	328	0	242	86	0	10	3	13
807	324	0	248	76	0	18	2	20
808	323	0	248	75	0	14	3	17
809	322	0	246	76	0	12	5	17
810	322	0	249	73	0	15	2	17
811	315	0	251	64	0	8	3	11
812	316	0	252	64	0	13	2	15
813	324	0	244	80	0	10	7	17
814	326	0	246	80	0	18	3	21
815	323	0	248	75	0	19	6	25
816	319	0	250	69	0	11	3	14
817	314	0	255	59	0	13	2	15
818	325	0	245	80	0	9	2	11
819	323	0	245	78	0	12	7	19
820	320	0	247	73	0	9	5	14
821	321	0	251	70	0	18	3	21
822	319	0	248	71	0	7	3	10
823	315	0	251	64	0	12	6	18
824	317	0	251	66	0	14	5	19
825	315	0	251	64	0	13	5	18
826	319	0	249	70	0	12	4	16
827	324	0	246	78	0	14	2	16
828	317	0	252	65	0	14	2	16
829	319	0	249	70	0	10	3	13
830	318	0	251	67	0	12	4	16
831	315	0	252	63	0	11	4	15
832	325	0	244	81	0	11	4	15
833	320	0	249	71	0	11	4	15
834	317	0	250	67	0	10	5	15
835	324	0	247	77	0	6	2	8
836	320	0	247	73	0	10	4	14
837	312	0	257	55	0	13	1	14
838	324	0	248	76	0	15	4	19
839	318	0	250	68	0	9	3	12
840	320	0	249	71	0	7	1	8
841	314	0	252	62	0	10	5	15
842	325	0	246	79	0	15	3	18
843	315	0	250	65	0	13	7	20
844	316	0	253	63	0	14	3	17
845	320	0	249	71	0	10	3	13
846	319	0	250	69	0	10	3	13
847	323	0	246	77	0	15	5	20
848	322	0	248	74	0	12	2	14
849	319	0	249	70	0	8	3	11
850	318	0	252	66	0	14	3	17
851	324	0	248	76	0	11	0	11
852	319	0	250	69	0	10	3	13
853	320	0	249	71	0	9	1	10
854	327	0	246	81	0	19	5	24
855	324	0	248	76	0	15	4	19
856	320	0	251	69	0	16	6	22
857	320	0	249	71	0	15	5	20
858	328	0	245	83	0	11	3	14
859	312	0	253	59	0	11	5	16
860	318	0	251	67	0	14	8	22
861	317	0	253	64	0	19	5	24
862	320	0	249	71	0	17	4	21
863	317	0	253	64	0	17	3	20
864	314	0	256	58	0	13	3	16
865	316	0	255	61	0	14	4	18
866	323	0	247	76	0	11	2	13
867	318	0	250	68	0	7	1	8
868	320	0	247	73	0	4	1	5
869	320	0	250	70	0	11	1	12
870	317	0	249	68	0	11	4	15
871	317	0	255	62	0	18	1	19
872	317	0	251	66	0	7	3	10
873	319	0	249	70	0	13	6	19
874	319	0	248	71	0	13	6	19
875	317	0	254	63	0	14	1	15
876	317	0	256	61	0	17	1	18
877	317	0	253	64	0	14	1	15
878	320	0	250	70	0	12	1	13
879	319	0	250	69	0	14	5	19
880	313	0	258	55	0	16	2	18
881	321	0	249	72	0	15	3	18
882	326	0	245	81	0	13	4	17
883	321	0	249	72	0	9	1	10
884	317	0	253	64	0	17	4	21
885	323	0	248	75	0	10	3	13
886	316	0	254	62	0	17	4	21
887	314	0	255	59	0	11	2	13
888	315	0	253	62	0	12	4	16
889	317	0	253	64	0	9	0	9
890	319	0	252	67	0	12	1	13
891	323	0	249	74	0	23	5	28
892	321	0	249	72	0	14	2	16
893	323	0	246	77	0	10	6	16
894	322	0	247	75	0	14	7	21
895	325	0	245	80	0	8	1	9
896	318	0	249	69	0	12	4	16
897	320	0	253	67	0	22	1	23
898	319	0	250	69	0	10	4	14
899	322	0	250	72	0	21	5	26
900	317	0	251	66	0	11	3	14
901	319	0	248	71	0	12	5	17
902	320	0	252	68	0	15	1	16
903	319	0	250	69	0	11	2	13
904	323	0	247	76	0	14	4	18
905	320	0	251	69	0	18	4	22
906	321	0	249	72	0	17	4	21
907	319	0	250	69	0	13	4	17
908	320	0	252	68	0	15	3	18
909	322	0	245	77	0	10	5	15
910	311	0	256	55	0	10	1	11
911	315	0	251	64	0	13	6	19
912	319	0	247	72	0	5	2	7
913	313	0	254	59	0	13	4	17
914	322	0	249	73	0	16	3	19
915	318	0	250	68	0	9	3	12
916	316	0	254	62	0	11	1	12
917	323	0	245	78	0	7	2	9
918	329	0	244	85	0	16	4	20
919	319	0	246	73	0	11	7	18
920	316	0	247	69	0	9	9	18
921	315	0	253	62	0	13	3	16
922	319	0	248	71	0	10	4	14
923	321	0	248	73	0	9	3	12
924	323	0	248	75	0	14	3	17
925	317	0	253	64	0	12	3	15
926	316	0	247	69	0	5	6	11
927	318	0	248	70	0	11	5	16
928	325	0	243	82	0	10	5	15
929	319	0	250	69	0	12	3	15
930	316	0	253	63	0	18	4	22
931	317	0	251	66	0	13	3	16
932	316	0	252	64	0	13	3	16
933	321	0	249	72	0	16	2	18
934	314	0	253	61	0	9	2	11
935	322	0	248	74	0	12	3	15
936	326	0	244	82	0	7	3	10
937	320	0	248	72	0	15	4	19
938	313	0	252	61	0	7	6	13
939	320	0	250	70	0	10	2	12
940	312	0	255	57	0	14	5	19
941	318	0	248	70	0	7	5	12
942	328	0	244	84	0	17	3	20
943	324	0	245	79	0	12	5	17
944	315	0	252	63	0	14	7	21
945	321	0	249	72	0	15	2	17
946	320	0	251	69	0	13	1	14
947	327	0	246	81	0	13	1	14
948	322	0	245	77	0	8	4	12
949	315	0	251	64	0	13	6	19
950	319	0	249	70	0	11	4	15
951	320	0	247	73	0	9	9	18
952	328	0	244	84	0	14	4	18
953	320	0	248	72	0	12	4	16
954	317	0	250	67	0	7	4	11
955	323	0	248	75	0	12	2	14
956	322	0	248	74	0	19	5	24
957	319	0	247	72	0	7	5	12
958	323	0	248	75	0	18	4	22
959	319	0	252	67	0	17	1	18
960	318	0	248	70	0	10	5	15
961	317	0	251	66	0	12	4	16
962	316	0	254	62	0	15	2	17
963	319	0	251	68	0	11	3	14
964	318	0	252	66	0	16	4	20
965	323	0	248	75	0	13	4	17
966	320	0	246	74	0	8	7	15
967	320	0	249	71	0	10	2	12
968	319	0	248	71	0	11	6	17
969	318	0	252	66	0	11	1	12
970	323	0	243	80	0	7	5	12
971	321	0	249	72	0	15	5	20
972	319	0	248	71	0	10	3	13
973	316	0	252	64	0	11	3	14
974	316	0	249	67	0	7	4	11
975	324	0	245	79	0	10	6	16
976	320	0	250	70	0	9	0	9
977	320	0	250	70	0	13	2	15
978	326	0	245	81	0	11	1	12
979	317	0	250	67	0	11	3	14
980	320	0	249	71	0	12	2	14
981	324	0	244	80	0	14	6	20
982	319	0	249	70	0	16	5	21
983	320	0	248	72	0	9	3	12
984	314	0	255	59	0	10	1	11
985	321	0	250	71	0	19	3	22
986	325	0	248	77	0	13	3	16
987	324	0	247	77	0	13	2	15
988	324	0	248	76	0	15	0	15
989	320	0	249	71	0	7	2	9
990	319	0	249	70	0	12	4	16
991	319	0	251	68	0	14	2	16
992	318	0	253	65	0	18	1	19
993	322	0	249	73	0	16	2	18
994	322	0	251	71	0	15	2	17
995	324	0	248	76	0	15	3	18
996	324	0	247	77	0	13	2	15
997	322	0	248	74	0	13	4	17
998	317	0	249	68	0	5	4	9
999	320	0	251	69	0	17	6	23
1000	315	0	249	66	0	11	6	17
1001	322	0	248	74	0	11	3	14
