1	250.0488	252	4581.3169	4582.1061
2	250.7157	258	4798.2551	4799.2675
3	251.6317	257	4636.9336	4641.6172
4	250.2154	260	4720.1880	4720.0434
5	250.0281	256	4656.4093	4661.2108
6	250.3404	250	4598.9397	4601.8228
7	250.3200	255	4755.0145	4759.5641
8	250.0074	253	4715.6703	4720.0421
9	250.7156	256	4638.3786	4641.4615
10	250.7357	254	4480.3751	4483.1202
11	250.9655	255	4680.8868	4680.9462
12	250.4239	248	4660.4902	4661.3451
13	250.4239	249	4680.5101	4680.6103
14	250.2362	250	4597.8886	4602.0915
15	250.1116	256	4755.2645	4759.7062
16	250.8408	254	4755.3853	4760.0614
17	250.1115	251	4618.3217	4621.6382
18	250.6943	251	4577.5420	4582.3340
19	250.5492	260	4858.2960	4858.4359
20	250.6320	252	4620.2443	4621.5702
21	249.8410	252	4797.9570	4798.9348
22	251.5903	259	4797.0382	4799.3627
23	249.7989	251	4560.2412	4562.5863
24	250.8196	251	4717.7132	4720.3131
25	250.5280	253	4677.9918	4680.6888
26	250.7155	248	4658.7713	4661.3567
27	250.4862	256	4677.4182	4680.8486
28	250.7152	252	4601.4914	4601.9650
29	250.1326	252	4778.9446	4779.4103
30	250.3401	255	4499.4891	4503.0506
31	251.1527	255	4638.2796	4641.3634
32	250.1320	251	4599.7749	4601.7245
33	250.2365	250	4640.4487	4641.5999
34	250.6324	252	4717.2635	4720.5465
35	249.3823	252	4618.4666	4621.3928
36	250.5697	255	4698.5682	4700.7512
37	251.3820	256	4737.6662	4740.1551
38	250.8402	251	4559.3576	4562.0598
39	250.9445	255	4678.5345	4680.9094
40	250.4238	254	4637.2859	4641.1513
41	250.8615	255	4736.6372	4740.2766
42	250.0283	258	4737.5801	4740.0050
43	250.8614	251	4698.8706	4700.6275
44	249.5282	252	4602.9081	4601.9086
45	250.2988	254	4719.1478	4720.1980
46	250.1114	256	4636.9748	4640.9235
47	249.9448	250	4658.1010	4661.2114
48	250.8196	253	4681.1194	4680.9052
49	250.4027	248	4540.5733	4542.7178
50	250.1530	250	4620.9306	4621.6505
51	251.5487	253	4778.6937	4779.7208
52	250.8819	252	4618.7753	4621.6250
53	250.4238	254	4700.0325	4700.8476
54	250.4029	252	4636.9077	4641.3940
55	250.0285	257	4776.9551	4779.9024
56	250.4654	251	4640.2519	4641.2732
57	250.5699	254	4735.6451	4740.3887
58	250.5906	255	4778.3540	4779.5147
59	250.0695	251	4597.3831	4601.8539
60	250.8612	256	4717.6044	4720.4130
61	251.0696	250	4698.8335	4700.4998
62	251.3405	257	4757.3552	4759.8302
63	250.0492	254	4697.9555	4700.6285
64	250.5074	255	4738.3312	4740.1613
65	250.8613	253	4740.0091	4740.0919
66	250.0283	250	4698.5098	4700.7642
67	250.4031	252	4698.0084	4700.7987
68	250.4033	253	4697.1953	4700.8105
69	251.3402	258	4716.6512	4720.0433
70	249.3198	253	4597.9041	4601.9209
71	250.6113	251	4698.7909	4700.9366
72	251.3613	255	4738.3942	4740.0189
73	250.1741	253	4657.7186	4660.9423
74	250.0697	255	4639.7791	4641.2378
75	250.3405	248	4636.1964	4641.2754
76	250.3821	251	4599.7178	4601.6458
77	250.5071	257	4717.5119	4720.6722
78	250.2364	251	4716.7127	4720.1570
79	250.1118	256	4817.0949	4818.8258
80	250.6740	256	4777.5345	4779.7752
81	250.1115	252	4636.7001	4641.2078
82	250.0698	248	4661.9533	4660.7122
83	250.6112	252	4660.4864	4661.1768
84	250.7778	256	4679.3014	4680.8365
85	250.8196	252	4718.4660	4720.4645
86	250.2989	250	4657.3865	4661.0141
87	250.1944	248	4461.7141	4463.8715
88	250.3821	252	4618.6667	4621.6330
89	250.2573	254	4737.5842	4740.0457
90	250.5280	253	4678.8204	4680.9085
91	250.5908	257	4736.3327	4740.2247
92	250.7156	254	4734.8087	4740.4092
93	250.4033	252	4676.3141	4681.2416
94	250.5281	258	4739.3224	4739.9890
95	250.5694	257	4558.8604	4562.4381
96	250.0905	251	4598.4509	4601.3346
97	251.3613	262	4855.9754	4858.2143
98	250.2989	251	4679.3442	4680.5626
99	250.8613	256	4639.2267	4641.4173
100	250.1535	256	4795.7562	4799.9736
101	250.3614	251	4699.5304	4700.8985
102	250.5698	256	4775.9673	4779.8242
103	250.2364	253	4619.6781	4621.5878
104	249.2575	247	4557.1401	4562.4443
105	250.8198	255	4695.9728	4700.6398
106	250.5071	251	4638.7999	4641.0916
107	250.4033	252	4735.8714	4739.9587
108	250.0074	254	4718.6466	4720.2073
109	250.2364	252	4678.0759	4680.9595
110	250.1118	255	4797.5179	4799.1886
111	249.5287	250	4797.8273	4799.2083
112	250.1111	251	4460.2114	4463.2925
113	250.7985	249	4537.6891	4542.8106
114	250.8404	250	4659.8374	4661.1109
115	250.5073	252	4697.0318	4700.7368
116	250.3820	255	4600.8009	4601.8512
117	251.3614	258	4857.9128	4858.6691
118	249.2161	252	4698.2888	4700.2105
119	250.1737	252	4618.8827	4621.4271
120	250.1320	251	4597.8425	4601.9906
121	250.8404	250	4658.0473	4660.9185
122	250.6325	259	4755.4407	4760.2303
123	250.4240	255	4697.4074	4700.3639
124	250.6112	253	4656.6923	4661.4253
125	250.6735	252	4621.7959	4621.9586
126	250.2362	252	4619.0671	4621.6229
127	250.4236	252	4540.0190	4542.4966
128	250.6533	255	4855.7815	4858.4834
129	250.2366	254	4697.3250	4700.3813
130	250.0283	249	4677.5426	4680.4811
131	250.8613	254	4737.0235	4740.1997
132	251.1947	259	4797.5255	4799.4817
133	250.1947	252	4679.3104	4680.6294
134	250.0490	252	4695.9113	4700.6368
135	250.9448	253	4759.3132	4759.9247
136	251.5902	253	4717.2285	4720.2766
137	251.1109	256	4600.6621	4601.9837
138	250.7157	251	4757.4227	4759.4569
139	250.6528	251	4580.3951	4581.8831
140	250.3821	252	4618.9487	4621.8236
141	251.5067	250	4560.5641	4562.3134
142	250.5488	251	4679.4943	4680.5599
143	250.5697	253	4736.1759	4740.2359
144	250.2152	254	4578.1415	4582.3524
145	249.1118	256	4697.2739	4700.7282
146	251.4236	251	4715.4741	4720.6575
147	250.6745	256	4875.3813	4878.2499
148	250.0909	254	4754.8481	4759.6637
149	250.0697	252	4599.2696	4601.4137
150	250.6946	256	4678.2861	4681.0233
151	250.1740	256	4777.3194	4779.4050
152	250.7156	253	4659.9700	4661.1399
153	250.0907	252	4676.3692	4680.6215
154	250.3198	252	4716.9581	4720.2770
155	250.3617	255	4735.1925	4740.3524
156	250.1320	253	4580.3652	4581.8985
157	250.6945	252	4579.1506	4582.3862
158	250.1533	248	4695.9030	4700.3501
159	250.6322	254	4697.4353	4700.7766
160	251.4860	255	4678.4424	4680.6165
161	251.2362	250	4716.6251	4720.2964
162	250.3407	249	4697.7178	4700.4578
163	251.5896	252	4479.3014	4483.3396
164	250.7777	254	4579.7620	4582.1968
165	250.2365	248	4679.3556	4680.4453
166	250.0696	249	4559.3520	4562.0034
167	250.5905	253	4635.8654	4641.2800
168	250.7782	256	4837.8985	4838.7492
169	250.2368	254	4796.3442	4799.1289
170	250.6116	256	4816.6666	4818.9379
171	250.1739	252	4659.4993	4661.0690
172	251.0903	251	4678.3993	4680.4121
173	251.5900	254	4679.4213	4681.0498
174	250.6324	253	4739.2364	4740.1052
175	250.6324	253	4736.1000	4740.2492
176	250.1738	256	4657.8194	4661.2165
177	250.3819	261	4639.5104	4641.6746
178	250.1531	247	4618.4048	4621.4250
179	249.2992	255	4658.2030	4660.5549
180	250.5072	253	4657.1163	4661.0013
181	250.7781	254	4757.5570	4759.8807
182	250.3825	254	4756.4041	4759.6373
183	250.0072	254	4618.8976	4621.2468
184	250.2363	248	4618.4826	4621.4819
185	250.0075	250	4715.9900	4720.0693
186	250.1741	254	4677.1857	4681.2864
187	250.1739	253	4678.7653	4680.9535
188	250.1111	256	4596.7484	4602.1467
189	250.4447	254	4716.1797	4720.3766
190	250.7777	251	4599.9853	4601.3890
191	250.4240	253	4736.4863	4740.1254
192	250.6116	253	4775.5009	4779.0470
193	250.5697	252	4715.4182	4720.2608
194	250.4655	254	4736.3104	4740.2625
195	250.8818	257	4580.0863	4581.8023
196	251.1317	254	4598.7165	4601.7394
197	250.8608	250	4461.6962	4463.8369
198	250.1326	253	4796.2073	4799.3925
199	250.6739	253	4676.8921	4680.8757
200	250.5694	258	4639.4852	4640.9362
201	248.6329	250	4677.2403	4680.8084
202	250.8823	254	4758.1998	4759.4930
203	250.6529	257	4637.4871	4641.5647
204	250.6530	252	4638.2331	4641.8777
205	251.5900	253	4659.0356	4660.9415
206	250.2363	249	4581.0898	4581.6245
207	249.9867	254	4756.7641	4760.1197
208	250.4238	252	4658.4286	4660.8751
209	250.6737	251	4659.2250	4660.7377
210	251.4027	251	4699.0906	4700.2588
211	250.7361	254	4597.7356	4601.6712
212	250.0490	252	4619.3435	4621.5883
213	250.0488	253	4581.2384	4582.0117
214	249.7158	254	4679.2867	4680.4927
215	250.1737	252	4620.9745	4621.4973
216	250.4858	253	4540.7414	4542.9565
217	250.1739	253	4676.3468	4680.5439
218	250.3193	255	4597.6534	4601.5841
219	250.1116	255	4675.6995	4680.6630
220	250.8822	257	4735.6197	4739.9859
221	250.3821	252	4679.7690	4680.8400
222	250.2156	255	4678.6783	4680.9433
223	250.4240	253	4738.6640	4740.0220
224	251.2362	253	4696.7450	4700.5978
225	250.5072	253	4659.8092	4661.2580
226	250.0074	254	4737.3018	4740.3275
227	250.6115	250	4740.1795	4739.8884
228	250.6943	249	4599.0900	4602.0631
229	250.4028	253	4599.5559	4601.5361
230	250.3403	254	4657.8517	4661.2593
231	250.1324	252	4717.9512	4720.3281
232	251.5068	253	4676.0401	4680.7574
233	250.0070	255	4577.0399	4581.9366
234	250.1742	257	4777.6410	4779.6178
235	250.5696	249	4620.2321	4621.8726
236	250.7779	260	4719.4321	4720.4658
237	250.5286	256	4814.5531	4819.1336
238	250.3198	253	4718.5153	4720.6992
239	250.0905	250	4600.8450	4601.5517
240	250.0901	249	4482.2783	4483.0506
241	249.5280	253	4559.0999	4562.2914
242	250.9860	254	4601.4610	4601.6454
243	250.5696	249	4618.2160	4621.7663
244	250.4241	257	4796.2378	4798.8945
245	249.3202	254	4738.5454	4740.0785
246	250.3405	256	4675.8187	4680.8767
247	250.7571	255	4679.7680	4680.9228
248	250.5695	254	4638.9392	4641.0189
249	250.3824	248	4739.2970	4739.6895
250	250.6321	257	4676.3804	4680.5397
251	249.6118	255	4736.4689	4740.0533
252	250.3406	253	4697.7265	4700.8118
253	250.5278	252	4559.7080	4562.1013
254	250.6526	249	4556.4577	4562.3973
255	250.6949	259	4834.7794	4839.2521
256	250.7572	251	4698.1248	4700.3758
257	250.2569	252	4597.4117	4601.8293
258	250.7153	257	4679.1629	4680.8851
259	249.8407	254	4719.6251	4719.8684
260	250.5909	254	4816.3840	4819.4334
261	250.1114	255	4698.0616	4700.6299
262	250.1116	256	4699.2449	4700.4271
263	250.1533	255	4714.4559	4720.8715
264	251.6110	255	4639.5132	4641.0605
265	250.2784	258	4794.1908	4799.0760
266	250.4027	257	4597.1728	4601.8152
267	250.1116	253	4778.0095	4779.4845
268	250.2155	250	4560.2093	4562.2685
269	250.4242	253	4776.6182	4779.4765
270	250.0903	252	4522.6113	4522.5135
271	250.3406	252	4678.5747	4680.6320
272	250.6738	258	4618.9387	4621.6666
273	250.4238	252	4662.0348	4661.1002
274	250.6740	250	4757.1524	4759.4544
275	250.8820	249	4640.3989	4641.2104
276	250.8814	253	4482.6104	4482.8940
277	251.0694	248	4619.6756	4621.5087
278	250.6110	252	4599.7032	4601.5340
279	250.4448	253	4696.6855	4700.4085
280	250.1530	251	4639.1952	4641.2715
281	250.7154	252	4717.9505	4720.1805
282	249.6740	249	4618.2150	4621.5104
283	250.4865	252	4739.9191	4739.8473
284	250.5699	252	4776.8673	4779.3998
285	250.6322	254	4696.7505	4700.4089
286	250.2365	250	4636.9823	4641.0845
287	250.0282	252	4716.7970	4720.3935
288	250.8404	251	4677.1443	4681.1995
289	250.2365	256	4656.7372	4661.2644
290	250.5697	253	4738.5891	4740.1067
291	250.1323	250	4638.3268	4641.2344
292	251.1112	253	4740.6690	4740.1965
293	250.2991	252	4758.3482	4760.0173
294	251.6528	251	4701.3401	4700.3628
295	250.4445	247	4561.0747	4562.0389
296	250.1742	250	4739.6982	4739.7107
297	250.5490	253	4700.1735	4700.3147
298	251.2150	251	4599.9918	4602.1350
299	250.2780	256	4661.2924	4661.0256
300	250.5067	257	4562.5493	4562.1314
301	250.6526	256	4599.3526	4601.7082
302	249.6116	256	4696.1320	4700.5762
303	251.1944	253	4658.9548	4660.8970
304	250.5074	256	4754.2343	4759.6050
305	250.5487	256	4641.4376	4641.0665
306	250.1533	256	4757.8340	4759.6063
307	251.5694	258	4698.3738	4700.4249
308	250.4236	252	4618.0908	4621.7180
309	250.1739	254	4637.3244	4641.4031
310	250.4654	250	4637.9311	4641.1367
311	250.2155	251	4640.7061	4641.4004
312	250.3616	257	4775.7518	4779.0714
313	250.2572	259	4676.7079	4680.6668
314	250.7366	252	4796.3326	4799.4048
315	250.7363	256	4677.9056	4680.6709
316	250.3198	252	4719.2083	4720.4793
317	250.1947	250	4660.2110	4661.0215
318	250.3196	247	4580.2295	4582.1672
319	250.5491	254	4777.3128	4779.5240
320	250.3198	254	4679.7486	4680.7897
321	250.1529	254	4597.6922	4601.7443
322	250.6324	252	4719.9419	4720.7727
323	250.2569	253	4599.8923	4601.8192
324	250.5906	254	4778.5591	4779.5604
325	251.4444	251	4696.6286	4700.5583
326	250.8200	255	4816.6759	4819.3283
327	250.5488	253	4582.1104	4582.0626
328	250.6530	251	4699.6512	4700.8270
329	250.2573	256	4680.5709	4680.9764
330	250.4032	257	4699.2221	4700.4733
331	250.0908	250	4698.4883	4700.5362
332	250.1324	253	4676.9336	4680.7780
333	250.2575	255	4796.3228	4799.3403
334	250.4657	255	4756.5735	4759.4720
335	250.4865	254	4639.9218	4641.4913
336	250.4028	255	4640.9393	4641.1979
337	250.3611	252	4598.5721	4601.3843
338	250.2989	250	4716.0168	4720.1245
339	250.6532	250	4720.6280	4720.5182
340	250.0281	249	4616.8929	4621.3481
341	250.5282	255	4698.2640	4700.2282
342	249.2365	247	4600.5047	4601.6348
343	250.7365	255	4778.9939	4779.6037
344	249.3823	251	4596.7915	4601.5857
345	250.3407	249	4699.7946	4700.7349
346	250.2156	254	4679.2584	4681.0670
347	250.2573	246	4680.6092	4680.9426
348	249.6738	249	4500.4171	4503.0129
349	250.8196	254	4700.2795	4700.6896
350	250.7363	255	4736.6599	4740.2672
351	250.7777	251	4600.3047	4601.2836
352	249.9029	249	4541.8509	4542.4043
353	250.5280	253	4679.5537	4680.9404
354	251.0489	256	4756.6668	4759.5186
355	250.4862	255	4656.3301	4660.9455
356	250.5489	254	4717.9551	4720.5635
357	250.4240	255	4699.1275	4700.6760
358	251.2361	254	4716.9877	4720.0680
359	250.6737	254	4639.1289	4641.3092
360	251.3610	251	4697.3596	4700.6290
361	250.4028	253	4597.4726	4602.0054
362	250.6737	254	4696.7096	4700.5138
363	251.0699	256	4758.8502	4759.9328
364	250.8613	253	4716.2158	4720.3962
365	250.6324	253	4738.3903	4739.7632
366	250.5696	257	4676.5707	4680.8640
367	250.6942	254	4558.8800	4562.4491
368	250.0909	254	4756.6244	4759.9575
369	250.5902	256	4617.8509	4621.5833
370	250.2994	257	4874.5172	4878.1611
371	250.0281	250	4637.8702	4641.3434
372	250.6949	252	4734.6781	4739.9389
373	250.7152	255	4639.5469	4641.5592
374	250.6526	250	4561.8375	4562.0205
375	250.8613	254	4677.9880	4680.6041
376	250.3407	257	4757.3873	4759.8286
377	250.0074	248	4639.5383	4641.5130
378	250.7988	255	4735.4277	4740.0994
379	251.0697	254	4677.5325	4680.6864
380	250.7987	252	4698.2827	4700.5997
381	251.1112	255	4697.2078	4700.7642
382	250.6321	254	4717.5892	4720.3399
383	250.5907	252	4735.2985	4740.2427
384	250.4865	251	4717.7392	4720.1809
385	250.4448	251	4716.0635	4720.3103
386	250.5073	251	4677.2635	4680.7525
387	250.6948	256	4680.0036	4680.7087
388	250.0282	254	4697.9240	4700.5295
389	250.1741	254	4737.8501	4740.0666
390	250.2160	255	4794.9555	4799.0570
391	250.5696	256	4659.3152	4661.5544
392	250.4450	252	4794.5021	4798.8437
393	250.8608	256	4540.2885	4542.8359
394	250.1739	254	4699.0787	4700.9181
395	249.6324	251	4658.7992	4661.1373
396	250.7991	251	4795.1786	4799.0886
397	250.2989	250	4658.7135	4661.0512
398	250.7157	251	4759.5087	4759.8997
399	249.3617	254	4659.4335	4660.9830
400	250.5487	253	4656.7187	4661.4541
401	250.7988	255	4680.6401	4680.7757
402	251.2151	257	4679.9987	4680.6244
403	251.0485	253	4658.5716	4660.7139
404	250.8820	255	4717.7712	4720.2819
405	250.8821	252	4676.3272	4681.1043
406	250.5488	251	4619.0034	4621.9379
407	250.2991	253	4758.9342	4760.0574
408	250.2571	252	4658.0996	4660.9789
409	249.9034	249	4698.2176	4700.5814
410	250.7363	257	4698.2384	4700.5408
411	250.7569	247	4580.8736	4582.0664
412	250.0698	251	4639.3620	4641.2445
413	250.0697	252	4657.4611	4661.3379
414	250.8824	257	4795.9622	4799.2037
415	250.6111	257	4658.4489	4661.0549
416	250.1739	252	4661.1703	4661.3433
417	250.8406	250	4774.7015	4779.5882
418	250.3612	248	4599.6829	4602.0287
419	249.6530	252	4578.5902	4582.0255
420	250.3613	244	4599.7368	4601.7590
421	250.7157	260	4756.5618	4759.7195
422	250.7986	256	4580.1833	4581.8429
423	250.1949	252	4736.6167	4739.9491
424	250.4446	251	4618.6657	4621.6047
425	251.5686	253	4482.3724	4483.2059
426	250.0909	251	4776.8673	4779.4729
427	250.4031	252	4699.2905	4700.9681
428	250.0490	250	4658.7560	4661.1205
429	250.3618	251	4797.0668	4799.5353
430	250.4864	258	4758.7412	4759.9488
431	250.4236	254	4577.4170	4581.7732
432	250.3196	253	4599.3479	4601.3299
433	251.3818	257	4695.6076	4700.5580
434	250.8198	255	4756.7972	4759.5174
435	251.4444	252	4695.4070	4700.4721
436	249.7155	250	4558.5718	4562.1353
437	250.2780	255	4659.8915	4661.2704
438	250.4658	251	4757.7820	4759.5150
439	250.7154	253	4680.0152	4680.6534
440	250.7154	253	4678.6465	4680.8319
441	251.4234	259	4658.6329	4661.1136
442	251.0904	254	4775.4425	4779.5745
443	250.0906	256	4679.0285	4680.8967
444	250.5902	247	4557.7444	4562.0320
445	250.1114	255	4698.7518	4700.2818
446	249.7572	249	4599.5020	4601.7244
447	251.5694	257	4739.3211	4739.9974
448	249.3620	252	4737.6336	4739.6111
449	250.6948	255	4775.8603	4779.3454
450	250.0285	251	4756.0696	4759.5987
451	250.2988	248	4638.8809	4641.0856
452	250.6325	260	4757.4038	4759.2547
453	250.6112	253	4658.5781	4660.9120
454	250.2156	254	4676.6970	4680.6436
455	250.7989	251	4739.2635	4740.1633
456	250.2570	251	4577.8842	4581.9831
457	249.6322	254	4641.6675	4641.3807
458	250.0907	251	4720.3456	4720.1936
459	250.0906	254	4716.5775	4720.3440
460	250.4450	252	4735.4262	4739.9902
461	250.6530	252	4699.3238	4700.3792
462	250.9029	250	4675.6749	4681.0311
463	250.7989	258	4775.3578	4780.1236
464	250.4240	254	4677.6346	4680.6301
465	250.7366	252	4799.5193	4799.4248
466	250.7573	256	4698.8563	4700.4547
467	250.1741	253	4739.9672	4740.1441
468	250.8615	255	4738.6552	4739.8470
469	250.7781	253	4737.6083	4740.4147
470	250.8614	258	4796.0287	4799.1574
471	250.7989	251	4734.0942	4739.7451
472	250.0279	256	4597.7198	4601.7104
473	250.7987	258	4716.4347	4720.1101
474	250.7567	254	4559.2439	4562.2152
475	250.6531	253	4776.3181	4779.9133
476	250.3198	253	4737.2472	4739.8581
477	250.3822	255	4658.2750	4660.9667
478	251.6322	253	4738.3671	4740.0768
479	250.6115	260	4815.9569	4819.2165
480	250.0908	248	4737.2870	4740.0467
481	250.3822	255	4717.1594	4720.6116
482	250.1114	247	4639.1514	4641.3495
483	250.4655	255	4699.8004	4700.3658
484	250.0489	248	4640.7428	4641.3112
485	250.7783	253	4853.6765	4858.1771
486	250.6946	247	4620.6043	4621.5231
487	250.4866	249	4759.7166	4759.8221
488	250.6111	257	4598.1931	4601.8110
489	250.0697	252	4659.2032	4661.1099
490	250.5904	257	4641.0094	4641.2129
491	250.0909	254	4759.1178	4759.6184
492	250.6944	254	4616.8476	4621.7252
493	250.8198	252	4775.3070	4779.2543
494	250.2366	251	4719.7057	4720.1464
495	250.8407	255	4774.2588	4779.9801
496	250.6115	252	4697.6619	4700.6544
497	251.1529	253	4714.1424	4720.4213
498	250.4862	255	4679.8801	4680.8118
499	250.8403	255	4678.0077	4680.7821
500	250.4647	252	4441.9300	4443.9728
501	250.8617	255	4852.8175	4858.9851
502	250.3404	253	4637.3292	4641.4145
503	250.6322	253	4699.4210	4700.5691
504	250.9236	252	4617.6471	4621.1643
505	250.2365	258	4701.8428	4700.6967
506	250.3617	255	4797.1461	4799.3211
507	250.6321	249	4638.4230	4641.2464
508	250.0906	257	4696.8462	4700.4445
509	250.4861	259	4656.5969	4660.8553
510	250.3195	247	4598.7484	4601.8979
511	250.6944	255	4617.5237	4621.6793
512	250.8818	254	4660.3292	4661.2177
513	249.6117	252	4639.2467	4640.8643
514	251.2568	248	4599.9476	4601.3601
515	250.1734	249	4501.5183	4502.5890
516	250.2153	256	4658.9218	4660.6993
517	250.7154	254	4617.3399	4621.8455
518	250.0489	255	4679.8094	4681.0502
519	250.1530	251	4639.2559	4641.5212
520	250.2990	254	4775.1195	4779.9688
521	251.0278	254	4696.7585	4700.4656
522	250.5489	254	4657.0224	4660.9280
523	250.3822	259	4639.9792	4641.2860
524	250.0907	252	4677.4816	4680.6957
525	250.3615	254	4738.6081	4740.1040
526	250.7988	254	4717.9945	4719.7139
527	250.6533	254	4776.2118	4779.6468
528	250.4657	254	4737.4276	4740.2316
529	250.5700	252	4698.6238	4700.3939
530	250.3821	253	4637.7868	4640.9027
531	250.5695	255	4577.1187	4582.2021
532	250.2992	255	4779.4005	4779.2440
533	250.4445	254	4656.8304	4661.2796
534	250.1949	253	4758.3496	4759.6027
535	250.7361	254	4657.1827	4661.1238
536	250.4240	254	4677.9885	4680.7917
537	250.4237	256	4660.7536	4661.0523
538	250.2155	250	4558.8895	4562.1584
539	250.6324	253	4737.6454	4740.2687
540	250.4448	252	4677.8681	4680.5666
541	250.4657	253	4777.1783	4779.5458
542	250.3197	248	4660.0976	4661.1938
543	250.3612	250	4560.1337	4562.1629
544	250.2158	256	4698.5697	4700.0963
545	250.8401	256	4638.1206	4641.5947
546	250.6113	248	4659.1618	4661.1742
547	250.2571	254	4616.7492	4621.4140
548	250.5903	251	4618.8039	4621.2335
549	250.5074	253	4777.6838	4779.4291
550	251.2152	251	4659.2302	4660.9610
551	250.4447	249	4698.5516	4700.6376
552	250.9866	258	4815.7008	4818.9161
553	249.4662	252	4814.7565	4819.3761
554	249.8202	253	4774.8459	4779.5243
555	250.6108	252	4539.4597	4542.6148
556	250.9861	251	4621.6514	4621.7556
557	249.5909	254	4698.9704	4700.8224
558	250.2777	253	4519.0775	4522.7362
559	250.0702	260	4817.3254	4819.2511
560	249.4239	249	4501.8587	4503.0653
561	247.6751	255	4778.5877	4779.5238
562	250.2157	251	4697.8277	4700.4185
563	250.3821	253	4619.0766	4621.3449
564	250.0493	256	4795.9765	4799.2751
565	250.0490	251	4679.3457	4680.7519
566	250.1113	251	4577.9629	4582.0228
567	250.4657	253	4717.9323	4720.9053
568	250.1951	252	4796.5707	4799.3355
569	250.1740	256	4720.0821	4720.3892
570	250.0075	252	4679.2586	4680.9350
571	250.7570	259	4698.6475	4700.5908
572	251.6528	258	4739.7302	4740.1606
573	250.2988	255	4680.0962	4680.9580
574	250.5071	250	4618.4971	4621.5448
575	250.1531	253	4715.5062	4720.0450
576	250.2989	251	4678.9478	4681.0361
577	251.0486	252	4579.6724	4582.5645
578	250.7574	249	4777.5882	4779.4734
579	250.5487	253	4661.1296	4660.7409
580	250.8402	251	4619.4323	4621.6918
581	249.7571	253	4599.7335	4601.9043
582	250.8823	251	4777.0007	4779.5065
583	250.8404	251	4679.5573	4680.8506
584	250.3824	256	4719.0146	4719.6637
585	250.4242	255	4815.1688	4819.0297
586	249.3408	252	4618.4261	4621.6634
587	251.1112	255	4696.3742	4700.4787
588	250.7782	259	4816.4466	4819.2973
589	250.5490	261	4698.4777	4700.5255
590	250.1740	250	4697.7098	4700.4247
591	250.2154	255	4640.6391	4641.2630
592	250.3821	254	4698.5113	4700.5406
593	249.3825	254	4641.2553	4641.2675
594	250.9444	249	4658.1173	4660.7976
595	250.8405	257	4697.2500	4700.6030
596	250.1949	252	4678.4526	4680.7928
597	250.1950	255	4777.7992	4779.3872
598	250.5693	252	4560.5525	4562.1197
599	250.7984	261	4600.1163	4601.8430
600	250.0907	252	4677.1828	4681.0016
601	250.4031	252	4697.8602	4700.5985
602	250.8399	253	4540.1600	4542.3175
603	249.3619	248	4698.5464	4700.6117
604	250.7987	252	4640.6714	4641.1980
605	250.7779	252	4675.9946	4680.5717
606	250.7779	251	4718.0960	4720.2449
607	250.0700	250	4739.4804	4739.7228
608	250.8611	253	4678.4415	4681.1928
609	250.4867	252	4775.5363	4779.2798
610	250.6528	250	4620.0919	4621.7318
611	250.7780	256	4739.1730	4739.8953
612	250.6534	253	4754.3142	4759.7913
613	250.6741	254	4816.7737	4819.1137
614	250.5905	253	4695.6844	4700.3939
615	250.6111	256	4658.1807	4660.9948
616	250.5283	257	4777.0204	4779.6294
617	250.5695	251	4659.7620	4661.0105
618	250.5491	256	4798.2418	4799.3081
619	250.4655	252	4716.1579	4720.2380
620	250.8198	252	4776.2324	4779.3537
621	250.0700	257	4776.3654	4779.6085
622	250.0284	252	4778.7469	4779.4435
623	250.4447	256	4738.4704	4740.4095
624	250.1953	254	4873.9676	4878.5665
625	250.6526	256	4599.2679	4601.9659
626	250.2364	254	4500.1511	4503.0931
627	250.4243	257	4833.2096	4838.8975
628	250.6950	257	4816.1041	4819.2220
629	250.4030	255	4678.8332	4680.4442
630	250.8402	252	4580.8654	4582.1093
631	250.2158	253	4776.0386	4779.6426
632	250.3198	255	4699.3520	4700.8829
633	250.5698	256	4779.0134	4779.6626
634	250.6112	255	4638.8125	4641.5061
635	250.6321	256	4677.8999	4680.7501
636	250.6946	255	4737.8948	4739.7017
637	251.1531	254	4774.9018	4779.7691
638	250.6318	258	4658.3182	4660.9438
639	251.5278	253	4761.0010	4759.5525
640	250.8197	257	4660.2077	4661.1352
641	250.0283	257	4717.5531	4720.1047
642	251.3817	252	4639.9786	4641.2383
643	250.0908	255	4716.4779	4719.8804
644	250.6530	257	4777.9874	4780.0119
645	250.8613	254	4735.4309	4740.0853
646	250.1324	252	4659.9534	4661.1582
647	250.4866	256	4777.9953	4779.3095
648	250.6116	255	4800.0301	4799.0872
649	250.6116	254	4717.5281	4720.2041
650	249.3823	253	4616.7796	4621.8208
651	250.3822	255	4714.8553	4720.2331
652	249.4450	253	4618.3390	4621.2486
653	250.2986	253	4600.7117	4601.5694
654	250.6114	254	4735.0883	4739.8104
655	251.5696	256	4778.4012	4779.6081
656	250.8197	249	4678.5860	4680.6336
657	250.2572	250	4677.5690	4680.6082
658	251.3610	259	4699.0080	4700.3577
659	250.6528	250	4618.4878	4621.6489
660	250.4447	248	4561.6575	4562.0928
661	250.1951	252	4796.6165	4799.4711
662	251.1738	257	4741.0269	4739.9723
663	251.2569	254	4619.5669	4621.8593
664	250.3200	254	4796.7925	4798.8615
665	250.7572	252	4699.4289	4700.5373
666	250.8611	255	4641.6908	4641.1624
667	250.3611	253	4619.5537	4621.8446
668	250.1533	255	4795.8205	4799.3625
669	250.5488	258	4717.5123	4720.1430
670	250.5278	252	4619.6401	4621.7719
671	250.3824	257	4796.0388	4799.0789
672	250.1324	254	4696.3345	4700.2855
673	250.8406	253	4756.2870	4759.3632
674	251.1318	252	4639.3363	4641.2163
675	250.7155	256	4716.0684	4720.2716
676	250.8611	253	4679.4634	4680.8934
677	250.7154	255	4638.2744	4641.3138
678	250.0702	258	4853.9918	4858.0714
679	250.6114	253	4717.2378	4720.4261
680	250.8610	250	4579.9438	4582.4406
681	250.6948	255	4717.6819	4720.2505
682	250.4026	245	4501.2852	4503.2499
683	250.2161	253	4757.6316	4759.6922
684	251.3197	258	4737.5816	4740.0523
685	250.1324	253	4738.3715	4740.3193
686	250.8822	249	4618.0886	4621.1685
687	250.6529	256	4637.3423	4641.5649
688	250.8820	255	4658.4231	4661.0749
689	250.3614	251	4697.0661	4700.5665
690	250.0490	250	4657.5294	4661.0170
691	250.3404	250	4601.4138	4602.0510
692	250.1736	255	4600.7180	4601.5133
693	250.2987	249	4598.7039	4601.6405
694	250.4446	252	4638.1695	4641.0678
695	250.7986	254	4620.8094	4621.5333
696	250.8401	253	4599.5073	4601.6910
697	250.0072	256	4637.3503	4641.2810
698	250.7361	248	4580.6672	4582.2782
699	250.8610	257	4676.3148	4681.0852
700	250.3194	251	4600.5465	4601.8722
701	250.8612	256	4717.4162	4720.5583
702	250.7570	249	4600.3862	4601.6294
703	250.0492	253	4756.5851	4759.8730
704	250.7154	254	4696.1268	4700.4566
705	250.1531	257	4638.6437	4640.8405
706	250.8616	249	4778.3665	4779.6191
707	250.8195	250	4637.8009	4641.2814
708	250.1318	253	4521.1259	4522.8505
709	250.4033	252	4758.1855	4759.8580
710	250.2571	255	4637.1557	4641.1623
711	250.1323	255	4719.5762	4720.0389
712	250.4240	254	4678.3631	4681.0917
713	251.2991	253	4817.8101	4819.2213
714	250.0072	255	4560.8846	4562.0749
715	250.3406	253	4698.5309	4700.7452
716	250.1531	256	4696.7979	4700.5603
717	250.1324	255	4701.0123	4700.2340
718	250.1532	260	4678.2103	4680.8315
719	250.5693	254	4581.2211	4582.3365
720	250.2369	250	4815.2149	4818.6241
721	250.8406	252	4737.0034	4739.8079
722	251.3405	255	4718.4388	4720.1225
723	251.6731	252	4579.1916	4582.2927
724	250.2572	251	4619.1877	4620.9232
725	250.6317	255	4558.8688	4561.8457
726	250.5697	255	4698.7059	4699.9016
727	250.0491	247	4677.7934	4680.6489
728	250.7152	254	4639.7660	4641.3350
729	250.5906	256	4739.7212	4740.2457
730	250.2364	253	4698.5600	4700.5218
731	250.0073	252	4697.3682	4700.8192
732	250.7363	255	4718.2297	4720.6403
733	251.5902	256	4696.8895	4700.6928
734	250.2774	255	4504.1032	4503.0036
735	250.0906	256	4677.9772	4680.7447
736	250.5487	253	4659.0103	4661.3885
737	250.5280	251	4659.0161	4660.8457
738	250.1737	254	4636.8167	4641.1397
739	250.4654	256	4658.8694	4661.3377
740	250.1324	251	4719.8721	4720.2961
741	250.8403	256	4677.5875	4680.6459
742	250.4238	253	4616.8817	4621.6282
743	251.1322	253	4759.8804	4760.0552
744	250.0493	255	4777.4802	4779.5483
745	250.1325	256	4778.5324	4779.9251
746	250.6532	258	4776.6600	4779.7947
747	250.8819	254	4638.2582	4641.0108
748	250.2155	256	4657.2046	4661.1756
749	250.1945	251	4560.1106	4562.6043
750	251.5486	257	4779.5148	4779.5754
751	250.4861	253	4579.9864	4582.0756
752	250.7571	253	4658.6480	4661.2976
753	250.8613	254	4676.4085	4680.8753
754	250.2571	253	4661.5333	4661.1175
755	250.1947	250	4657.6821	4661.0339
756	250.6114	255	4739.1663	4740.3039
757	250.0074	256	4678.2812	4680.7802
758	250.8195	257	4617.6579	4621.4071
759	250.0905	253	4638.6799	4641.3810
760	250.6528	250	4618.2355	4621.4798
761	250.4033	252	4756.9144	4760.2960
762	250.4030	254	4659.5723	4660.8929
763	250.9448	251	4800.2161	4798.8711
764	250.3617	253	4834.5959	4838.8615
765	250.5281	257	4735.0905	4740.1778
766	250.4656	250	4678.2696	4681.0966
767	250.8611	252	4658.9873	4661.0900
768	250.4449	257	4758.3093	4759.6758
769	249.8403	254	4541.1335	4542.2277
770	250.8195	249	4562.1612	4562.5359
771	249.5074	255	4679.6821	4680.9275
772	250.2991	253	4697.9180	4700.6539
773	250.4239	258	4678.5644	4681.0418
774	250.2364	252	4680.9893	4680.8689
775	250.0909	260	4777.4351	4779.8433
776	251.4863	251	4797.9257	4799.1456
777	250.0489	256	4619.0656	4621.6237
778	250.2364	253	4639.3688	4640.9646
779	250.3405	254	4657.8662	4661.1404
780	250.4031	252	4698.1091	4700.8829
781	250.5279	247	4597.5764	4601.7525
782	250.7573	253	4778.7817	4779.5615
783	250.3822	258	4697.8080	4700.6037
784	250.4655	254	4619.8886	4621.7913
785	250.4034	255	4777.8415	4780.0889
786	250.8402	252	4579.4521	4582.2447
787	250.1532	252	4697.0221	4700.5442
788	250.2572	251	4640.4740	4641.5998
789	250.3616	251	4677.2384	4680.3792
790	250.6115	252	4698.6097	4700.6330
791	250.4861	253	4579.8219	4581.7145
792	250.3200	253	4777.3796	4779.8428
793	250.2156	254	4678.7842	4680.7510
794	250.5489	255	4679.2213	4680.6824
795	250.2159	251	4795.2307	4799.6223
796	250.0494	252	4795.6290	4799.0269
797	250.6530	251	4680.3534	4680.6149
798	250.6116	254	4795.8901	4798.9260
799	250.4238	252	4677.3718	4680.5950
800	249.5907	252	4598.8688	4601.9228
801	250.3613	256	4640.8801	4641.1687
802	250.7981	248	4481.6515	4482.8095
803	250.1532	251	4678.7882	4680.5619
804	250.1531	254	4716.3525	4720.5566
805	250.3615	254	4718.1543	4720.5138
806	250.4863	245	4581.7515	4582.2415
807	250.3819	250	4541.2098	4542.5146
808	250.5903	251	4620.7788	4621.4841
809	250.1530	251	4621.4420	4621.6144
810	250.3404	251	4618.7789	4621.7313
811	250.1743	254	4797.9260	4799.4008
812	250.0491	254	4717.6222	4720.4974
813	250.6528	251	4618.2136	4621.4203
814	250.3610	249	4499.7639	4503.1614
815	250.3192	254	4520.1965	4522.9394
816	250.5072	253	4717.5319	4720.1648
817	250.5073	257	4775.6453	4779.2143
818	250.2780	247	4657.2234	4660.7824
819	250.4236	252	4599.4813	4601.6699
820	250.6115	252	4697.5503	4700.2259
821	250.8818	254	4599.8846	4601.9897
822	250.1742	251	4756.0501	4759.7149
823	250.5698	257	4718.1014	4720.6538
824	250.3405	256	4679.2476	4680.4529
825	250.2158	256	4697.4517	4700.4222
826	250.2781	253	4676.6788	4680.3521
827	250.0489	248	4579.0672	4581.8536
828	250.0282	254	4695.3224	4700.4294
829	250.4240	252	4716.4065	4719.9392
830	249.9032	254	4721.3720	4720.4568
831	250.1116	256	4759.6985	4760.0553
832	250.0696	248	4598.8631	4601.2733
833	250.5905	253	4697.1606	4700.9125
834	250.7573	255	4737.9018	4740.1372
835	251.6321	249	4755.7391	4759.7438
836	250.2574	251	4675.4526	4680.9450
837	250.5283	258	4816.7299	4818.8079
838	250.7567	252	4600.1509	4601.6407
839	250.1949	253	4756.5209	4759.8026
840	250.6949	250	4775.5549	4779.3680
841	250.3199	257	4775.8202	4779.7093
842	250.2153	249	4558.9994	4562.3111
843	250.3407	257	4677.4873	4681.2010
844	250.3197	256	4716.8734	4720.1345
845	250.5697	252	4717.7779	4720.2671
846	250.6739	253	4737.2926	4739.9772
847	250.2987	251	4559.8201	4562.3469
848	250.5905	250	4655.5697	4660.9718
849	250.7574	252	4757.7334	4760.1211
850	250.3613	255	4697.5966	4700.7213
851	250.6738	248	4678.0869	4681.1463
852	251.1739	253	4737.9387	4739.8371
853	250.3616	250	4736.3988	4740.2510
854	250.7148	251	4478.5438	4483.3356
855	251.2567	252	4597.3794	4601.7471
856	251.1317	257	4638.1975	4641.3026
857	250.1112	254	4618.3647	4621.6349
858	251.5692	248	4621.5335	4621.5619
859	250.1117	258	4778.7424	4779.9145
860	251.5484	259	4678.6001	4680.8086
861	250.5069	258	4619.8912	4621.3007
862	250.0905	253	4580.5519	4581.7840
863	250.4654	256	4659.1398	4660.9812
864	251.4446	259	4796.0590	4799.2784
865	251.5069	259	4758.6729	4760.0507
866	250.6530	249	4658.7976	4661.0875
867	250.1534	251	4795.3247	4798.9803
868	250.1952	248	4797.1299	4799.2010
869	250.2781	251	4716.6088	4720.5719
870	250.1534	253	4698.8818	4700.6043
871	250.4237	256	4676.6966	4680.9364
872	250.6324	254	4817.5580	4819.2597
873	250.4862	255	4658.7612	4661.2549
874	250.2364	254	4638.4797	4641.0287
875	250.8405	255	4738.4709	4740.1819
876	251.3402	257	4717.1967	4720.7213
877	250.0906	254	4717.8220	4720.0022
878	250.1115	251	4699.2502	4700.1959
879	250.3820	255	4660.0835	4661.3105
880	251.1112	260	4774.4057	4779.6699
881	250.3821	252	4618.6308	4621.4029
882	250.6319	249	4577.7801	4582.0679
883	250.5073	250	4736.0721	4739.9344
884	250.6528	257	4657.7414	4661.1988
885	251.2570	251	4698.2917	4700.7941
886	250.7570	258	4680.6499	4680.3544
887	250.8407	257	4815.4170	4819.2244
888	249.9659	256	4756.6726	4759.7193
889	250.7366	253	4816.8031	4819.2646
890	250.9655	253	4738.9148	4740.3062
891	250.7150	254	4458.0375	4463.5950
892	250.3614	251	4637.9406	4641.5744
893	250.8194	252	4657.8526	4660.8190
894	250.4443	254	4601.9885	4601.6266
895	250.2573	246	4678.0664	4680.5550
896	249.4035	252	4677.3342	4680.9138
897	250.1944	254	4557.7616	4562.3442
898	250.8613	254	4735.3848	4739.6364
899	250.6525	255	4519.5952	4522.9023
900	250.4657	254	4737.9037	4739.8974
901	250.2156	253	4657.0924	4660.9861
902	250.6112	253	4681.8840	4680.8835
903	250.3198	252	4715.9421	4720.6411
904	250.5278	251	4598.3382	4601.6687
905	250.4235	255	4600.6403	4601.7294
906	250.2362	253	4581.2479	4582.2207
907	250.3613	254	4677.5415	4680.7939
908	251.4860	255	4676.3895	4680.7214
909	250.2365	250	4639.8944	4641.1601
910	250.1327	257	4854.8023	4858.7023
911	249.6743	256	4697.1568	4700.3407
912	250.0702	249	4775.7798	4779.4501
913	250.4866	258	4754.6114	4759.8356
914	250.3611	252	4598.0023	4602.1199
915	250.6949	253	4755.9956	4760.0576
916	249.9659	254	4796.7190	4799.2385
917	250.3200	247	4698.1006	4700.7123
918	250.8191	248	4501.5997	4503.1307
919	250.2574	253	4639.3330	4641.4019
920	250.2783	256	4696.7096	4700.5060
921	249.6118	255	4736.7277	4739.9211
922	250.3616	252	4697.0472	4700.4984
923	250.6322	251	4718.2607	4720.4552
924	250.5903	251	4621.3098	4621.7056
925	249.8200	255	4757.0721	4759.9927
926	250.3827	253	4778.5941	4779.5271
927	250.2366	253	4678.0710	4680.8074
928	250.1738	248	4598.4893	4601.7200
929	250.8406	253	4697.8214	4700.9599
930	250.3405	257	4638.9524	4641.0578
931	250.1324	254	4695.5890	4700.2586
932	250.2365	255	4717.5299	4720.4432
933	250.0280	251	4599.9521	4601.6471
934	250.1743	255	4816.6953	4819.2149
935	250.2779	251	4656.2759	4661.0202
936	250.6946	247	4677.1806	4680.8317
937	250.1739	252	4597.9426	4601.8653
938	250.8616	258	4838.3341	4839.0505
939	250.6322	252	4735.3506	4740.1261
940	250.6115	260	4754.9936	4759.7700
941	250.4033	253	4755.5666	4759.6617
942	250.3193	247	4480.9356	4483.0522
943	250.6945	250	4599.1400	4601.9240
944	250.6738	259	4698.6593	4700.2754
945	250.1947	251	4618.1071	4621.6505
946	250.6947	252	4698.6346	4700.6803
947	250.9652	247	4599.4394	4601.7163
948	250.3824	249	4678.0018	4680.5471
949	250.4032	257	4700.9592	4700.7423
950	250.4448	253	4696.2947	4700.3716
951	251.3611	256	4697.7655	4700.7678
952	250.5067	248	4540.8772	4541.9891
953	250.1739	252	4656.7415	4661.4358
954	250.5699	254	4797.3254	4799.0426
955	250.7362	250	4657.3804	4661.2376
956	250.4861	253	4519.5342	4523.0626
957	250.7991	252	4740.5242	4739.8215
958	250.1110	252	4539.9857	4542.8350
959	250.1322	253	4640.8630	4641.2912
960	250.4033	253	4696.3982	4700.8192
961	250.4864	255	4714.9560	4720.3571
962	250.7155	256	4717.9547	4720.9264
963	250.7571	254	4739.3119	4740.0913
964	250.7153	256	4658.5959	4661.2423
965	251.4444	252	4638.1347	4641.4454
966	250.4031	253	4697.4050	4700.6295
967	250.3823	251	4716.7152	4720.2955
968	250.0697	254	4677.7697	4681.1963
969	250.4865	253	4758.3065	4760.0321
970	250.3824	248	4661.2901	4660.8593
971	250.2569	254	4622.9953	4621.3176
972	250.1742	251	4696.3702	4700.7769
973	250.5699	255	4757.2675	4759.8163
974	250.1743	253	4777.5944	4779.4312
975	251.2153	251	4637.0510	4641.3784
976	250.4241	250	4757.2808	4759.9050
977	250.1322	252	4679.5844	4680.6971
978	250.4030	246	4619.7040	4621.8564
979	250.2158	253	4717.1408	4721.0690
980	250.0490	251	4679.4276	4680.3119
981	250.2987	250	4540.0198	4542.6927
982	250.2988	254	4601.5827	4601.4410
983	250.4865	251	4719.0960	4719.8275
984	250.8199	256	4835.7591	4838.9398
985	250.4653	253	4558.9368	4561.8947
986	251.5484	251	4637.1872	4641.2292
987	250.4654	249	4619.5202	4621.1363
988	250.0071	248	4598.9018	4601.8312
989	250.8823	251	4776.9463	4779.8198
990	249.5492	252	4677.8442	4680.7466
991	250.0697	253	4677.4578	4680.7692
992	250.0697	254	4637.2267	4641.3444
993	250.1737	251	4598.7812	4602.0419
994	251.3401	253	4659.8713	4661.0602
995	249.8404	250	4596.5045	4601.4898
996	250.4654	249	4618.7294	4621.7352
997	250.7987	252	4642.8812	4640.9913
998	250.6534	253	4815.2835	4818.3500
999	251.4650	257	4619.1233	4621.6081
1000	250.2368	255	4698.0559	4700.7578
1001	250.4446	251	4677.0123	4680.9878
